2 0.131511 0.833119 0.260979 0.332862
2 0.506539 0.169419 0.256412 0.329469
2 0.690714 0.82804 0.25665 0.328777
2 0.202241 0.118906 0.255006 0.237813
2 0.450186 0.893887 0.287781 0.212128
2 0.309154 0.354428 0.241264 0.392887
2 0.705134 0.16486 0.205017 0.326976
2 0.562689 0.406763 0.267263 0.493746
2 0.805034 0.394498 0.222252 0.28558
2 0.826464 0.60891 0.258875 0.392637
2 0.348803 0.704652 0.25964 0.421141
2 0.905717 0.86061 0.188034 0.278781
2 0.0620303 0.297297 0.124061 0.316691
2 0.124804 0.550629 0.249608 0.29907
2 0.721372 0.973567 0.169254 0.0517014
2 0.388768 0.0990777 0.201234 0.196967
2 0.894353 0.183 0.210532 0.336559
