2 0.538915 0.156176 0.103112 0.165015
2 0.932918 0.923377 0.133142 0.151511
2 0.543393 0.0487544 0.106683 0.0975088
2 0.637152 0.728912 0.136842 0.211078
2 0.779977 0.310546 0.116575 0.167194
2 0.70505 0.589994 0.120592 0.174654
2 0.695712 0.434532 0.117891 0.1619
2 0.67299 0.304037 0.0964127 0.137915
2 0.741761 0.190656 0.107853 0.16286
2 0.781313 0.908688 0.148449 0.181702
2 0.916435 0.771948 0.136561 0.18505
2 0.927519 0.425438 0.11729 0.17074
2 0.650045 0.0615719 0.109247 0.123144
2 0.635138 0.185481 0.104655 0.159817
2 0.850358 0.173685 0.115512 0.159232
2 0.543158 0.757068 0.114344 0.211605
2 0.631903 0.913046 0.145128 0.173299
2 0.565517 0.28679 0.119075 0.1489
2 0.813354 0.447871 0.117514 0.153504
2 0.582892 0.578064 0.126979 0.162424
2 0.575718 0.430251 0.1226 0.155971
2 0.886589 0.299049 0.110839 0.161081
2 0.87288 0.056685 0.112669 0.113241
2 0.761876 0.0652947 0.111981 0.130346
2 0.781557 0.72005 0.145951 0.200105
2 0.826152 0.600467 0.121254 0.168875
2 0.952013 0.155476 0.0947693 0.16132
2 0.970457 0.285142 0.0582026 0.166357
2 0.928682 0.584116 0.0925858 0.165951
2 0.980025 0.585475 0.0395317 0.189118
2 0.963335 0.0433668 0.0721489 0.0867336
2 0.54173 0.925575 0.0696854 0.148239
2 0.959496 0.747926 0.079825 0.192739
2 0.522405 0.564917 0.0465771 0.156363
2 0.991765 0.425947 0.0156872 0.128762
2 0.786108 0.993685 0.0663634 0.0120045
0 0.180343 0.60524 0.080914 0.379001
2 0.518476 0.4185 0.0376787 0.133921
0 0.23561 0.639185 0.105914 0.369977
2 0.85982 0.931217 0.0353628 0.1349
0 0.104884 0.621364 0.0917823 0.374883
