0 0.518003 0.664605 0.890812 0.335499
0 0.332804 0.360214 0.665609 0.293937
0 0.206313 0.0892521 0.412082 0.178499
0 0.286461 0.309076 0.568849 0.230774
0 0.280649 0.240457 0.556532 0.357157
0 0.333932 0.427401 0.667865 0.401156
0 0.490856 0.604096 0.968986 0.468425
0 0.378574 0.480112 0.757148 0.2885
0 0.237249 0.187202 0.473391 0.260484
0 0.455711 0.58908 0.901242 0.327254
0 0.226336 0.147113 0.452672 0.214124
0 0.390697 0.532888 0.77847 0.400843
0 0.50085 0.445333 0.479103 0.207681
0 0.585743 0.522653 0.491797 0.184915
0 0.463058 0.560533 0.742567 0.260947
