1 0.330115 0.816072 0.15302 0.256837
1 0.0486313 0.773576 0.0968267 0.275934
1 0.311601 0.605935 0.171064 0.238305
1 0.177214 0.740917 0.169446 0.310512
0 0.598073 0.632025 0.0777866 0.205647
1 0.119106 0.631472 0.14435 0.193504
2 0.770522 0.48363 0.158644 0.288141
0 0.462232 0.668023 0.0704166 0.255033
2 0.698435 0.150876 0.167111 0.194092
2 0.914027 0.351204 0.16473 0.182829
2 0.719374 0.299652 0.145374 0.147682
2 0.831476 0.235536 0.165533 0.202935
0 0.525089 0.689445 0.0782989 0.30669
2 0.924452 0.470952 0.149838 0.322445
0 0.402854 0.688677 0.0932865 0.370722
0 0.643701 0.68844 0.0626873 0.278638
0 0.419326 0.716421 0.0625569 0.31595
