0 0.398949 0.188088 0.134793 0.37569
0 0.564107 0.206401 0.196994 0.412801
0 0.323776 0.721939 0.126541 0.554619
0 0.735409 0.618481 0.153864 0.752957
0 0.56588 0.566863 0.0805433 0.466439
0 0.275832 0.103374 0.0911304 0.204557
0 0.607347 0.77081 0.11673 0.457846
0 0.152829 0.349609 0.128072 0.699219
0 0.635137 0.293343 0.110829 0.521142
0 0.501623 0.623896 0.108794 0.639717
0 0.562719 0.64188 0.0834628 0.625291
0 0.423433 0.657381 0.0832726 0.576018
0 0.25936 0.242299 0.098938 0.484599
0 0.479434 0.0346598 0.0454002 0.0690411
0 0.472956 0.963855 0.173771 0.070595
