1 0.534547 0.814101 0.154127 0.254947
1 0.378659 0.738659 0.169203 0.310025
1 0.5068 0.607296 0.17315 0.242653
1 0.314528 0.624226 0.144001 0.184582
1 0.217991 0.76993 0.168472 0.27789
2 0.937705 0.471594 0.123426 0.262714
0 0.652861 0.669344 0.0745913 0.260679
0 0.787728 0.629402 0.0898013 0.200772
2 0.864695 0.149662 0.165687 0.191063
0 0.716832 0.689386 0.0736164 0.306638
2 0.894221 0.301403 0.144567 0.148946
0 0.833896 0.684188 0.0568249 0.276437
0 0.594924 0.686807 0.106379 0.372873
2 0.959728 0.239839 0.0797176 0.179593
0 0.617121 0.71601 0.0651298 0.31913
