1 0.514329 0.814071 0.154188 0.254644
1 0.295469 0.625737 0.143382 0.188182
1 0.48859 0.606629 0.173222 0.242192
0 0.634222 0.665639 0.0753288 0.26155
1 0.359366 0.737858 0.169691 0.308578
0 0.76786 0.629156 0.0885012 0.202686
1 0.197766 0.76862 0.169577 0.276477
2 0.848108 0.149647 0.164983 0.192614
2 0.928706 0.477629 0.141553 0.27808
0 0.698197 0.686651 0.0732384 0.308204
2 0.876955 0.299956 0.144493 0.147703
0 0.813595 0.68453 0.055673 0.274258
0 0.598652 0.71626 0.062546 0.312977
2 0.951376 0.242963 0.0963486 0.214668
0 0.576522 0.684049 0.103962 0.373872
