2 0.316132 0.917086 0.0990267 0.163363
2 0.434094 0.372306 0.128495 0.241889
2 0.605495 0.32814 0.15061 0.269269
2 0.475085 0.82059 0.146617 0.264452
2 0.677385 0.0483213 0.123622 0.0957978
2 0.862064 0.0456624 0.11233 0.0907862
2 0.532945 0.251476 0.128655 0.246462
2 0.607387 0.848579 0.131188 0.251705
2 0.344263 0.677405 0.0653989 0.16258
2 0.438779 0.142823 0.118061 0.229397
2 0.728821 0.484154 0.128694 0.253813
2 0.475373 0.950322 0.153468 0.0982702
2 0.503137 0.562645 0.126846 0.246788
2 0.642229 0.589286 0.171681 0.309299
2 0.80357 0.0918807 0.142447 0.182489
2 0.417388 0.574884 0.0741545 0.181737
2 0.364763 0.504833 0.0853033 0.163005
2 0.391431 0.765084 0.108701 0.226983
2 0.373921 0.21656 0.0532085 0.113065
2 0.373058 0.363298 0.0767774 0.229082
2 0.119056 0.9859 0.0391883 0.0270531
2 0.378425 0.882672 0.0857826 0.0912991
2 0.390359 0.627073 0.0331263 0.058338
2 0.589792 0.980276 0.0751994 0.0388798
2 0.704195 0.323254 0.0730274 0.123563
