2 0.650728 0.822114 0.192284 0.355773
2 0.590686 0.14016 0.220937 0.278295
2 0.472324 0.467081 0.168093 0.348435
2 0.46018 0.821476 0.208876 0.357049
2 0.674574 0.420605 0.259824 0.465096
2 0.356246 0.0515397 0.122182 0.102969
2 0.789548 0.256796 0.159403 0.336362
2 0.312033 0.50565 0.0941822 0.195761
2 0.376173 0.244771 0.175741 0.333302
2 0.458681 0.116447 0.0968658 0.230166
2 0.395318 0.557328 0.109531 0.249512
2 0.278228 0.981951 0.0731138 0.0351219
2 0.738048 0.0908761 0.109805 0.181637
2 0.350305 0.821326 0.12832 0.326701
2 0.320977 0.319125 0.120308 0.252786
2 0.358374 0.974713 0.108961 0.049942
2 0.551124 0.984272 0.0420915 0.0308193
2 0.305817 0.303212 0.0890759 0.217188
