1 0.606289 0.512628 0.299957 0.467082
1 0.108071 0.876403 0.170847 0.246757
1 0.802166 0.653828 0.195435 0.315571
1 0.335711 0.578474 0.104797 0.213611
1 0.158493 0.403284 0.174605 0.337016
1 0.129444 0.652044 0.144144 0.203961
1 0.283213 0.099074 0.153522 0.197781
1 0.581849 0.0771482 0.244014 0.153933
1 0.734295 0.890823 0.199073 0.217766
1 0.138691 0.119547 0.144091 0.236277
1 0.492094 0.837358 0.205749 0.323935
1 0.42618 0.174801 0.164011 0.30894
1 0.766105 0.138429 0.187021 0.275561
1 0.910605 0.933524 0.177692 0.131945
1 0.419248 0.645152 0.107401 0.227145
1 0.0335166 0.40585 0.0667173 0.268273
1 0.931167 0.70597 0.137666 0.374611
1 0.353448 0.39254 0.161728 0.216406
1 0.28002 0.683017 0.20756 0.342261
1 0.0447337 0.625761 0.0893605 0.188999
1 0.905539 0.377139 0.126604 0.291698
1 0.0224592 0.172397 0.0445296 0.194392
1 0.424178 0.965991 0.167591 0.0674618
1 0.58525 0.25276 0.162173 0.194852
1 0.975963 0.317678 0.0474936 0.227303
1 0.277074 0.92604 0.157911 0.146894
1 0.895419 0.134181 0.160197 0.266262
1 0.962383 0.100101 0.0743559 0.199377
1 0.0543205 0.0531318 0.107913 0.105786
1 0.792048 0.391102 0.11454 0.231366
1 0.0737125 0.276494 0.0903014 0.153914
1 0.00677512 0.810592 0.0135502 0.147373
1 0.397283 0.0192486 0.0727136 0.0381301
