1 0.33143 0.832058 0.253695 0.33468
1 0.307959 0.493063 0.239598 0.370501
1 0.570831 0.845346 0.237883 0.307814
1 0.78524 0.770827 0.174087 0.380316
1 0.690938 0.476525 0.186023 0.332696
1 0.484388 0.58521 0.219218 0.345277
1 0.633071 0.115439 0.19262 0.2299
1 0.823511 0.200234 0.214723 0.351342
1 0.511024 0.248835 0.267414 0.357955
1 0.114898 0.500899 0.155251 0.328736
1 0.868941 0.496395 0.188263 0.287005
1 0.173947 0.221081 0.223806 0.439372
1 0.0895912 0.800197 0.179182 0.297594
1 0.923667 0.741634 0.132752 0.277242
1 0.308081 0.155617 0.151402 0.309997
1 0.928332 0.947751 0.141547 0.104083
1 0.0234139 0.495827 0.0458546 0.292551
1 0.0381227 0.0510334 0.0758802 0.100989
1 0.434224 0.0348642 0.145307 0.0692976
1 0.971931 0.0737865 0.0553143 0.147197
1 0.96376 0.88095 0.0717247 0.176262
1 0.0471208 0.971094 0.0942415 0.0571861
1 0.931534 0.182998 0.115474 0.351098
1 0.671491 0.964205 0.10005 0.0705547
1 0.965118 0.352967 0.0690121 0.259204
