2 0.6669921875 0.47569444375 0.6708984375 0.47222222187499996 0.681640625 0.453125 0.6875 0.42881944375 0.6875 0.41840277812500004 0.68359375 0.39756944375000003 0.6767578125 0.3854166671875 0.6708984375 0.37847222187499996 0.6552734375 0.375 0.6416015625 0.3854166671875 0.63671875 0.39409722187499996 0.6328125 0.4045138890625 0.630859375 0.4322916671875 0.6328125 0.44618055625 0.6435546875 0.46527777812500004 0.66015625 0.4739583328125 0.6669921875 0.47569444375
2 0.7177734375 0.44444444375 0.7255859375 0.4375 0.73828125 0.4045138890625 0.736328125 0.3697916671875 0.7216796875 0.34375 0.6982421875 0.34722222187499996 0.685546875 0.36631944375000003 0.68359375 0.3767361109375 0.68359375 0.4010416671875 0.6875 0.421875 0.7001953125 0.44097222187499996 0.705078125 0.4427083328125 0.7177734375 0.44444444375
2 0.7275390625 0.3333333328125 0.7314453125 0.3298611109375 0.744140625 0.3107638890625 0.75 0.2864583328125 0.744140625 0.2552083328125 0.7353515625 0.23958333281250002 0.7216796875 0.22916666718749998 0.7041015625 0.23611111093749998 0.6953125 0.2517361109375 0.689453125 0.2795138890625 0.697265625 0.3177083328125 0.7109375 0.33159722187499996 0.7275390625 0.3333333328125
2 0.6767578125 0.38194444375000003 0.685546875 0.3697916671875 0.6953125 0.3489583328125 0.6953125 0.33159722187499996 0.69140625 0.3142361109375 0.6806640625 0.2951388890625 0.6767578125 0.2916666671875 0.6572265625 0.2916666671875 0.642578125 0.3142361109375 0.640625 0.3454861109375 0.64453125 0.36284722187499996 0.6513671875 0.375 0.6630859375 0.375 0.671875 0.3802083328125 0.6767578125 0.38194444375000003
2 0.6220703125 0.4548611109375 0.6328125 0.4427083328125 0.630859375 0.41840277812500004 0.6328125 0.4045138890625 0.638671875 0.390625 0.6298828125 0.37152777812500004 0.6220703125 0.3645833328125 0.6044921875 0.3645833328125 0.591796875 0.38368055624999997 0.587890625 0.4010416671875 0.587890625 0.41840277812500004 0.5947265625 0.44097222187499996 0.6171875 0.453125 0.6220703125 0.4548611109375
2 0.8876953125 0.9201388890625 0.9091796875 0.90625 0.927734375 0.8732638890625 0.939453125 0.831597221875 0.939453125 0.7829861109375 0.93359375 0.7552083328125 0.9130859375 0.715277778125 0.8896484375 0.6944444437499999 0.8681640625 0.6944444437499999 0.8603515625 0.7013888890625 0.8544921875 0.6979166671875 0.8525390625 0.7048611109375 0.8408203125 0.715277778125 0.8271484375 0.7083333328125 0.830078125 0.7239583328125 0.822265625 0.737847221875 0.8203125 0.7482638890625 0.822265625 0.7552083328125 0.818359375 0.7552083328125 0.81640625 0.7725694437499999 0.8125 0.7829861109375 0.818359375 0.7899305562500001 0.818359375 0.800347221875 0.8125 0.8177083328125001 0.8349609375 0.8333333328125001 0.84765625 0.855902778125 0.857421875 0.890625 0.857421875 0.918402778125 0.859375 0.921875 0.8876953125 0.9201388890625
2 0.8251953125 1 0.8310546875 0.996527778125 0.84375 0.9739583328125001 0.853515625 0.9461805562500001 0.85546875 0.9322916671874999 0.857421875 0.894097221875 0.845703125 0.8524305562500001 0.8271484375 0.8263888890625 0.8115234375 0.8229166671874999 0.7841796875 0.8055555562500001 0.7626953125 0.8055555562500001 0.7412109375 0.7951388890625 0.7275390625 0.8055555562500001 0.71484375 0.831597221875 0.708984375 0.855902778125 0.708984375 0.9114583328125001 0.71875 0.953125 0.724609375 0.9670138890625 0.7373046875 0.9895833328125001 0.75 0.9982638890625 0.8251953125 1
2 0.6923828125 0.7430555562500001 0.6943359375 0.7326388890625 0.6982421875 0.7326388890625 0.705078125 0.7204861109375 0.705078125 0.699652778125 0.6982421875 0.6805555562500001 0.6943359375 0.6805555562500001 0.689453125 0.6892361109375 0.68359375 0.7135416671875 0.68359375 0.734375 0.6875 0.7413194437499999 0.6923828125 0.7430555562500001
2 0.7099609375 0.84375 0.7255859375 0.809027778125 0.7392578125 0.7951388890625 0.7431640625 0.7951388890625 0.74609375 0.7899305562500001 0.7470703125 0.7708333328125 0.75 0.7725694437499999 0.748046875 0.7829861109375 0.7548828125 0.7951388890625 0.7744140625 0.7986111109375 0.7763671875 0.7951388890625 0.7841796875 0.8055555562500001 0.8076171875 0.815972221875 0.82421875 0.793402778125 0.82421875 0.7864583328125 0.8359375 0.765625 0.8310546875 0.7604166671875 0.8232421875 0.777777778125 0.8037109375 0.777777778125 0.80078125 0.7725694437499999 0.8193359375 0.7708333328125 0.82421875 0.762152778125 0.82421875 0.7517361109375 0.81640625 0.7517361109375 0.8125 0.7100694437499999 0.806640625 0.706597221875 0.810546875 0.6927083328125 0.8056640625 0.6805555562500001 0.7880859375 0.6944444437499999 0.783203125 0.6927083328125 0.794921875 0.6788194437499999 0.794921875 0.671875 0.7861328125 0.652777778125 0.7646484375 0.6388888890625 0.7431640625 0.6388888890625 0.7236328125 0.6458333328125 0.7109375 0.6579861109375 0.720703125 0.6927083328125 0.72265625 0.7204861109375 0.720703125 0.730902778125 0.7119140625 0.746527778125 0.697265625 0.7586805562500001 0.703125 0.769097221875 0.703125 0.7795138890625 0.70703125 0.7864583328125 0.70703125 0.793402778125 0.6962890625 0.8055555562500001 0.693359375 0.8142361109375 0.705078125 0.8420138890625 0.7099609375 0.84375
2 0.5478515625 0.8923611109375 0.5595703125 0.8854166671874999 0.572265625 0.8663194437499999 0.576171875 0.8454861109375 0.576171875 0.831597221875 0.568359375 0.800347221875 0.5576171875 0.784722221875 0.5478515625 0.777777778125 0.5400390625 0.777777778125 0.5263671875 0.7881944437499999 0.517578125 0.8038194437499999 0.51171875 0.8385416671874999 0.517578125 0.8697916671874999 0.5283203125 0.8854166671874999 0.537109375 0.890625 0.5478515625 0.8923611109375
2 0.5087890625 0.972222221875 0.5166015625 0.965277778125 0.525390625 0.953125 0.53125 0.9322916671874999 0.53125 0.9010416671874999 0.52734375 0.887152778125 0.5146484375 0.8680555562500001 0.4970703125 0.8645833328125001 0.4892578125 0.8680555562500001 0.47265625 0.8975694437499999 0.470703125 0.9322916671874999 0.47265625 0.9427083328125001 0.4814453125 0.9618055562500001 0.490234375 0.9704861109375 0.5087890625 0.972222221875
2 0.4462890625 0.8680555562500001 0.4619140625 0.8576388890625 0.47265625 0.8350694437499999 0.474609375 0.800347221875 0.46875 0.7795138890625 0.4580078125 0.7638888890625 0.4365234375 0.7604166671875 0.4287109375 0.7673611109375 0.419921875 0.7829861109375 0.416015625 0.796875 0.4140625 0.828125 0.41796875 0.8420138890625 0.4287109375 0.8611111109375 0.4375 0.8663194437499999 0.4462890625 0.8680555562500001
2 0.4970703125 0.809027778125 0.5078125 0.796875 0.5048828125 0.7881944437499999 0.4990234375 0.7916666671875 0.498046875 0.7829861109375 0.50390625 0.7552083328125 0.515625 0.7413194437499999 0.513671875 0.730902778125 0.5068359375 0.71875 0.5009765625 0.7118055562500001 0.4892578125 0.7083333328125 0.4716796875 0.71875 0.46484375 0.730902778125 0.458984375 0.7517361109375 0.458984375 0.765625 0.4755859375 0.7986111109375 0.490234375 0.8072916671874999 0.4970703125 0.809027778125
2 0.4228515625 0.777777778125 0.4287109375 0.7673611109375 0.4404296875 0.7604166671875 0.447265625 0.737847221875 0.447265625 0.703125 0.44140625 0.6822916671875 0.4267578125 0.6666666671875 0.4130859375 0.6666666671875 0.4033203125 0.6736111109375 0.390625 0.6961805562500001 0.388671875 0.706597221875 0.388671875 0.7274305562500001 0.392578125 0.7482638890625 0.4072265625 0.7708333328125 0.41796875 0.7760416671875 0.4228515625 0.777777778125
2 0.3896484375 0.875 0.3994140625 0.8645833328125001 0.408203125 0.8385416671874999 0.40625 0.800347221875 0.3994140625 0.784722221875 0.3876953125 0.7743055562500001 0.3740234375 0.7743055562500001 0.3642578125 0.78125 0.357421875 0.793402778125 0.3515625 0.8142361109375 0.3515625 0.8420138890625 0.357421875 0.862847221875 0.3642578125 0.871527778125 0.376953125 0.8767361109375 0.3896484375 0.875
2 0.3349609375 0.8229166671874999 0.3486328125 0.8125 0.359375 0.7864583328125 0.357421875 0.7482638890625 0.3505859375 0.7326388890625 0.3408203125 0.722222221875 0.3154296875 0.7256944437499999 0.3046875 0.7447916671875 0.302734375 0.7552083328125 0.30078125 0.7725694437499999 0.302734375 0.7899305562500001 0.3134765625 0.8125 0.32421875 0.8211805562500001 0.3349609375 0.8229166671874999
2 0.3701171875 0.7395833328125 0.3798828125 0.7326388890625 0.38671875 0.7204861109375 0.392578125 0.6927083328125 0.38671875 0.6545138890625 0.3720703125 0.6354166671875 0.3544921875 0.6354166671875 0.3505859375 0.6388888890625 0.337890625 0.6579861109375 0.333984375 0.671875 0.333984375 0.703125 0.33984375 0.7204861109375 0.3525390625 0.7361111109375 0.359375 0.737847221875 0.3701171875 0.7395833328125
0 0.2626953125 1 0.2685546875 0.996527778125 0.275390625 0.9739583328125001 0.27734375 0.9149305562500001 0.275390625 0.9114583328125001 0.275390625 0.8802083328125001 0.2734375 0.8767361109375 0.271484375 0.765625 0.265625 0.7239583328125 0.265625 0.703125 0.259765625 0.671875 0.2353515625 0.6736111109375 0.2275390625 0.6631944437499999 0.2158203125 0.659722221875 0.2060546875 0.6423611109375 0.203125 0.6475694437499999 0.203125 0.6857638890625 0.19921875 0.706597221875 0.19921875 0.7413194437499999 0.20703125 0.8072916671874999 0.208984375 0.9392361109375 0.21875 0.984375 0.2255859375 0.996527778125 0.236328125 0.9982638890625 0.2626953125 1
0 0.341071428125 1 0.35357142812500003 0.9952380953125 0.359821428125 0.9730158734375 0.36339285625 0.9269841265625001 0.3580357140625 0.8825396828125 0.347321428125 0.834920634375 0.347321428125 0.809523809375 0.3419642859375 0.8269841265625001 0.33125 0.828571428125 0.3205357140625 0.8222222218749999 0.309821428125 0.8015873015625001 0.3017857140625 0.7873015875 0.30267857187499997 0.7682539671875 0.309821428125 0.7396825406249999 0.3044642859375 0.7333333328125 0.2919642859375 0.71904761875 0.284821428125 0.703174603125 0.2794642859375 0.6682539671875001 0.275 0.665079365625 0.26964285625 0.674603175 0.27232142812500004 0.7460317453124999 0.27678571406249997 0.8111111109375001 0.283928571875 0.8492063484375001 0.2892857140625 0.90634920625 0.296428571875 0.9460317453125 0.30535714375 0.996825396875 0.3125 1 0.341071428125 1