2 0.3671875 0.4045138890625 0.36328125 0.39409722187499996 0.3583984375 0.3854166671875 0.3447265625 0.375 0.3291015625 0.37847222187499996 0.3232421875 0.3854166671875 0.31640625 0.39756944375000003 0.3125 0.41840277812500004 0.3125 0.42881944375 0.318359375 0.453125 0.3291015625 0.47222222187499996 0.3330078125 0.47569444375 0.33984375 0.4739583328125 0.3564453125 0.46527777812500004 0.3671875 0.44618055625 0.369140625 0.4322916671875 0.3671875 0.4045138890625
2 0.31640625 0.3767361109375 0.314453125 0.36631944375000003 0.3017578125 0.34722222187499996 0.2783203125 0.34375 0.263671875 0.3697916671875 0.26171875 0.4045138890625 0.2744140625 0.4375 0.2822265625 0.44444444375 0.294921875 0.4427083328125 0.2998046875 0.44097222187499996 0.3125 0.421875 0.31640625 0.4010416671875 0.31640625 0.3767361109375
2 0.2958984375 0.23611111093749998 0.2783203125 0.22916666718749998 0.2646484375 0.23958333281250002 0.255859375 0.2552083328125 0.25 0.2864583328125 0.255859375 0.3107638890625 0.2685546875 0.3298611109375 0.2724609375 0.3333333328125 0.2890625 0.33159722187499996 0.302734375 0.3177083328125 0.310546875 0.2795138890625 0.3046875 0.2517361109375 0.2958984375 0.23611111093749998
2 0.359375 0.3454861109375 0.357421875 0.3142361109375 0.3427734375 0.2916666671875 0.3232421875 0.2916666671875 0.3193359375 0.2951388890625 0.30859375 0.3142361109375 0.3046875 0.33159722187499996 0.3046875 0.3489583328125 0.314453125 0.3697916671875 0.3232421875 0.38194444375000003 0.328125 0.3802083328125 0.3369140625 0.375 0.3486328125 0.375 0.35546875 0.36284722187499996 0.359375 0.3454861109375
2 0.408203125 0.38368055624999997 0.3955078125 0.3645833328125 0.3779296875 0.3645833328125 0.3701171875 0.37152777812500004 0.361328125 0.390625 0.3671875 0.4045138890625 0.369140625 0.41840277812500004 0.3671875 0.4427083328125 0.3779296875 0.4548611109375 0.3828125 0.453125 0.4052734375 0.44097222187499996 0.412109375 0.41840277812500004 0.412109375 0.4010416671875 0.408203125 0.38368055624999997
2 0.1650390625 0.8333333328125001 0.1875 0.8177083328125001 0.181640625 0.800347221875 0.181640625 0.7899305562500001 0.1875 0.7829861109375 0.18359375 0.7725694437499999 0.181640625 0.7552083328125 0.177734375 0.7552083328125 0.1796875 0.7482638890625 0.177734375 0.737847221875 0.169921875 0.7239583328125 0.1728515625 0.7083333328125 0.1591796875 0.715277778125 0.1474609375 0.7048611109375 0.1455078125 0.6979166671875 0.1396484375 0.7013888890625 0.1318359375 0.6944444437499999 0.1103515625 0.6944444437499999 0.0869140625 0.715277778125 0.06640625 0.7552083328125 0.060546875 0.7829861109375 0.060546875 0.831597221875 0.072265625 0.8732638890625 0.0908203125 0.90625 0.1123046875 0.9201388890625 0.140625 0.921875 0.142578125 0.918402778125 0.142578125 0.890625 0.15234375 0.855902778125 0.1650390625 0.8333333328125001
2 0.291015625 0.9114583328125001 0.291015625 0.855902778125 0.28515625 0.831597221875 0.2724609375 0.8055555562500001 0.2587890625 0.7951388890625 0.2373046875 0.8055555562500001 0.2158203125 0.8055555562500001 0.1884765625 0.8229166671874999 0.1728515625 0.8263888890625 0.154296875 0.8524305562500001 0.142578125 0.894097221875 0.14453125 0.9322916671874999 0.146484375 0.9461805562500001 0.15625 0.9739583328125001 0.1689453125 0.996527778125 0.1748046875 1 0.25 0.9982638890625 0.2626953125 0.9895833328125001 0.275390625 0.9670138890625 0.28125 0.953125 0.291015625 0.9114583328125001
2 0.3056640625 0.6805555562500001 0.3017578125 0.6805555562500001 0.294921875 0.699652778125 0.294921875 0.7204861109375 0.3017578125 0.7326388890625 0.3056640625 0.7326388890625 0.3076171875 0.7430555562500001 0.3125 0.7413194437499999 0.31640625 0.734375 0.31640625 0.7135416671875 0.310546875 0.6892361109375 0.3056640625 0.6805555562500001
2 0.29296875 0.7864583328125 0.296875 0.7795138890625 0.296875 0.769097221875 0.302734375 0.7586805562500001 0.2880859375 0.746527778125 0.279296875 0.730902778125 0.27734375 0.7204861109375 0.279296875 0.6927083328125 0.2890625 0.6579861109375 0.2763671875 0.6458333328125 0.2568359375 0.6388888890625 0.2353515625 0.6388888890625 0.2138671875 0.652777778125 0.205078125 0.671875 0.205078125 0.6788194437499999 0.216796875 0.6927083328125 0.2119140625 0.6944444437499999 0.1943359375 0.6805555562500001 0.189453125 0.6927083328125 0.193359375 0.706597221875 0.1875 0.7100694437499999 0.18359375 0.7517361109375 0.17578125 0.7517361109375 0.17578125 0.762152778125 0.1806640625 0.7708333328125 0.19921875 0.7725694437499999 0.1962890625 0.777777778125 0.1767578125 0.777777778125 0.1689453125 0.7604166671875 0.1640625 0.765625 0.17578125 0.7864583328125 0.17578125 0.793402778125 0.1923828125 0.815972221875 0.2158203125 0.8055555562500001 0.2236328125 0.7951388890625 0.2255859375 0.7986111109375 0.2451171875 0.7951388890625 0.251953125 0.7829861109375 0.25 0.7725694437499999 0.2529296875 0.7708333328125 0.25390625 0.7899305562500001 0.2568359375 0.7951388890625 0.2607421875 0.7951388890625 0.2744140625 0.809027778125 0.2900390625 0.84375 0.294921875 0.8420138890625 0.306640625 0.8142361109375 0.3037109375 0.8055555562500001 0.29296875 0.793402778125 0.29296875 0.7864583328125
2 0.482421875 0.8038194437499999 0.4736328125 0.7881944437499999 0.4599609375 0.777777778125 0.4521484375 0.777777778125 0.4423828125 0.784722221875 0.431640625 0.800347221875 0.423828125 0.831597221875 0.423828125 0.8454861109375 0.427734375 0.8663194437499999 0.4404296875 0.8854166671874999 0.4521484375 0.8923611109375 0.462890625 0.890625 0.4716796875 0.8854166671874999 0.482421875 0.8697916671874999 0.48828125 0.8385416671874999 0.482421875 0.8038194437499999
2 0.52734375 0.8975694437499999 0.5107421875 0.8680555562500001 0.5029296875 0.8645833328125001 0.4853515625 0.8680555562500001 0.47265625 0.887152778125 0.46875 0.9010416671874999 0.46875 0.9322916671874999 0.474609375 0.953125 0.4833984375 0.965277778125 0.4912109375 0.972222221875 0.509765625 0.9704861109375 0.5185546875 0.9618055562500001 0.52734375 0.9427083328125001 0.529296875 0.9322916671874999 0.52734375 0.8975694437499999
2 0.583984375 0.796875 0.580078125 0.7829861109375 0.5712890625 0.7673611109375 0.5634765625 0.7604166671875 0.5419921875 0.7638888890625 0.53125 0.7795138890625 0.525390625 0.800347221875 0.52734375 0.8350694437499999 0.5380859375 0.8576388890625 0.5537109375 0.8680555562500001 0.5625 0.8663194437499999 0.5712890625 0.8611111109375 0.58203125 0.8420138890625 0.5859375 0.828125 0.583984375 0.796875
2 0.53515625 0.730902778125 0.5283203125 0.71875 0.5107421875 0.7083333328125 0.4990234375 0.7118055562500001 0.4931640625 0.71875 0.486328125 0.730902778125 0.484375 0.7413194437499999 0.49609375 0.7552083328125 0.501953125 0.7829861109375 0.5009765625 0.7916666671875 0.4951171875 0.7881944437499999 0.4921875 0.796875 0.5029296875 0.809027778125 0.509765625 0.8072916671874999 0.5244140625 0.7986111109375 0.541015625 0.765625 0.541015625 0.7517361109375 0.53515625 0.730902778125
2 0.611328125 0.706597221875 0.609375 0.6961805562500001 0.5966796875 0.6736111109375 0.5869140625 0.6666666671875 0.5732421875 0.6666666671875 0.55859375 0.6822916671875 0.552734375 0.703125 0.552734375 0.737847221875 0.5595703125 0.7604166671875 0.5712890625 0.7673611109375 0.5771484375 0.777777778125 0.58203125 0.7760416671875 0.5927734375 0.7708333328125 0.607421875 0.7482638890625 0.611328125 0.7274305562500001 0.611328125 0.706597221875
2 0.6484375 0.8142361109375 0.642578125 0.793402778125 0.6357421875 0.78125 0.6259765625 0.7743055562500001 0.6123046875 0.7743055562500001 0.6005859375 0.784722221875 0.59375 0.800347221875 0.591796875 0.8385416671874999 0.6005859375 0.8645833328125001 0.6103515625 0.875 0.623046875 0.8767361109375 0.6357421875 0.871527778125 0.642578125 0.862847221875 0.6484375 0.8420138890625 0.6484375 0.8142361109375
2 0.697265625 0.7552083328125 0.6953125 0.7447916671875 0.6845703125 0.7256944437499999 0.6591796875 0.722222221875 0.6494140625 0.7326388890625 0.642578125 0.7482638890625 0.640625 0.7864583328125 0.6513671875 0.8125 0.6650390625 0.8229166671874999 0.67578125 0.8211805562500001 0.6865234375 0.8125 0.697265625 0.7899305562500001 0.69921875 0.7725694437499999 0.697265625 0.7552083328125
2 0.666015625 0.671875 0.662109375 0.6579861109375 0.6494140625 0.6388888890625 0.6455078125 0.6354166671875 0.6279296875 0.6354166671875 0.61328125 0.6545138890625 0.607421875 0.6927083328125 0.61328125 0.7204861109375 0.6201171875 0.7326388890625 0.6298828125 0.7395833328125 0.640625 0.737847221875 0.6474609375 0.7361111109375 0.66015625 0.7204861109375 0.666015625 0.703125 0.666015625 0.671875
0 0.79296875 0.8072916671874999 0.80078125 0.7413194437499999 0.80078125 0.706597221875 0.796875 0.6857638890625 0.796875 0.6475694437499999 0.7939453125 0.6423611109375 0.7841796875 0.659722221875 0.7724609375 0.6631944437499999 0.7646484375 0.6736111109375 0.740234375 0.671875 0.734375 0.703125 0.734375 0.7239583328125 0.728515625 0.765625 0.7265625 0.8767361109375 0.724609375 0.8802083328125001 0.724609375 0.9114583328125001 0.72265625 0.9149305562500001 0.724609375 0.9739583328125001 0.7314453125 0.996527778125 0.7373046875 1 0.763671875 0.9982638890625 0.7744140625 0.996527778125 0.78125 0.984375 0.791015625 0.9392361109375 0.79296875 0.8072916671874999
0 0.6875 1 0.69464285625 0.996825396875 0.703571428125 0.9460317453125 0.7107142859375 0.90634920625 0.716071428125 0.8492063484375001 0.7232142859375 0.8111111109375001 0.7276785718750001 0.7460317453124999 0.7303571437499999 0.674603175 0.725 0.665079365625 0.7205357140624999 0.6682539671875001 0.715178571875 0.703174603125 0.7080357140625 0.71904761875 0.6955357140625 0.7333333328125 0.690178571875 0.7396825406249999 0.697321428125 0.7682539671875 0.6982142859375 0.7873015875 0.690178571875 0.8015873015625001 0.6794642859375 0.8222222218749999 0.66875 0.828571428125 0.6580357140624999 0.8269841265625001 0.652678571875 0.809523809375 0.652678571875 0.834920634375 0.6419642859375 0.8825396828125 0.6366071437499999 0.9269841265625001 0.640178571875 0.9730158734375 0.646428571875 0.9952380953125 0.658928571875 1 0.6875 1