0 0.623580746875 0.22271609374999998 0.5652491234375 0.265076653125 0.5477147125 0.2876850875 0.5402433859375 0.31648139375 0.5487381546875 0.3274289765625 0.5575449671875 0.3598747453125 0.5703453281249999 0.3597956703125 0.60572619375 0.3360769875 0.6707304359374999 0.2714250921875 0.7547209875 0.21240594062499998 0.8208650859375 0.154497040625 0.8458126171875 0.11959274687499999 0.8167050124999999 0.12427257968750001 0.6942842734375 0.191779171875 0.623580746875 0.22271609374999998
0 0.6798072796875 0.11736820781249999 0.5713558609375 0.1832884984375 0.5382838125 0.212242946875 0.50905979375 0.24992367343750002 0.495315203125 0.29775883125 0.5018423015625 0.3167186109375 0.5293524875 0.32504871562500004 0.5398440296875 0.319733878125 0.5449774359374999 0.29395203125 0.5718635328125 0.2592857625 0.6706221171875 0.192175340625 0.7628827078125 0.0978549171875 0.8108100984375 0.0360585296875 0.7766855046875001 0.0335193140625 0.6798072796875 0.11736820781249999
0 0.5046749875 0.17345035625 0.49372588124999994 0.198518125 0.5033314046874999 0.22445892500000003 0.5141931984375 0.224141828125 0.5476354984375 0.200185115625 0.6158054734375 0.117763571875 0.65167300625 0.06604173125 0.6724022578125 0.0174134234375 0.6471426828125 0.030819529687500003 0.5898927078125 0.0964235296875 0.5288238093750001 0.14505103125000002 0.5046749875 0.17345035625
0 0.488026596875 0.164803153125 0.49999914375000004 0.17947927187499998 0.5288238093750001 0.14505103125000002 0.5922306296875 0.0934090703125 0.6615404625 0.0177305234375 0.6316923562500001 0.012414875 0.6231393796875 0.017967739062499998 0.5149709015624999 0.11363643906250001 0.48922466093750006 0.1550457015625 0.488026596875 0.164803153125
0 0.5894690609375 0.4364279421875 0.579688915625 0.459988484375 0.5915741531250001 0.49941527187499996 0.600098025 0.5021126312499999 0.6354788921875001 0.4783939453125 0.67248628125 0.43341510312500003 0.7686240046874999 0.3395707296875 0.8099369875000001 0.28356522812499996 0.7617266546875 0.3156132109375 0.6543568875 0.40477694218750004 0.6158684921875001 0.42976483125 0.5894690609375 0.4364279421875
0 0.8442944109375 0.2201026578125 0.8268473109375 0.21796042343750002 0.793434115625 0.23366690937499998 0.6966140968750001 0.30101535625000003 0.5940365875 0.3511492765625 0.57963880625 0.3642382875 0.5729661890625 0.386529621875 0.577467409375 0.43000204843749995 0.5925765890625 0.43515874062500004 0.6139299265625 0.4295268046875 0.6932446359375 0.37653656875 0.7508357578125 0.32418053125 0.844177996875 0.2531035484375 0.8702653843749999 0.22494225 0.8808151343749999 0.20312696562500002 0.8707520499999999 0.196939096875 0.8442944109375 0.2201026578125
2 0.707438690625 0.4211991234375 0.6852284359375 0.449836475 0.6745622703125 0.5046526515624999 0.679521053125 0.5283721453125 0.693003709375 0.5547889968749999 0.7053756109375 0.5662126328125 0.7235923171875001 0.5701001234375 0.7430361921874999 0.5559799375 0.7384767640625001 0.5290079609375 0.7676716796874999 0.4995774578125 0.7692690984375 0.48656752187499996 0.767446946875 0.45332860156250004 0.7489473 0.41969270312500007 0.7198688 0.41612231250000004 0.707438690625 0.4211991234375
2 0.8393857390624999 0.292133359375 0.8258157718750001 0.2904671765625 0.8110477406250001 0.298558446875 0.79585125 0.3181524234375 0.7868407109375 0.34345821875000004 0.7855844390625 0.36971611875 0.7908843703125 0.4066835734375 0.799350034375 0.42588138124999997 0.813290253125 0.43254530156250004 0.827288678125 0.4227087765625 0.8408586453125 0.42437495937499997 0.8482717640624999 0.4120791 0.8556266765625 0.4162836890625 0.8696833093749999 0.38994671875 0.8725952078124999 0.3341784359375 0.859112553125 0.3077615828125 0.8393857390624999 0.292133359375
2 0.2001583015625 0.4018326671875 0.1748987265625 0.415238775 0.163978725 0.43205632187500004 0.1486949234375 0.47640096875 0.1443020203125 0.51217829375 0.14738044374999998 0.5191593140624999 0.14378625 0.5484316734375 0.15031334999999998 0.5673914515625 0.1758558640625 0.5837337546875 0.188656225 0.5836546796875 0.21471450937499997 0.563743603125 0.2225269828125 0.5481952625 0.22298454531249998 0.5284423312500001 0.2350735078125 0.51011755625 0.247220678125 0.475292334375 0.2338544375 0.4158745875 0.21760540156250002 0.40397490156250004 0.2001583015625 0.4018326671875
0 0.683422478125 0.1920962703125 0.753755753125 0.1561616078125 0.83079075 0.089685384375 0.8436493171875 0.0731058640625 0.8452467374999999 0.060095928124999996 0.8309071640625 0.056684492187500005 0.7741729609375 0.0860351109375 0.6737296453125 0.190906140625 0.683422478125 0.1920962703125
0 0.57486274375 0.1787668109375 0.675530790625 0.12014463906249999 0.7778544640625 0.032012085937500004 0.7344363921875 0.02503025625 0.67838448125 0.0808768046875 0.6095613156249999 0.1285522 0.5717843203124999 0.1717857890625 0.570985609375 0.178290759375 0.57486274375 0.1787668109375