0 0.478515625 0.716547309375 0.482421875 0.6870551218750001 0.47265625 0.6772243921875 0.4599609375 0.64609375 0.447265625 0.6477322062499999 0.4150390625 0.6755859375 0.3583984375 0.7476779515625 0.2822265625 0.81649305625 0.2236328125 0.88203125 0.203125 0.9197157109375 0.2314453125 0.9115234375 0.3447265625 0.82960069375 0.4111328125 0.790277778125 0.4638671875 0.74112413125 0.478515625 0.716547309375
0 0.4970703125 0.790277778125 0.521484375 0.74931640625 0.529296875 0.7001627609375001 0.5205078125 0.6821397578124999 0.4921875 0.6772243921875 0.482421875 0.6837782109375 0.48046875 0.7099934890624999 0.4580078125 0.7476779515625 0.3681640625 0.8263237859375 0.2880859375 0.9311848968750001 0.248046875 0.99836154375 0.2822265625 0.996723090625 0.3681640625 0.9016927078125001 0.4677734375 0.8230468734375 0.4970703125 0.790277778125
0 0.5302734375 0.7738932296875001 0.51953125 0.7755316828125001 0.4892578125 0.8033854171874999 0.431640625 0.8935004328125 0.40234375 0.9492079 0.3876953125 1 0.4111328125 0.9836154515625 0.4599609375 0.9115234375 0.5146484375 0.855815971875 0.53515625 0.8246853296875001 0.54296875 0.7984700515625 0.5302734375 0.7738932296875001
0 0.5146484375 0.855815971875 0.4580078125 0.9148003484375 0.3984375 0.99836154375 0.4287109375 1 0.4365234375 0.9934461812500001 0.5322265625 0.885308159375 0.552734375 0.841069878125 0.552734375 0.83123915 0.5390625 0.8181315109374999 0.5146484375 0.855815971875
0 0.4091796875 0.5117404515625 0.400390625 0.510101996875 0.3681640625 0.5379557296875 0.3369140625 0.5871093734375 0.2529296875 0.6919704859375 0.21875 0.7525933171875 0.2626953125 0.7149088531250001 0.3583984375 0.6133246515625 0.3935546875 0.5838324640625 0.4189453125 0.5740017374999999 0.42578125 0.5494249124999999 0.4091796875 0.5117404515625
0 0.2412109375 0.8001085078125 0.3291015625 0.7214626734375 0.4248046875 0.6592013890625 0.4375 0.64445529375 0.44140625 0.6215169281249999 0.431640625 0.5789171 0.416015625 0.5756401906249999 0.3955078125 0.5838324640625 0.3232421875 0.64609375 0.2724609375 0.7050781265625 0.1884765625 0.7870008687500001 0.166015625 0.8181315109374999 0.158203125 0.841069878125 0.1689453125 0.8459852421875 0.1923828125 0.8197699640625 0.2099609375 0.8197699640625 0.2412109375 0.8001085078125
2 0.326171875 0.5166558171875 0.318359375 0.49371744843750004 0.3017578125 0.4691406265625 0.2880859375 0.45930989687499996 0.26953125 0.457671440625 0.251953125 0.47405598906249996 0.259765625 0.5002712671875 0.234375 0.5330403640625 0.234375 0.546148003125 0.240234375 0.5789171 0.2626953125 0.6100477421875 0.2919921875 0.6100477421875 0.3037109375 0.6034939234375 0.322265625 0.57236328125 0.326171875 0.5166558171875
2 0.2158203125 0.737847221875 0.228515625 0.716547309375 0.234375 0.69033203125 0.232421875 0.664116753125 0.22265625 0.628070746875 0.2119140625 0.6100477421875 0.197265625 0.605132378125 0.1845703125 0.6166015625 0.1708984375 0.6166015625 0.1650390625 0.6297092015625 0.1572265625 0.6264322921875001 0.146484375 0.6542860234375001 0.150390625 0.7099934890624999 0.1669921875 0.7345703125 0.1884765625 0.7476779515625 0.2021484375 0.7476779515625 0.2158203125 0.737847221875
2 0.841796875 0.52648654375 0.8515625 0.48060980937500003 0.8515625 0.44456380156249997 0.84765625 0.43800998281250003 0.84765625 0.40851779375 0.8388671875 0.3904947921875 0.8115234375 0.37738715156249997 0.798828125 0.3790256078125 0.775390625 0.40196397656249994 0.76953125 0.41834852343750006 0.771484375 0.43800998281250003 0.76171875 0.457671440625 0.75390625 0.49371744843750004 0.7744140625 0.5510633687500001 0.7919921875 0.560894096875 0.8095703125 0.560894096875 0.8330078125 0.5445095484375 0.841796875 0.52648654375
0 0.2216796875 0.94756944375 0.2109375 0.9655924484374999 0.2109375 0.9787000875 0.2255859375 0.9803385406249999 0.2783203125 0.9442925359375 0.365234375 0.8279622390625001 0.35546875 0.8279622390625001 0.2900390625 0.8722005203125001 0.2216796875 0.94756944375
0 0.28125 0.99836154375 0.3251953125 1 0.3740234375 0.9377387140625 0.4365234375 0.88203125 0.46875 0.8345160593750001 0.46875 0.8279622390625001 0.46484375 0.8279622390625001 0.3720703125 0.8984157984375001 0.28125 0.99836154375