0 0.7763671875 0.11796875 0.796875 0.0802842890625 0.7685546875 0.0884765625 0.6552734375 0.17039930625 0.5888671875 0.20972222187499998 0.5361328125 0.25887586875 0.521484375 0.283452690625 0.517578125 0.312944878125 0.52734375 0.32277560781250003 0.5400390625 0.35390625 0.552734375 0.35226779375 0.5849609375 0.3244140625 0.6416015625 0.2523220484375 0.7177734375 0.18350694375 0.7763671875 0.11796875
0 0.6318359375 0.1736762140625 0.7119140625 0.068815103125 0.751953125 0.0016384562500000002 0.7177734375 0.003276909375 0.6318359375 0.09830729218749999 0.5322265625 0.1769531265625 0.5029296875 0.20972222187499998 0.478515625 0.25068359375 0.470703125 0.29983723906250004 0.4794921875 0.3178602421875 0.5078125 0.32277560781250003 0.517578125 0.3162217890625 0.51953125 0.29000651093749996 0.5419921875 0.2523220484375 0.6318359375 0.1736762140625
0 0.6123046875 0 0.5888671875 0.0163845484375 0.5400390625 0.0884765625 0.4853515625 0.144184028125 0.46484375 0.1753146703125 0.45703125 0.2015299484375 0.4697265625 0.2261067703125 0.48046875 0.22446831718750002 0.5107421875 0.1966145828125 0.568359375 0.1064995671875 0.59765625 0.05079209999999999 0.6123046875 0
0 0.5712890625 0 0.5634765625 0.00655381875 0.4677734375 0.114691840625 0.447265625 0.158930121875 0.447265625 0.16876085000000002 0.4609375 0.1818684890625 0.4853515625 0.144184028125 0.5419921875 0.0851996515625 0.6015625 0.0016384562500000002 0.5712890625 0
0 0.78125 0.24740668281249997 0.7373046875 0.28509114687500003 0.6416015625 0.3866753484375 0.6064453125 0.4161675359375 0.5810546875 0.4259982625 0.57421875 0.4505750875 0.5908203125 0.48825954843749997 0.599609375 0.489898003125 0.6318359375 0.46204427031249995 0.6630859375 0.4128906265625 0.7470703125 0.3080295140625 0.78125 0.24740668281249997
0 0.8115234375 0.21299913125 0.833984375 0.1818684890625 0.841796875 0.158930121875 0.8310546875 0.1540147578125 0.8076171875 0.1802300359375 0.7900390625 0.1802300359375 0.7587890625 0.1998914921875 0.6708984375 0.2785373265625 0.5751953125 0.34079861093749997 0.5625 0.35554470625 0.55859375 0.37848307187499997 0.568359375 0.42108290000000004 0.583984375 0.424359809375 0.6044921875 0.4161675359375 0.6767578125 0.35390625 0.7275390625 0.2949218734375 0.8115234375 0.21299913125
2 0.765625 0.453851996875 0.759765625 0.42108290000000004 0.7373046875 0.3899522578125 0.7080078125 0.3899522578125 0.6962890625 0.39650607656250003 0.677734375 0.42763671875 0.673828125 0.4833441828125 0.681640625 0.5062825515625 0.6982421875 0.5308593734375 0.7119140625 0.540690103125 0.73046875 0.542328559375 0.748046875 0.5259440109375 0.740234375 0.4997287328125 0.765625 0.4669596359375 0.765625 0.453851996875
2 0.8427734375 0.37356770781250004 0.853515625 0.3457139765625 0.849609375 0.29000651093749996 0.8330078125 0.2654296875 0.8115234375 0.2523220484375 0.7978515625 0.2523220484375 0.7841796875 0.26215277812500004 0.771484375 0.283452690625 0.765625 0.30966796875 0.767578125 0.33588324687500004 0.77734375 0.37192925312499997 0.7880859375 0.3899522578125 0.802734375 0.394867621875 0.8154296875 0.3833984375 0.8291015625 0.3833984375 0.8349609375 0.3702907984375 0.8427734375 0.37356770781250004
2 0.23828125 0.542328559375 0.24609375 0.5062825515625 0.2255859375 0.44893663124999994 0.2080078125 0.43910590312500003 0.1904296875 0.43910590312500003 0.1669921875 0.4554904515625 0.158203125 0.47351345624999996 0.1484375 0.519390190625 0.1484375 0.5554361984375 0.15234375 0.5619900171875 0.15234375 0.59148220625 0.1611328125 0.6095052078125 0.1884765625 0.6226128484375 0.201171875 0.6209743921875 0.224609375 0.5980360234375001 0.23046875 0.5816514765624999 0.228515625 0.5619900171875 0.23828125 0.542328559375
0 0.7890625 0.0212999125 0.7744140625 0.019661459375000002 0.7216796875 0.0557074640625 0.634765625 0.1720377609375 0.64453125 0.1720377609375 0.7099609375 0.1277994796875 0.7783203125 0.05243055625 0.7890625 0.0344075515625 0.7890625 0.0212999125
0 0.6259765625 0.0622612859375 0.5634765625 0.11796875 0.53125 0.165483940625 0.53125 0.1720377609375 0.53515625 0.1720377609375 0.6279296875 0.1015842015625 0.71875 0.0016384562500000002 0.6748046875 0 0.6259765625 0.0622612859375