2 0.1775083421875 0.303651025 0.156615225 0.31197545312499997 0.1442316421875 0.322903415625 0.133779271875 0.3411407671875 0.129129253125 0.3601935859375 0.132221515625 0.3662585578125 0.1225480234375 0.3719370140625 0.1171336578125 0.36836088437500003 0.1113284 0.3745829859375 0.1132567046875 0.388929946875 0.127947859375 0.4107009921875 0.12561994375000002 0.42726497031250005 0.12831840781249998 0.45016574374999996 0.126378478125 0.463969059375 0.1402965671875 0.484223859375 0.1793610875 0.500974784375 0.2033464671875 0.49871532968750004 0.228883790625 0.48541321875000004 0.255587978125 0.45679155 0.26100815625 0.44629254218750003 0.2707019921875 0.3913511015625 0.26684538125 0.3626571796875 0.24519663593750002 0.32723994843750004 0.231275640625 0.31402271718749997 0.2173517390625 0.307843053125 0.1775083421875 0.303651025
0 0.4530510296875 0.04115058125 0.43680211875 0.044497328125 0.39964846718749997 0.0843187796875 0.38687980624999996 0.090969834375 0.367150646875 0.0910122734375 0.3567040875 0.0951744890625 0.3454815578125 0.104858028125 0.335035 0.10902024375 0.323424484375 0.1214644453125 0.315300028125 0.12313782031250001 0.3094947703125 0.129359921875 0.30639088281250004 0.15144522656249998 0.301358690625 0.1591835703125 0.2994129484375 0.18706202656249998 0.287414446875 0.2022668921875 0.286638475 0.20778821875000003 0.2932138921875 0.21011992968749998 0.317205084375 0.193785334375 0.3295857609375 0.189894940625 0.37716853437500003 0.1881366921875 0.3984496359375 0.1770516 0.42786100625 0.15021799687499998 0.45958866875000004 0.134970690625 0.47700444218750004 0.1163043859375 0.4824246203125 0.10580537812499999 0.486692465625 0.075438084375 0.48205697656249996 0.059303057812500004 0.46542880000000003 0.044297759375 0.4530510296875 0.04115058125
0 0.41927881874999995 0.3235536953125 0.3991616734375 0.32635679687499997 0.36628167968750003 0.3217358140625 0.33725829531249996 0.345808753125 0.302435465625 0.3620286578125 0.30939305625 0.37567484375000004 0.335306740625 0.387762346875 0.36005646874999997 0.408131840625 0.389068228125 0.412209178125 0.3998969609375 0.4193614390625 0.41769200156249997 0.41904717812500003 0.4370389875 0.4076902640625 0.44709755937500006 0.4062887125 0.45793501093750005 0.392328265625 0.459498578125 0.3531353359375 0.45757027343749995 0.3387883765625 0.4498367109375 0.3306635171875 0.437458940625 0.3275163390625 0.41927881874999995 0.3235536953125
0 0 0.7997746796875 0.0012886125 0.7996953 0.02526818125 0.811510984375 0.036872884375 0.8131419187500001 0.051187678125000004 0.8095233484375 0.08793590625 0.814687975 0.090258009375 0.812199134375 0.10688909375 0.8201668640625 0.1154015359375 0.8157328265625001 0.1544718671875 0.8184086125000001 0.169177553125 0.8049918109374999 0.172275628125 0.7969816437499999 0.16376899843749998 0.7873405421874999 0.1660969140625 0.7707765640625001 0.1707411203125 0.7657988828125 0.171905078125 0.757516890625 0.1649474875 0.7438707078125 0.1564379515625 0.7412671734375 0.1359357265625 0.7397933703125 0.1131084921875 0.7478459765625 0.0794525265625 0.7487463203125 0.06900596875000001 0.7529085328125 0.042316310937500004 0.74634235625 0.00904251875 0.7585571765625 0 0.770440203125 0 0.7997746796875
2 0.6340414 0.1707491890625 0.6216578187499999 0.18167715 0.6193299031249999 0.198241128125 0.62976774375 0.215191621875 0.6398263156249999 0.21379007031250002 0.6483416625 0.20231846562500003 0.649123446875 0.1827220015625 0.6425509359375 0.17335272031249999 0.6340414 0.1707491890625
2 0.5683104734375 0.0911315328125 0.5605710968750001 0.0970818125 0.5547629328125 0.1103414828125 0.5559152671875001 0.1302097703125 0.567129078125 0.1416389390625 0.5771876515625001 0.1402373859375 0.5853150125 0.13152644375 0.5884130875 0.1235162765625 0.5888068859375 0.106680475 0.5806882421874999 0.0942787109375 0.5683104734375 0.0911315328125
2 0.5211156859375 0.0901291203125 0.5106662203125001 0.10132890312500001 0.5067921734375 0.114860396875 0.51297379375 0.134027909375 0.524578496875 0.13565884374999998 0.5369620796875 0.1247308828125 0.5416120984374999 0.1056780625 0.535427571875 0.09354812031250001 0.5211156859375 0.0901291203125
2 0.61631029375 0.016236928125 0.6054728421875 0.0301973734375 0.60546703125 0.0442725125 0.6143587390625 0.05819052031250001 0.6263514296875 0.057060790625 0.6325446734375 0.0480780265625 0.634484603125 0.0342747109375 0.6267539453125 0.0191122828125 0.61631029375 0.016236928125
2 0.5799803359375 0.2770122875 0.5791200890625 0.2831332625 0.5802595671875 0.2931763734375 0.5837582828125 0.30199058437500004 0.58790218125 0.306214065625 0.594977740625 0.3077286265625 0.6029852328125 0.3026121328125 0.6099249359375001 0.28694244375 0.6093589546875 0.272818684375 0.6054322640625001 0.2618636984375 0.5998578421875 0.260039953125 0.5944963328124999 0.2618872203125 0.5867745171875 0.267564021875 0.5817682203125 0.2746627765625 0.5799803359375 0.2770122875
2 0.524952984375 0.253674009375 0.521020925 0.255722175 0.519803315625 0.2617929265625 0.5217292062500001 0.2714264046875 0.52701580625 0.27789110781250004 0.5348756296875 0.2841972953125 0.5408084859375 0.2834706359375 0.5491027296875 0.27631381718750003 0.5550409578125 0.2625840046875 0.553759178125 0.25096042500000004 0.547687240625 0.24230472656250002 0.547044203125 0.2416941984375 0.5422561921875 0.23946081874999997 0.5356781484375001 0.24477820781249998 0.524952984375 0.253674009375
2 0.5486019921875 0.2772837546875 0.5420956359375 0.2820910640625 0.5394496515625 0.2853602890625 0.5367961484375 0.306833925 0.540652225 0.31569836093750003 0.5491561593750001 0.3200144484375 0.5583052796875 0.3197398046875 0.565385134375 0.3108518453125 0.5676759046875001 0.3023311359375 0.568394925 0.2920290625 0.5646822234375 0.28214446406250004 0.5613953484375 0.2796018984375 0.551390278125 0.275594996875 0.5486019921875 0.2772837546875
2 0.577041159375 0.2979256171875 0.5738227499999999 0.30267486250000003 0.5705326562499999 0.3079341875 0.5657403484375 0.3161033296875 0.56230473125 0.327584078125 0.5630868484375 0.337576965625 0.56909031875 0.338940853125 0.5798122609374999 0.33784694531250004 0.5836737078125 0.333708228125 0.5859698468750001 0.31218436875 0.580540946875 0.3041392 0.5761819874999999 0.3014459625 0.577041159375 0.2979256171875
2 0.55858048125 0.17257426874999998 0.553718634375 0.17605223125 0.5530745234375 0.17804233125 0.5509998890625 0.182432165625 0.5486374328125 0.1914629578125 0.5489188109375001 0.2024257828125 0.5527738140625 0.2138908484375 0.5563463625 0.21699371875 0.5602773484375 0.2175461828125 0.56613851875 0.2173296046875 0.5707146890625 0.21329133749999998 0.57364635 0.2105824171875 0.5767941453125001 0.203742625 0.579226140625 0.1994030125 0.580015775 0.19119149062500002 0.5790892109375 0.1848193953125 0.5760195453125 0.175545325 0.571518284375 0.1712716203125 0.5683020234375 0.1708196046875 0.56429935 0.1707772234375 0.5596525671875 0.172724940625 0.554218296875 0.177682921875 0.55858048125 0.17257426874999998
2 0.655339940625 0.1174386828125 0.6468274984375 0.12187271875000001 0.6375361796875 0.13886565 0.6390764984375 0.1559732734375 0.6502903109375 0.167402440625 0.6622830015625001 0.1662727125 0.6704103625 0.15756177031250002 0.67351425 0.135476465625 0.663849475 0.12004221562499999 0.655339940625 0.1174386828125
1 0.35550525781250003 0.1879073078125 0.3295857609375 0.189894940625 0.3106267609375 0.19849119375 0.29514800937499996 0.2103917515625 0.282767334375 0.21428214375 0.2692227015625 0.2264545234375 0.2634203484375 0.22563905625 0.25258580468749997 0.232561934375 0.2429065 0.252315528125 0.230907996875 0.267520396875 0.2301262140625 0.2871168609375 0.2347646078125 0.2962143171875 0.22895644375000002 0.3094739890625 0.2506110015625 0.33081607968750004 0.2695525640625 0.3644452453125 0.2792231515625 0.3658043578125 0.314043075 0.3566220234375 0.34383661875 0.34110289531250004 0.3593153703125 0.3292023359375 0.38640754374999997 0.29782000468750003 0.4061483265625 0.2696272890625 0.41544255156250004 0.24559678906250001 0.41738829375000003 0.217718334375 0.40308221875 0.2002241953125 0.391092434375 0.1943163546875 0.35550525781250003 0.1879073078125