2 0.2578125 0.5756794203125 0.255859375 0.5199235437499999 0.251953125 0.50877236875 0.2294921875 0.476712740625 0.2060546875 0.4599859765625 0.1826171875 0.454410390625 0.1416015625 0.465561565625 0.125 0.483682225 0.125 0.49762119374999997 0.119140625 0.5199235437499999 0.119140625 0.53665030625 0.1015625 0.5561648640625 0.09765625 0.5701038328125 0.1025390625 0.5770733171875 0.1083984375 0.5742855234375 0.1171875 0.5812550078125 0.11328125 0.5868305953124999 0.115234375 0.6063451515625 0.123046875 0.6258597078125 0.1337890625 0.63840478125 0.1533203125 0.6495559562500001 0.193359375 0.650949853125 0.2080078125 0.6467681625 0.2236328125 0.6356169875 0.25 0.6035573578125 0.2578125 0.5756794203125
0 0.423828125 0.8767611515624999 0.4091796875 0.8558526984375 0.3798828125 0.8363381406249999 0.3544921875 0.8056724093750001 0.3349609375 0.7917334390625 0.2880859375 0.7833700593749999 0.2763671875 0.7777944703124999 0.2548828125 0.7582799140625001 0.248046875 0.7596738109375 0.248046875 0.7652493984375 0.2578125 0.7819761609375 0.255859375 0.8098541000000001 0.259765625 0.8182174812499999 0.259765625 0.84051983125 0.2646484375 0.847489315625 0.2724609375 0.8502771109375 0.2822265625 0.864216078125 0.2919921875 0.8697916671874999 0.3017578125 0.880942840625 0.3115234375 0.8865184296875 0.3310546875 0.8893062234375 0.3427734375 0.8976696046875 0.3740234375 0.9422743062500001 0.3896484375 0.94784989375 0.40234375 0.946455996875 0.4208984375 0.9339109234375 0.427734375 0.9185780578125 0.427734375 0.8879123265625 0.423828125 0.8767611515624999
0 0.443359375 0.6007695656250001 0.4345703125 0.5854366984375 0.4248046875 0.5826489046875001 0.4072265625 0.5687099359375 0.3896484375 0.5659221421875 0.3779296875 0.5714977296875 0.3486328125 0.5714977296875 0.3212890625 0.5882244921875001 0.2939453125 0.5965878734375 0.28515625 0.6091329453125 0.3173828125 0.6300414 0.3427734375 0.6579193375 0.3759765625 0.6579193375 0.3955078125 0.663494925 0.4140625 0.662101028125 0.4267578125 0.6607071312499999 0.435546875 0.653737646875 0.439453125 0.639798678125 0.443359375 0.6007695656250001
0 0.20703125 0.1853882875 0.20703125 0.168661525 0.216796875 0.16029814375 0.21484375 0.1519347625 0.2021484375 0.136601896875 0.1630859375 0.133814103125 0.1552734375 0.1282385140625 0.1376953125 0.133814103125 0.1357421875 0.13102630937499998 0.0986328125 0.13102630937499998 0.0849609375 0.12545072031249999 0.0732421875 0.12545072031249999 0.0478515625 0.133814103125 0.0341796875 0.13102630937499998 0.015625 0.1407835875 0.0224609375 0.156116453125 0.0419921875 0.161692040625 0.0498046875 0.175631009375 0.0810546875 0.192357771875 0.1083984375 0.1895699796875 0.1181640625 0.19514556562500002 0.1513671875 0.200721153125 0.1728515625 0.21187232812499998 0.193359375 0.2132662265625 0.2021484375 0.21187232812499998 0.2109375 0.1993272578125 0.2109375 0.190963875 0.20703125 0.1853882875
2 0.5888671875 0.800096821875 0.576171875 0.8154296875 0.576171875 0.8321564499999999 0.5869140625 0.844701521875 0.595703125 0.8433076265624999 0.603515625 0.8349442437500001 0.60546875 0.8154296875 0.5986328125 0.8028846156249999 0.5888671875 0.800096821875
2 0.5263671875 0.8670038734375 0.5166015625 0.864216078125 0.50390625 0.8739733578125 0.5 0.8934879140625 0.50390625 0.9074268828125 0.5107421875 0.9143963671875 0.5234375 0.9130024703125 0.533203125 0.9018512953125001 0.53515625 0.8851245328124999 0.533203125 0.8767611515624999 0.5263671875 0.8670038734375
2 0.4619140625 0.864216078125 0.453125 0.8823367390625 0.455078125 0.8962757078125 0.4638671875 0.9088207796875001 0.478515625 0.9074268828125 0.486328125 0.8962757078125 0.484375 0.8767611515624999 0.4736328125 0.864216078125 0.4619140625 0.864216078125
2 0.5517578125 0.95342548125 0.541015625 0.9659705531249999 0.5390625 0.979909521875 0.5478515625 0.9952423874999999 0.55859375 0.993848490625 0.568359375 0.979909521875 0.568359375 0.9659705531249999 0.5634765625 0.956213275 0.5517578125 0.95342548125
2 0.5712640375 0.7504921109375 0.576677153125 0.740190228125 0.5792032734375 0.7262826890625 0.5745119062499999 0.7097996765625 0.5672944203125 0.7036185484375 0.560076934375 0.7041336421875 0.55538556875 0.7077393015625 0.5506942015625 0.7159808062499999 0.5481680812499999 0.72576759375 0.5481680812499999 0.7319487234375 0.549611578125 0.73452419375 0.553581196875 0.7422506062500001 0.5604378078125001 0.7489468296874999 0.5654900484375001 0.7515222984375 0.5712640375 0.7504921109375
2 0.5185763875 0.7540977703125 0.5214633828124999 0.7427657 0.517493765625 0.7283430640625 0.510276278125 0.720101559375 0.504502290625 0.7185562765625 0.49584130625 0.7237072171875 0.48970644375 0.729373253125 0.4864585734375 0.738644946875 0.48681944843749997 0.7448260765625 0.49042819218749995 0.747401546875 0.4998109234375 0.7577034296875 0.5055849125 0.7638845578125 0.510637153125 0.762339275 0.5113589015625 0.76182418125 0.5185763875 0.7540977703125
2 0.5395070984375 0.7051638296875 0.538424475 0.6964072296875 0.5326504859375001 0.6866204421875 0.523628628125 0.685075159375 0.5146067703125 0.688165725 0.5095545296874999 0.6964072296875 0.50919365625 0.7180411828125 0.5113589015625 0.721646840625 0.517132890625 0.7273128765625 0.5196590109375 0.729373253125 0.530124365625 0.7267977828125 0.533733109375 0.7247374062499999 0.53878535 0.7154657125 0.5395070984375 0.7051638296875
2 0.556468190625 0.6716827125 0.5460028359375 0.66910724375 0.5398679734375 0.6696223375 0.5377027265625001 0.6794091250000001 0.5395070984375 0.6912562890625 0.5431158421875 0.7000128890624999 0.5456419609375 0.7056789234374999 0.5481680812499999 0.710829865625 0.5478072078125 0.70722420625 0.5524985734375 0.7051638296875 0.5589943109375 0.6979525125 0.559716059375 0.6763185609375 0.556468190625 0.6716827125
2 0.525072125 0.8354826390625 0.530124365625 0.8318769796875 0.5344548578125 0.8231203796875001 0.5362592296875001 0.8169392500000001 0.536620103125 0.8086977453124999 0.5348157328124999 0.8040618984375 0.5326504859375001 0.79685058125 0.530124365625 0.793760015625 0.5261547484375 0.78912416875 0.520380759375 0.7880939812500001 0.5164111421875 0.7880939812500001 0.5124415250000001 0.7906694515625 0.5070284093749999 0.801486428125 0.5052240390625 0.812303403125 0.5063066609375 0.8215750984374999 0.507750159375 0.8262109453125 0.5081110328125 0.8282713203125001 0.5124415250000001 0.8323920734374999 0.50883278125 0.8267260390625 0.5135241484375 0.8323920734374999 0.5178546390625 0.83496754375 0.5218242562500001 0.8354826390625 0.525072125 0.8354826390625
2 0.6025390625 0.8502771109375 0.58984375 0.8600343890625 0.5859375 0.8767611515624999 0.5927734375 0.8948818109375001 0.6005859375 0.9004573984375 0.609375 0.8990635015624999 0.62109375 0.8851245328124999 0.62109375 0.8628221828125 0.6142578125 0.8530649046875001 0.6025390625 0.8502771109375
1 0.375 0.7150691109375 0.359375 0.6844033796875 0.3369140625 0.6495559562500001 0.3232421875 0.6356169875 0.2958984375 0.6161024296875001 0.2626953125 0.6021634609375 0.2529296875 0.6021634609375 0.2294921875 0.63282919375 0.205078125 0.650949853125 0.208984375 0.664888821875 0.203125 0.673252203125 0.201171875 0.692766759375 0.2109375 0.7094935234374999 0.2177734375 0.7304019765625 0.2275390625 0.7387653578125 0.2333984375 0.7387653578125 0.2451171875 0.7527043265625 0.2568359375 0.7582799140625001 0.2705078125 0.7722188828125 0.2880859375 0.7833700593749999 0.3134765625 0.788945646875 0.349609375 0.78755175 0.3623046875 0.7833700593749999 0.37890625 0.7680371921875 0.380859375 0.7401592546875 0.375 0.7150691109375