2 0.20341407031249997 0.50646179375 0.1793929109375 0.504621284375 0.140626684375 0.5220514281249999 0.12706420937500001 0.5425460484375 0.12924474531250002 0.5563134046875 0.12694636406249998 0.579257784375 0.12956300625 0.5957786125 0.115254046875 0.6178027390625 0.11357642500000001 0.6321811671875001 0.11948938906249999 0.6383010062500001 0.12484051874999999 0.6346309265625 0.134611640625 0.6401396921875 0.131625696875 0.6462577078125 0.136607525 0.6652264703124999 0.1473765890625 0.6832786265624999 0.1599490046875 0.6939888015625 0.1809842203125 0.701947325 0.2207483890625 0.697060571875 0.23456232031250002 0.6906388437500001 0.24825052187500002 0.6771806703125 0.2692778546875 0.6413910109375001 0.2726331 0.6126341531249999 0.26198187968750003 0.557870259375 0.25637929375 0.547467446875 0.2291796578125 0.519316190625 0.20341407031249997 0.50646179375
0 0.38263000625 0.8139595140625 0.33502379531250004 0.8130319671875 0.32257710781250004 0.8093582390625 0.2983044921875 0.7934448359374999 0.2917707703125 0.7958909484375 0.29264298437499997 0.8013978906249999 0.3049050203125 0.8163910390625 0.3073370109375 0.844231290625 0.312503490625 0.85188063125 0.315992346875 0.873908403125 0.32190531093749997 0.880028240625 0.3300577328125 0.8815595703125 0.3418836625 0.8937992453125 0.3524012703125 0.897778509375 0.3637910921875 0.9072647125 0.3743087 0.9112439765625 0.3940355953125 0.9109420874999999 0.4069183890625 0.9173692843750001 0.4447613625 0.9565362515625001 0.46106620625000005 0.9595989062499999 0.473387165625 0.9562361859375 0.48975093281250004 0.9409429703125 0.49410411875 0.9247295015624999 0.48930694218750004 0.8944413171875001 0.48370435624999997 0.884038503125 0.4659654625 0.8656789874999999 0.43397653125 0.850987728125 0.40410132968749995 0.8246715109375 0.38263000625 0.8139595140625
0 0.40131954375 0.58237331875 0.390617284375 0.589713478125 0.361681103125 0.59429651875 0.3372906421875 0.6150948515625 0.311591859375 0.627632771875 0.3048734875 0.6413983046875 0.339974090625 0.657007996875 0.36941318437500004 0.6805707421875 0.40220752343750005 0.675376628125 0.4223705265625 0.6778282109375 0.4404787203125 0.6735488828125 0.45279967968749996 0.6701861625000001 0.4603902671875 0.661927571875 0.4620678890625 0.6475491421874999 0.4598205484375 0.6083894703125 0.44874110468749995 0.5946202890625 0.43865960312499996 0.5933944984374999 0.41911735937500005 0.582376965625 0.40131954375 0.58237331875
0 0 0.2442135015625 0.00460485 0.2500505921875 0.0380867515625 0.26168284375 0.0646577484375 0.25465186875 0.07517535625 0.2586311296875 0.108841909375 0.258943959375 0.13180620468749998 0.26659694843750004 0.1522795859375 0.2647655578125 0.1607423859375 0.2620139078125 0.167460759375 0.24824837500000002 0.1661524375 0.239987959375 0.16142206718750002 0.23509208906249998 0.158805425 0.21857126093749998 0.167142496875 0.2087831671875 0.163905096875 0.2008282890625 0.148967496875 0.1876701796875 0.1099498140625 0.1910274296875 0.101361284375 0.1867426296875 0.08487178906250001 0.1949993984375 0.082506603125 0.1925514640625 0.04585410625 0.1983566484375 0.031478340625000004 0.19498845781250002 0.01990386875 0.1968216734375 0 0.20706461874999998 0 0.2442135015625
2 0.64823000625 0.8241096734375001 0.654638 0.8146271125 0.6535143296875 0.7950472765625001 0.644800071875 0.7837260328125 0.6347185703125 0.782500240625 0.624578146875 0.79963031875 0.6271947890625 0.816151146875 0.6397672046875 0.82686131875 0.64823000625 0.8241096734375001
2 0.5675937640625001 0.9017997093749999 0.5754358078124999 0.9076140125000001 0.587756765625 0.9042512921875 0.59565773125 0.8917097265624999 0.59497016875 0.8748833609375 0.59173276875 0.8669284828125001 0.58345461875 0.8583607093750001 0.5733731171875001 0.8571349171874999 0.5623604796875 0.8687580531249999 0.561555071875 0.888643425 0.5675937640625001 0.9017997093749999
2 0.5425157390625001 0.905771678125 0.5484876265625 0.8935356484374999 0.5435057984375 0.874566884375 0.530933384375 0.8638567109374999 0.5193589109375 0.8656899265625 0.5135127515625 0.8849624046875 0.5176223656250001 0.898424225 0.528265703125 0.909439934375 0.5425157390625001 0.905771678125
2 0.6351272875 0.9786023140625 0.642592146875 0.9633072765625 0.6404116125 0.9495399203125 0.634062540625 0.9406666109374999 0.6220519609374999 0.9397463546875 0.613404509375 0.9538174250000001 0.613655965625 0.96789031875 0.6247354078125 0.9816594984375 0.6351272875 0.9786023140625
2 0.5983188734375 0.6905845 0.5912708249999999 0.692222315625 0.5872012671875 0.6965174734375 0.5838569140625001 0.7053914031249999 0.582892884375 0.715452871875 0.5838598265625 0.7215579015625 0.58568844375 0.7238758515625 0.5908178671875 0.7308861531249999 0.5986375828125 0.736427325 0.6040305140625 0.738180740625 0.6095722578125 0.7362599859375 0.613307159375 0.7252381390625 0.6136265609375 0.7111066515625 0.6064144406249999 0.6955604640625 0.5983188734375 0.6905845
2 0.53863659375 0.7151611734375 0.530888025 0.7216035734374999 0.5257150562499999 0.7281595546874999 0.5239575859375 0.737825178125 0.5252809593750001 0.743873753125 0.529248165625 0.745852984375 0.54012695 0.7545602515625001 0.5467967921875 0.759762028125 0.551545096875 0.7574454265624999 0.5521773796875 0.7568237671875 0.5580973296875 0.7480634171875 0.5591760546875 0.7364192390625 0.5529991140625 0.7227951546875 0.5445812296875 0.7157841796875 0.53863659375 0.7151611734375
2 0.543862540625 0.683564090625 0.5401617578125 0.6924944734375 0.5431896234375 0.7139185296874999 0.545892259375 0.7171410765624999 0.5524815249999999 0.721834103125 0.5552988578125 0.723473940625 0.565232475 0.7192930375000001 0.568474475 0.7166934953124999 0.5720141015625 0.7067456062499999 0.57111539375 0.6964576499999999 0.568676265625 0.68797821875 0.5614423734375 0.6792151734375 0.5522898546875 0.6791002453125 0.543862540625 0.683564090625
2 0.568939775 0.682721334375 0.5738739234375 0.6908055953125001 0.5772553046875 0.6960066984375 0.580556109375 0.7006990515625 0.5796356296875 0.6971942375 0.5839469234375 0.6944253359375 0.5892345890625 0.6862866453125 0.5865631546875 0.6648061375000001 0.5826300671875 0.6607354421875 0.571890665625 0.6598288234374999 0.5659119125000001 0.6612972796875 0.5653043140625 0.6713022953125 0.568939775 0.682721334375
2 0.584460215625 0.7991685171875 0.581952853125 0.7948720109375 0.578686165625 0.788088196875 0.5757076750000001 0.785430853125 0.5710617250000001 0.781473065625 0.565197665625 0.7813588124999999 0.561276921875 0.7819797984375 0.55775906875 0.7851445453125 0.5541047453125 0.79667514375 0.5540147375 0.8076412109375 0.55653444375 0.816629396875 0.5586853765625001 0.8209823546875 0.5593641203125 0.8229609109375 0.564285925 0.8263534921875 0.5598352484375 0.8213217484375 0.5653552203125 0.8261841328124999 0.5700352875 0.8280504562500001 0.5740366109374999 0.8279382249999999 0.5772444921875 0.827430146875 0.5816704828125 0.823078534375 0.584577825 0.8137523046874999 0.585393040625 0.807365009375 0.584460215625 0.7991685171875
2 0.661992896875 0.8797919953125 0.6704556968750001 0.8770403484375 0.6798496359375 0.861439775 0.6763607796875 0.8394120031250001 0.668082628125 0.8308442296875 0.6560720484375 0.829923975 0.6450594109375001 0.841547109375 0.6438178953125 0.8586790093750001 0.6534043671875 0.875507196875 0.661992896875 0.8797919953125
1 0.3165736875 0.646601534375 0.2815988140625 0.638028290625 0.27195341875 0.639555971875 0.25360165156250003 0.6735105906250001 0.2323228625 0.69522735625 0.23836155468750003 0.7083836406249999 0.2338826390625 0.7175606625000001 0.23500630937500003 0.7371404984375001 0.24726834687500002 0.7521336484375001 0.257290925 0.7717153078125001 0.2682446390625 0.7784480406250001 0.2740318765625 0.7775314328125 0.287786884375 0.7894655734375 0.3002335703125 0.7931393 0.3159176578125 0.8047679046875 0.33502379531250004 0.8130319671875 0.3609740328125 0.814566940625 0.3964439375 0.8075377874999999 0.4083287890625 0.8014215968749999 0.4223273703125 0.7836804453124999 0.419895378125 0.7558401953125 0.41018317812499994 0.7319755609375 0.389953371875 0.7041316640625 0.3623176265625 0.6732269359374999 0.34663354062499996 0.66159833125 0.3165736875 0.646601534375