1 0.69328395 0.93713985 0.7306619015625 0.9211957953125 0.7639455984375 0.88250441875 0.7773640562499999 0.8533517671874999 0.7882784828125 0.796513671875 0.785491715625 0.7551045249999999 0.7738400328124999 0.7057624046875 0.7550651625 0.67436803125 0.7214128359374999 0.6599693015625 0.69496959375 0.6669892234375 0.6578087640625 0.7052045484375 0.6302751546875001 0.7531575671875 0.6171394296875 0.7960339265624999 0.6163317953125 0.8506907312499999 0.6345614828125 0.9025516515625001 0.6634431453125 0.931764734375 0.69328395 0.93713985
1 0.5550802484374999 0.8927925828125 0.6020651375 0.8386722625 0.6154835953125 0.8095196093749999 0.634697471875 0.733167071875 0.632738621875 0.6850150828125 0.6186688015625 0.6473539203125 0.5697703921875 0.596860728125 0.5430444171875 0.590156940625 0.513006775 0.61042451875 0.48512481875 0.6532013937500001 0.47046448593749995 0.6924683078125 0.46231654375 0.7428015875 0.47122202656249995 0.8465624843749999 0.491107546875 0.8849377234375 0.5177679093750001 0.9001890734375 0.5550802484374999 0.8927925828125
1 0.36969481875 0.9282083328124999 0.409839253125 0.905759465625 0.45100844218749997 0.8509250640625 0.46370992656250004 0.7635061609375 0.45774271874999994 0.7319732484375 0.43439402187500004 0.6897505359375 0.406557396875 0.676065884375 0.3747124125 0.6790003078125 0.3383795 0.7104727921875 0.31707554843749997 0.7557684671875 0.30298068125 0.822482796875 0.3030009640625 0.870396759375 0.323997134375 0.9157528656249999 0.3413786234375 0.926442665625 0.36969481875 0.9282083328124999
1 0.463275684375 0.7189636187499999 0.48789130312499995 0.6466965796874999 0.5259456625000001 0.5931908499999999 0.5262081125 0.5590005953125 0.5095030328125 0.5107491203125 0.4852608078125 0.4838168125 0.45770691562500004 0.48385586875 0.39610702343750004 0.520781578125 0.36752837656250004 0.553206165625 0.34761780781249996 0.6192064171875 0.3470272953125 0.696134490625 0.3871717296875 0.6736856234374999 0.41431166406250003 0.6770179890625 0.4363325890625 0.6899885625 0.455107459375 0.721382934375 0.463275684375 0.7189636187499999
1 0.6617515093749999 0.6971330375 0.69614585625 0.6654225281249999 0.69183448125 0.6204039328125 0.6792892687500001 0.5863522171875 0.649645303125 0.5553344124999999 0.6112879265625 0.5472024703125 0.562495696875 0.5839896390625 0.6251811921875 0.6584202859375 0.6349599218749999 0.698976815625 0.6342835124999999 0.7365384921875 0.6617515093749999 0.6971330375
0 0.2996690140625 0.849454159375 0.31112862343750003 0.77214951875 0.3434985078125 0.7008345828125 0.3492736421875 0.605720734375 0.3652414640625 0.5477919953125 0.352782146875 0.5531066796874999 0.3366628171875 0.5802165828125 0.27429585625 0.7676270234375 0.2685004390625 0.8148269062500001 0.283746521875 0.850921371875 0.2996690140625 0.849454159375
0 0.2630128015625 0.771375009375 0.2751237734375 0.7608841828124999 0.33112985 0.5932262125000001 0.3293678375 0.5194315328125 0.3041664703125 0.51633719375 0.2982851578125 0.5241706796875001 0.297739975 0.544637228125 0.278919775 0.56970438125 0.24103720625 0.701942909375 0.23842223125 0.7392665578125001 0.250619096875 0.7681421296875001 0.2630128015625 0.771375009375
0 0.23125371249999999 0.81367583125 0.2348481140625 0.8004281765625001 0.2390986390625 0.7017048828125 0.2688129828125 0.571885671875 0.2545463234375 0.5598672015624999 0.2715591828125 0.5174668921875 0.2386691609375 0.5048728875 0.226558190625 0.515363715625 0.1993073140625 0.577040440625 0.176519321875 0.714554596875 0.1824412 0.8025490375000001 0.20888444218750002 0.7955291156250001 0.2254380125 0.812961753125 0.23125371249999999 0.81367583125
0 0.1278380328125 0.6863326734374999 0.167765346875 0.641612534375 0.21161512343750002 0.540906921875 0.2140988734375 0.5206784 0.20765209375000002 0.5010644703125 0.1735858109375 0.4900371609375 0.1578804390625 0.5137756437500001 0.10573121249999999 0.6339957 0.101591628125 0.6677099046875 0.11115323749999999 0.6859951625 0.1278380328125 0.6863326734374999
0 0.10544371562499999 0.7725614453125 0.1168579953125 0.7517183328125 0.122370678125 0.6907947390625 0.109976975 0.6875618593749999 0.10048097812500001 0.6607290390625 0.1125060546875 0.6108718109375 0.1432201046875 0.55304255625 0.14929825624999998 0.5195663796875001 0.14396212656250001 0.5069333171875 0.11834680156249999 0.5072103984375 0.0959978125 0.53697764375 0.07926768749999999 0.5931016609374999 0.083427553125 0.6073014203125 0.069766928125 0.718558290625 0.07255369375000001 0.759967440625 0.08211530156249999 0.7782526984375 0.10544371562499999 0.7725614453125
2 0 0.5143119515625 0.0406729078125 0.5147844828125 0.0645667875 0.5365406484374999 0.0782679796875 0.521111703125 0.09110068906249999 0.41659767031249995 0.0917568140625 0.33112203125 0.0617645015625 0.2949280828125 0.023821084375000003 0.2834247203125 0 0.47092276093749996 0 0.5143119515625
2 0.0958963984375 0.2974078296875 0.1064827609375 0.2833075546875 0.11369184375000001 0.30472620781250004 0.1237986359375 0.302544915625 0.15209455 0.2563966203125 0.1596973078125 0.226529890625 0.1733985 0.21110094531249998 0.16307458749999998 0.1910109640625 0.1387011375 0.181173784375 0.1366110625 0.1501169234375 0.10297902031249999 0.18363215625 0.07997866875000001 0.1465855875 0.04286316875 0.128339384375 0.0407933765625 0.1451964875 0.061703653125 0.15118619375 0.078822690625 0.1960662484375 0.06213789374999999 0.1957287359375 0.035911771875 0.2250199296875 0.0280262796875 0.241162953125 0.0234727375 0.27824857812500003 0.060239893749999995 0.2913186359375 0.08718298906250001 0.32029369218750003 0.0929986890625 0.3210077703125 0.0958963984375 0.2974078296875
2 0.1931369515625 0.192800909375 0.199526996875 0.1692495234375 0.20752356718749998 0.16110538125 0.2158881 0.149964425 0.21939276406250002 0.14278974687499998 0.20313928906249998 0.12558408125 0.18418441562500001 0.123256715625 0.14474449218750002 0.138187090625 0.13428882656250002 0.1521132859375 0.125924290625 0.1632542453125 0.1158949109375 0.1665857859375 0.11134467968749999 0.1751530859375 0.131596440625 0.1882866828125 0.1694478671875 0.2005392484375 0.17615656562499998 0.2028839734375 0.1623802171875 0.2224864390625 0.173087203125 0.22075909375 0.1836685296875 0.21293232031249998 0.1931369515625 0.192800909375
2 0.22866819062500002 0.10286165 0.2259487609375 0.0751497609375 0.219231046875 0.051509943749999995 0.2088246875 0.0365432109375 0.19836000625 0.0291743140625 0.1806346796875 0.023955917187500002 0.1582334640625 0.0212053953125 0.1265387921875 0.0157927796875 0.109432746875 0.0197764171875 0.0970699296875 0.0349894453125 0.084280825 0.0607971234375 0.074996384375 0.07943012656250001 0.068112715625 0.0998789078125 0.06067710625 0.124822915625 0.0596315390625 0.1262155328125 0.06855703125 0.13187444375 0.080996203125 0.1516537734375 0.08814020156249999 0.1646989375 0.094664921875 0.1685420703125 0.1162628734375 0.16358896875 0.124937046875 0.15704903125 0.1438829078125 0.1380813015625 0.16603280468749998 0.128632971875 0.19083479375 0.1331992734375 0.20738889375 0.1337108609375 0.2192087828125 0.14428815781249998 0.2244366171875 0.13732505781249998 0.2283092421875 0.1271535625 0.22866819062500002 0.10286165
2 0.09651375 0.174853075 0.0879562203125 0.1661973484375 0.060560460937500005 0.1400185828125 0.04142160625 0.139189628125 0.0393394859375 0.16326996093749999 0.035843837499999996 0.1917397328125 0.0351169265625 0.2190284625 0.0383792859375 0.22095003124999998 0.049880518750000005 0.20563121562500003 0.058061071875 0.195988665625 0.065748 0.183243509375 0.08340599062500001 0.17476464375 0.09651375 0.174853075