1 0.89002794375 0.24409447499999998 0.8910396203125 0.1591595640625 0.8590738265625 0.095165315625 0.8229354140625 0.0667128578125 0.7946916265625 0.0640271578125 0.7758518796875 0.071866284375 0.745474290625 0.13028464374999998 0.7412700109375 0.194715209375 0.7475366734375 0.2391185703125 0.7580628390624999 0.2734742484375 0.7813358578125 0.3065756515625 0.808188771875 0.3211086140625 0.8495350453125001 0.312356028125 0.870800903125 0.2910063859375 0.89002794375 0.24409447499999998
1 1 0.136988721875 0.9832864140625001 0.11989577343749999 0.9569945609375001 0.1172782359375 0.930109984375 0.13163405 0.9064180125 0.16649420937499998 0.8790828218750001 0.277700359375 0.8796122234375 0.3185045625 0.8880679109375 0.3561867453125 0.9107482062500001 0.40626149843750003 0.9373640312499999 0.4275838 0.9728544984375 0.4186267265625 1 0.39448943125 1 0.136988721875
1 0.887949365625 0.359581415625 0.8756214703125 0.29287412968750004 0.8395382796874999 0.318804553125 0.8023329671875 0.320904125 0.755992359375 0.2768007546875 0.7428582140625 0.31712781562500003 0.7390095671875 0.3713743703125 0.741253815625 0.41903607656249997 0.756600546875 0.455259496875 0.7999539796875 0.50095795625 0.8382814156249999 0.5226892390625 0.8658455984375 0.51685418125 0.895867553125 0.4686198328125 0.9078795749999999 0.40446191875000004 0.887949365625 0.359581415625
0 0.7704695218750001 0.477836075 0.7394204249999999 0.41557324375000004 0.740669190625 0.32384899218749996 0.7483031640625 0.2731334328125 0.740859153125 0.15051633749999999 0.7345608312499999 0.1350017515625 0.7181471984375001 0.12933035937499998 0.6998685140625 0.1490849125 0.693182896875 0.1726431125 0.69713389375 0.3393227546875 0.707952371875 0.4212719734375 0.7399498265625 0.4563774453125 0.7394756484375 0.4699561265625 0.7294788828125001 0.47640465 0.737492053125 0.49877673749999996 0.7529889890625 0.5027167140625 0.7704695218750001 0.477836075
0 0.6792506015625001 0.2078440875 0.664670359375 0.20563552812500002 0.6526031156250001 0.21541055937500003 0.6413023609375 0.259200453125 0.642060753125 0.40537575 0.662465140625 0.43667757187499995 0.6606000890625 0.46210351562499996 0.6840233109375 0.4629214734375 0.7008558984375 0.40063130312500006 0.693767521875 0.267830196875 0.68933425 0.22688966875 0.6792506015625001 0.2078440875
0 0.66011854375 0.1680896703125 0.631637665625 0.172193309375 0.605701446875 0.1593917640625 0.5768884984375 0.256951071875 0.566646546875 0.3823493703125 0.57462805625 0.433610234375 0.5882599421875 0.4629761515625 0.5998530078125001 0.4667798 0.6249041937500001 0.44896115312499996 0.6179262640625 0.4249258125 0.632538165625 0.39824559531250003 0.6368057671875 0.2760374765625 0.66011854375 0.1680896703125
0 0.5461869359375 0.2966646640625 0.53243650625 0.2706934171875 0.5199267437499999 0.2651583515625 0.5011738828125 0.298491584375 0.4999884375 0.3324382828125 0.51098878125 0.35321528125 0.5076143125 0.3938831578125 0.513406796875 0.45186519843750006 0.52544238125 0.47097894218749997 0.55288801875 0.46853855624999996 0.5662275921875 0.45031093125000005 0.566528003125 0.385744040625 0.5461869359375 0.2966646640625
0 0.5065474125 0.42443518593749996 0.5090368468750001 0.35314711718749997 0.4979179578125 0.335764790625 0.5011738828125 0.298491584375 0.5199267437499999 0.2651583515625 0.52915701875 0.224694965625 0.5266756828125 0.1838226 0.51256961875 0.1680353625 0.5017747031249999 0.1693578 0.47876233749999997 0.21273871562500002 0.46941351718749996 0.256596771875 0.4737282453125 0.300931971875 0.46716117187500006 0.3210955015625 0.46816475156250004 0.3483210234375 0.4511267359375 0.388511759375 0.46233250937500003 0.43138819218749996 0.48332961875 0.445716665625 0.49308929375000005 0.44605748125 0.5065474125 0.42443518593749996
2 0.41834659687500003 0.5437122921875 0.4267470609375 0.52701159375 0.4274583265625 0.506643575 0.4204803984375 0.4826082328125 0.430832796875 0.4659757 0.4317811515625 0.43881833906249995 0.37082864375 0.42139518750000005 0.334808775 0.389548059375 0.32197503906249997 0.365308228125 0.313132059375 0.3666988296875 0.2926643515625 0.393174559375 0.27734118125 0.4402227953125 0.2715958234375 0.5487840703125 0.283718290625 0.5933919203125 0.304920828125 0.6298198296875 0.343129721875 0.6549457828125 0.3686234234375 0.6524372328125 0.40872902812499995 0.6232484640625 0.4225427796875 0.591442159375 0.41834659687500003 0.5437122921875
2 0.3636445546875 0.7950133687500001 0.388134678125 0.765279296875 0.412324390625 0.8001121156250001 0.4148690484375 0.7832069296874999 0.4621027875 0.7457700578125 0.447617528125 0.656895171875 0.4354633984375 0.641176096875 0.426825846875 0.664666134375 0.41913665 0.6609988125 0.411716203125 0.621653375 0.37252729375000004 0.6525735593750001 0.33348859062499997 0.651210296875 0.32417143125000003 0.6661795765625 0.31943774999999996 0.6898059421875 0.3264156796875 0.7138412828125 0.36196137031250003 0.7592670890625 0.346314228125 0.7876105609375 0.3324135921875 0.793922759375 0.33205795781249997 0.8041067703125 0.3636445546875 0.7950133687500001
2 0.29573767968750003 0.8368265328125 0.2860965484375 0.8330910484375 0.28943935625 0.821311946875 0.2847373359375 0.8160495359375 0.27314426875 0.8122458874999999 0.2699200046875 0.8206303171875 0.28355189062499997 0.8499962343749999 0.3130680078125 0.844229340625 0.3186550640625 0.8801119453125 0.33778712187500004 0.9198663625 0.3858742359375 0.941938459375 0.42917244375 0.9332540375 0.46469457187499996 0.8954081859375 0.48001774062499997 0.8483599500000001 0.48327366562499996 0.81108674375 0.47724409218749997 0.759894040625 0.47277915937500004 0.747842290625 0.46198424375 0.7491647265625 0.4148690484375 0.7832069296874999 0.40351307031249994 0.772613940625 0.404990828125 0.7862607828125 0.3957053296875 0.7723412890625 0.38399371875 0.7719323109375 0.3595035953125 0.8016663828124999 0.3397471546875 0.8077740921875 0.3046756421875 0.7487696046875 0.31286257968750003 0.8221299046875 0.29573767968750003 0.8368265328125
2 0.1316727734375 0.6101746375 0.1659777953125 0.6351642609375 0.174907659375 0.6592677671875 0.197619615625 0.68045374375 0.20888870937499998 0.665552625 0.2183560734375 0.6182999 0.2491761796875 0.5751916359375 0.26840321875 0.528279725 0.274030034375 0.4231131203125 0.260872325 0.38016852343749996 0.2198816859375 0.3787370984375 0.159166265625 0.35452460625 0.15076580312500001 0.3712253046875 0.1453208546875 0.41521968593749997 0.1218343109375 0.47217928125 0.1522354625 0.4970325796875 0.131799415625 0.49461953437500006 0.1302031140625 0.4843673609375 0.1144690875 0.48721672656250004 0.10568132968749999 0.542990209375 0.1178037984375 0.587598059375 0.1316727734375 0.6101746375
2 0.151302571875 0.7196220328125 0.17046629062500002 0.7304876734375 0.1959599921875 0.7279791234374999 0.2206872046875 0.691455709375 0.264341046875 0.672587278125 0.27182481406250003 0.6541551640625001 0.2636931 0.6351777453125 0.2822957578125 0.6341279609375 0.2853145921875 0.6036440953125 0.27331066875 0.5556415734375 0.2657400171875 0.5485795812500001 0.21604850468749998 0.6284157453125 0.2109591890625 0.66222611875 0.197619615625 0.68045374375 0.1860265484375 0.6766500953125 0.1640258609375 0.6350960984375 0.1466955328125 0.627693290625 0.11860194843750001 0.5927241453125001 0.1212887140625 0.655695946875 0.1354816625 0.696977290625 0.151302571875 0.7196220328125
2 0.261606425 0.8628251203125 0.32696864375 0.8379171421875 0.3579625171875 0.8457970921875001 0.3575516609375 0.8015982203125 0.329189328125 0.8023071906249999 0.35057373125 0.777562878125 0.3561055640625 0.7590626 0.3290472203125 0.722430203125 0.31577096875 0.682880275 0.32659754375 0.6526690609375 0.29424445781249997 0.6277476 0.29102019375 0.636132028125 0.28344954218749996 0.6290700359375 0.2740138390625 0.6474339875 0.275610140625 0.6576861609375 0.256177671875 0.6824986359375 0.2225205953125 0.6949185421874999 0.19054670468749998 0.743084728125 0.19864675781250002 0.7909509234375001 0.2197307515625 0.8307735031249999 0.261606425 0.8628251203125