1 0.38030998125000004 0.0865002703125 0.3419882171875 0.076328121875 0.2984642609375 0.1032076984375 0.2342786796875 0.198178753125 0.21905197968749998 0.23776315937499998 0.20433354218750002 0.33876688593750004 0.2105094609375 0.3802237796875 0.230834009375 0.42803308749999996 0.2626632921875 0.4563906453125 0.2958033828125 0.4473560265625 0.3363240890625 0.40998455937499995 0.3697174265625 0.35323610156249996 0.39539130624999996 0.283878278125 0.4068532453125 0.2200964984375 0.4041032453125 0.161890765625 0.39627767812500003 0.1168798328125 0.38030998125000004 0.0865002703125
1 0.42891126875 0.20327289999999998 0.40909498437499997 0.21688291093749998 0.3897236484375 0.3038407078125 0.3368528671875 0.41514539375000004 0.33211614218749996 0.469286409375 0.3327510296875 0.506848809375 0.355762265625 0.6247923125 0.3858152765625 0.6734527515625001 0.41358375468749997 0.6809967484375 0.4582285796875 0.6525103796875 0.49386365625 0.592548334375 0.5193681140625 0.5027174046875 0.526769246875 0.4181220671875 0.5220307578125001 0.31541607968749996 0.505956953125 0.25263494999999997 0.47890719062500003 0.214466403125 0.42891126875 0.20327289999999998
1 0.2485574609375 0.49436825625 0.20951698125 0.5148206562500001 0.1711747015625 0.5609069953125 0.1381835171875 0.6466732078125 0.12570681718750001 0.744463346875 0.1430709109375 0.826110790625 0.19530857031249999 0.8340907078124999 0.221533509375 0.8704822328124999 0.22849145625 0.8693861187499999 0.2653535109375 0.8402188468749999 0.313846925 0.767742903125 0.3357988390625 0.718517734375 0.34413090468749996 0.6681009828125 0.339139165625 0.6131088375 0.3015566328125 0.516053653125 0.271905775 0.49641096874999996 0.2485574609375 0.49436825625
1 0 0.829937271875 0.0037425437499999997 0.8275599953125001 0.0793062359375 0.7369941078125 0.122448553125 0.6248382921875 0.1325140953125 0.5097886328125 0.12003562968749999 0.45073176875 0.10047259374999999 0.416627940625 0.0579633984375 0.4094991546875 0.0038861546875 0.433750578125 0 0.47816952968750004 0 0.829937271875
1 0.027865825 0.15966168281249998 0.008369631249999999 0.4273234046875 0.064096521875 0.40662601875000004 0.11627086874999999 0.4265343953125 0.0979553265625 0.3669668546875 0.10163449531249999 0.3025041703125 0.09380892656249999 0.2574932390625 0.0668857890625 0.195467771875 0.0406608515625 0.159076246875 0.027865825 0.15966168281249998
1 0.1438253640625 0.21242825468749998 0.12252885312499999 0.2429573359375 0.10700610625 0.28592555625 0.09748986093749999 0.349877559375 0.1026082234375 0.3810127859375 0.11633418124999999 0.4146059359375 0.1536411859375 0.4587864453125 0.21194865625 0.4758216875 0.24284700781250002 0.47000065625 0.2529348296875 0.45553951406250004 0.22723866875 0.42430882187499996 0.20450296250000002 0.35923999218749997 0.21025444843750002 0.27109061562500003 0.2224778984375 0.2210143171875 0.18811083125 0.19925416093749998 0.1438253640625 0.21242825468749998
1 0.37371845000000004 0.699672128125 0.330363915625 0.7470248109375001 0.29697057656250003 0.80377326875 0.28178667343749997 0.8876877015625 0.28796259218750003 0.9291445953125 0.31831165 0.9744212203125 0.3519172046875 0.9824758953125 0.389244725 0.97039791875 0.446535671875 0.8645945171875 0.48688695624999995 0.8067499421875001 0.49297728437500005 0.7595467796875 0.49039670468749996 0.721814153125 0.4667728609375 0.666896765625 0.447315934375 0.6651945046875001 0.37371845000000004 0.699672128125
1 0.5751085781249999 1 0.5977504125 0.928969803125 0.599653309375 0.884810003125 0.5865194421875 0.8444492265625 0.5442634953125001 0.789606596875 0.510594628125 0.79348038125 0.47874482812499997 0.8213813125 0.4184506328125 0.9166928203125 0.3891814125 0.982326378125 0.389414146875 0.990871025 0.5061172390625 1 0.5751085781249999 1
1 0.5163443484375 0.548484 0.500292825 0.5862913859375001 0.491834134375 0.6605650578125 0.5053701562499999 0.7299435890625 0.52628679375 0.7709852703125 0.5677812296875 0.8121224171874999 0.6055537 0.8733922203125 0.6393919890624999 0.8899915437500001 0.66775255625 0.8907679156249999 0.6914602265625 0.8774983531249999 0.7170707937499999 0.820068990625 0.731958653125 0.7395383703125 0.721891346875 0.697741025 0.6789372015625 0.6172644578125001 0.574376290625 0.5126445671875001 0.5404113765624999 0.519902165625 0.5163443484375 0.548484
1 0.5924760859375 0.1937149671875 0.5734846250000001 0.20910200156249997 0.535311765625 0.275661446875 0.5259221421875 0.31575653125 0.5267264515625001 0.37379203906249997 0.55210605 0.46466503281250005 0.5844007999999999 0.510111884375 0.5835126625 0.5202633249999999 0.6181124640625 0.550568128125 0.652310109375 0.5518551765625 0.6866343796875001 0.52928530625 0.70628124375 0.4952021859375 0.73538104375 0.40909552031249996 0.7360569625 0.33414094687499996 0.71662055 0.276180196875 0.67795994375 0.225061834375 0.6333356343750001 0.1972897140625 0.5924760859375 0.1937149671875
1 0.826510278125 0.31989144375 0.7904730468750001 0.3508357359375 0.7514120515625 0.4275466234375 0.722185628125 0.5375102078125 0.7119506671875 0.6320867609375 0.7188880984375 0.6872491328125 0.7480529734375 0.7460610125 0.7787613875 0.7760253640625 0.8110133421875 0.7771421859375 0.8456336578125001 0.7511885015625 0.8857522093749999 0.68479928125 0.916036190625 0.5851573625000001 0.9274553328125 0.47704555624999995 0.9239438218749999 0.4051343421875 0.9042113640625 0.35055740625 0.86707378125 0.3268500046875 0.826510278125 0.31989144375
1 0.8943034140625 1 0.8923115328125 0.96837941875 0.8805945796874999 0.9230280359374999 0.8599739859375 0.878602540625 0.8367522984375 0.8527029078125 0.8137000296875 0.8472763796875 0.771064209375 0.864004515625 0.7427464390625 0.907558171875 0.7355985546875 0.9444396671874999 0.7426721640625 1 0.8943034140625 1
1 0.7425011687499999 1 0.7437201671875 0.9860667875000001 0.725933403125 0.931660078125 0.7046574062500001 0.9059306703125 0.67830584375 0.8933960640624999 0.6446369765625 0.8972698484375 0.60500440625 0.9244898750000001 0.57596791875 0.9986680796874999 0.576004196875 1 0.7425011687499999 1
1 0.07226622499999999 0.9631241765624999 0.2190476109375 0.9773297703124999 0.2270540265625 0.9306352140625 0.2220622875 0.8756430671875 0.20444494375 0.841709465625 0.17585164375 0.832388446875 0.13245431093749999 0.8354111015625 0.097707371875 0.88522170625 0.0726255828125 0.947811903125 0.07226622499999999 0.9631241765624999
1 0.019075353125 0.8203771578125 0.0449204171875 0.9283394453125 0.0572927734375 0.9549947421875 0.0678460609375 0.957622890625 0.10024515468749999 0.8786243062500001 0.13805865625 0.8273771312499999 0.12376112343750001 0.7442931203125001 0.12655215625 0.6899818796875 0.11329166406249999 0.6734780234375 0.10409197968749999 0.6777877265625001 0.08603145 0.7273533453125001 0.019075353125 0.8203771578125
1 0.0644115078125 0 0.05383575 0.086920046875 0.057939353125 0.15206363437499998 0.0839743546875 0.224240540625 0.11115074062500001 0.23855216562499998 0.15249627187499998 0.20295771875000002 0.174787028125 0.194678765625 0.19189610937499998 0.1671930453125 0.20597965937499998 0.0286269171875 0.2130707 0 0.0644115078125 0
1 0.4470435453125 0 0.437347678125 0.0284107125 0.43113072656250007 0.0994707953125 0.44301709999999994 0.1652952875 0.48444822343749994 0.21836089531249997 0.52778224375 0.2272667015625 0.5727231140625 0.19539651875 0.5946117156249999 0.1580998109375 0.61580211875 0.0951691640625 0.6206654687500001 0.017171228125 0.6145956578125 0.0081159015625 0.521830471875 0 0.4470435453125 0
1 0.66651675625 0.0757381203125 0.66178003125 0.1298791375 0.669182928125 0.20213080312499998 0.7116716078125 0.265518078125 0.742888284375 0.35690175 0.7631700359375 0.36038103125 0.8013856921875 0.33815161250000003 0.8425618015625 0.2820840578125 0.854150365625 0.19444535937500002 0.843278753125 0.0946125046875 0.8312657546875 0.052644935937500005 0.8166516609375 0.0292032265625 0.686586290625 0.014414265625 0.66651675625 0.0757381203125
1 1 0.042482243749999996 0.9745488203124999 0.0396077234375 0.9622192609375 0.0572824546875 0.9486422078125001 0.10042089843749999 0.9424680515625001 0.2158110109375 0.948643971875 0.257267903125 0.9746789734375 0.3294448109375 1 0.36095907031249996 1 0.042482243749999996
1 0.8507672421875 0.2555242265625 0.8237397609375 0.317944196875 0.8878843109375 0.33549011875 0.9078067046875 0.35428167187500004 0.926651025 0.419010046875 0.9297398671874999 0.518161996875 0.9412446031249999 0.49871024531249997 0.9582475765625 0.43882295937500004 0.962096165625 0.3948333828125 0.9461061890625 0.2638653046875 0.9037441328125 0.176621109375 0.8890667265625 0.16510786093750002 0.8556939046875 0.16559783125 0.8507672421875 0.2555242265625
1 0.8433919187500001 0.7544020890625001 0.809892471875 0.7787489812499999 0.7698577484375 0.776951253125 0.7713807703125 0.8043622125000001 0.7961887953125 0.8457443453125 0.8531426640625 0.8558417359374999 0.8855212421875001 0.8331016375000001 0.9071137984375 0.79918874375 0.9200987609375 0.7628179265624999 0.9348171984375 0.661814196875 0.9299948812500001 0.627295159375 0.917622525 0.6006398625 0.8879939484375001 0.68158569375 0.8433919187500001 0.7544020890625001
1 0.21807759375 0 0.2073332625 0.0355647703125 0.20348467343749999 0.079554346875 0.2131293078125 0.148592425 0.234574725 0.1947949390625 0.2856059234375 0.1157215953125 0.32889714531249997 0.0802973734375 0.29601030625 0.04161815 0.2726306890625 0 0.21807759375 0
1 0.274120753125 0 0.27727209375 0.009291340625 0.31923199375 0.06751778281250001 0.3911593140625 0.0857446078125 0.42778863593749994 0.0480326875 0.4414258953125 0 0.274120753125 0