1 0.7814436437500001 0.44035167499999994 0.8126508171875001 0.43871617656249995 0.8447342499999999 0.360503240625 0.850402784375 0.3193893578125 0.846491809375 0.24476350937500002 0.821303675 0.17465415 0.7952342406249999 0.14370708593749998 0.7500183859375 0.139273946875 0.725551415625 0.15756320937499999 0.7049878625 0.19435560624999998 0.68673281875 0.25653752500000004 0.6815976 0.307827659375 0.6926043203125001 0.40589144062500004 0.706971065625 0.4374518171875 0.7408422921875 0.4679900078125 0.7814436437500001 0.44035167499999994
1 0.8521653828125 0.2410647703125 0.8637054187500001 0.3493048015625 0.891197025 0.40738853906249994 0.9428000593749999 0.44039884531249995 0.9848235828125 0.4398971859375 0.996879296875 0.42736047031249996 0.9849686 0.20009084062500002 0.9454238 0.17325139218750002 0.8863770359375 0.16614169843749999 0.8620903562500001 0.20653061718750002 0.8521653828125 0.2410647703125
1 0.9500912140625 0.5981818609375 0.972605215625 0.561287246875 0.9722446328125001 0.517087934375 0.948123128125 0.46733108124999995 0.915669034375 0.4265144203125 0.8780772015625 0.418280321875 0.8552051374999999 0.4296831984375 0.8422656046875 0.46267463593749997 0.8706435499999999 0.519011221875 0.8811119171874999 0.5694836078125001 0.9297003921875 0.6009511984375 0.9500912140625 0.5981818609375
1 0.8818615031249999 0 0.8704002687499999 0.0292222796875 0.873249653125 0.1209107671875 0.8897446171875 0.15576100937499998 0.9581906 0.1742830125 0.9830131124999999 0.1627779171875 0.9744822828125 0 0.8818615031249999 0
1 0.707932771875 0 0.704962665625 0.0072798921875 0.7044394296875 0.0719339265625 0.7143744828124999 0.112230059375 0.7335284609375 0.14183884687499998 0.7968291453125 0.1368206984375 0.8368921437499999 0.061590973437499995 0.8441555828125 0.013590703125 0.8425697187500001 0 0.707932771875 0
1 0.8325360390625001 0.631553871875 0.8609039062500001 0.6130601718750001 0.8791614687499999 0.5695858265625 0.8731273125 0.5290852562499999 0.8619528984375 0.5024596765625 0.8332219296875 0.45804649375000006 0.810878140625 0.4422104796875 0.770096496875 0.4477491546875 0.744034621875 0.4729248046875 0.730739546875 0.499132075 0.7305668140625 0.5331551328125 0.751498509375 0.5966847609375 0.788917609375 0.63894191875 0.8325360390625001 0.631553871875
1 1 0.558302203125 0.982888253125 0.5522448328125 0.9311225640625 0.628087871875 0.9265156203125 0.652139115625 0.92989328125 0.7165887125 0.95809849375 0.80694835625 0.9760105906250001 0.831520128125 1 0.84450568125 1 0.558302203125
1 0.860951778125 0.9685040296875 0.8634279828125001 0.9224553484375001 0.9210525734375 0.9024283687500001 0.9269014 0.883414140625 0.9260075015625 0.829038578125 0.9144725046875 0.7582136875 0.8899954578125 0.7016726656250001 0.8531071515624999 0.650884190625 0.8112588796875 0.6360703609375 0.7676454890625 0.68087355 0.7532913421874999 0.7428510312500001 0.753829696875 0.7904424265625 0.7788451000000001 0.8945748437500001 0.8013691796875 0.9325105140625001 0.8416250671875 0.9729183000000001 0.860951778125 0.9685040296875
1 0.8921513921875001 0.9107458171875 0.8609467390625 0.9310888875 0.8600629203124999 0.951543609375 0.8684005484374999 0.9800185578124999 0.8967531578125 0.979893221875 0.9913499 0.974935615625 0.9955327109375001 0.961450940625 0.9770873 0.9267029171875001 0.948536621875 0.904389390625 0.8921513921875001 0.9107458171875
1 0.7065133375 0.9885027078125 0.7416138484375 0.9305400578125 0.7520670984375 0.8687670140625 0.7474450375 0.7805728296875001 0.735384284375 0.7556944031249999 0.7151687156250001 0.743148253125 0.6823666375 0.7516701390625 0.64105671875 0.7844477046875 0.6093237890625 0.8320296656249999 0.603477484375 0.869751465625 0.6377067734375 0.92578139375 0.6515427234375 0.9658730906249999 0.6508366750000001 0.9897198968750001 0.7065133375 0.9885027078125
1 0.7167636203125001 0.7362618671875001 0.754170121875 0.6849811640625 0.76356178125 0.6402707609375 0.7309223578124999 0.5399393031249999 0.73144559375 0.47528526875 0.698813728125 0.4310765234375 0.6764699390625 0.4152405078125 0.6445542 0.42201524218750003 0.6523660718750001 0.49643665312499996 0.638011925 0.558414134375 0.641206775 0.582056503125 0.613725246875 0.5988030515625 0.591914771875 0.5931432890624999 0.5667442734375 0.6539869296874999 0.5844836390625 0.712581759375 0.636442215625 0.752376234375 0.7167636203125001 0.7362618671875001
1 0.552880609375 0.4081119484375 0.584260515625 0.372453390625 0.6319601328125 0.3869605625 0.65518018125 0.326219140625 0.65322469375 0.288906215625 0.6372605250000001 0.2455246546875 0.6131415390625 0.21447537187500001 0.5789172890625001 0.195860584375 0.54380921875 0.19770052031250002 0.5157968953125 0.22297838906249998 0.495060609375 0.29379384375 0.4950656484375 0.3312089875 0.5069511484375 0.3714029015625 0.540113809375 0.407080328125 0.552880609375 0.4081119484375
1 0.6023973218750001 0.5853732765624999 0.622450946875 0.568521775 0.6300787406249999 0.563313125 0.635705934375 0.5517321843749999 0.6509489375 0.5067151234375 0.6505883546875 0.46251581406250003 0.64047553125 0.4188275953125 0.6181292218750001 0.384284009375 0.601992321875 0.37492550625 0.57291336875 0.3798508703125 0.5489822328125 0.42702395624999995 0.552542703125 0.5322807796875 0.5768252140625 0.5798436687499999 0.6023973218750001 0.5853732765624999
1 0.558574625 0 0.5882988703125 0.07631989375 0.6321001093749999 0.10973907499999999 0.6546191515625 0.11025960312500001 0.6920281734375 0.0776864734375 0.704789934375 0.0413029515625 0.698944515625 0 0.558574625 0
1 0.45668521249999994 1 0.6479998890625 0.9915692671875 0.65172049375 0.969265175 0.633450334375 0.9192016625000001 0.58397048125 0.8520660796874999 0.55151890625 0.829956990625 0.4928276859375 0.8296314671875 0.4722616125 0.8477162921874999 0.447091115625 0.9085599328124999 0.441244809375 0.9462817328125 0.4440600640625 1 0.45668521249999994 1
1 0.445496209375 0.9154463187499999 0.475806965625 0.8407276859374999 0.5004517078124999 0.8258305078125 0.5534693546875 0.8298547718749999 0.5626857625 0.8004598546875 0.5601919203125 0.7155555359375 0.5461782000000001 0.6720717546875 0.5073444859375 0.658800640625 0.4713425203125 0.6062650140625 0.4592842859375 0.600094159375 0.44385847187499994 0.6043039921875 0.40556563125 0.65733184375 0.3805653453125 0.665444853125 0.362668365625 0.7531185109375 0.364801625 0.7938235203125 0.384138415625 0.864239534375 0.41304715468750003 0.9120448015625 0.434326834375 0.9262358828125 0.445496209375 0.9154463187499999
1 0.4034374109375 0.654041978125 0.4257761609375 0.63246285 0.453430421875 0.58169324375 0.4755863609375 0.5193068875 0.4849833484375 0.47061819062500004 0.4808943125 0.43399369375 0.46049089375 0.343225175 0.3957579578125 0.246276365625 0.3551490484375 0.21779198281249998 0.287944946875 0.20430699687499998 0.2645395671875 0.2055336203125 0.21507231249999997 0.2319358953125 0.1994687265625 0.23275364375000002 0.180670290625 0.20992902343750003 0.15584777656249998 0.22143411875000002 0.1469869125 0.25761320468750004 0.1762486765625 0.293495065625 0.18246564375000002 0.37480286406249996 0.2250401203125 0.5154304578125 0.253948859375 0.5632357234375001 0.29970306875 0.6152602578125 0.36336433437500004 0.6544414187500001 0.4034374109375 0.654041978125
1 0.4163290703125 0.2656066828125 0.420582990625 0.25347884375 0.42199004687499997 0.1683700859375 0.41187722187500003 0.12468186875000001 0.38740269375 0.0868484171875 0.369493115625 0.0809842171875 0.3056616359375 0.09453368437500001 0.2850955625 0.112618509375 0.2718004875 0.1388257796875 0.2640037328125 0.1766497984375 0.26631224375 0.20203931874999997 0.35904994375 0.21758754531250002 0.39150151875 0.239696634375 0.409413615625 0.26426840625 0.4163290703125 0.2656066828125
1 0.486907034375 0 0.43579827968749996 0.002678496875 0.41736294531249996 0.042760759375 0.419323471875 0.1174888265625 0.43635427031249996 0.1812228921875 0.4613621140625 0.2292325953125 0.4907991296875 0.2497989703125 0.49966503281249997 0.251035028125 0.50285484375 0.2372622546875 0.537957875 0.1980071765625 0.568987275 0.19297959375 0.57678655 0.1738631484375 0.5778431 0.11938536562499999 0.569680725 0.07559493125 0.5325158562500001 0 0.486907034375 0
1 0.2678016640625 1 0.28308324375 0.9698769296875 0.3027654984375 0.9722468281250001 0.31942815625 0.9356588671875 0.32952586250000004 0.86710165625 0.3137344265625 0.7896970359375 0.2848256859375 0.7418917703125001 0.237832115625 0.7035377921875 0.2005958265625 0.7020878625 0.1591081359375 0.7314733453125 0.144040384375 0.76117491875 0.134115409375 0.79570906875 0.1334144015625 0.85697101875 0.15452386875 0.9238927328125 0.17296928125 0.95864075625 0.200102825 0.991232753125 0.2183521640625 1 0.2678016640625 1
1 0.2177943171875 0.6943837265624999 0.2314449359375 0.674960625 0.23941946249999999 0.6405286921875 0.24721117656249997 0.56528953125 0.192403215625 0.43380656875 0.135129128125 0.4232025734375 0.1081783953125 0.431417803125 0.0869037546875 0.4546418640625 0.078398434375 0.49760511718749995 0.08371394374999999 0.4684146375 0.0728975921875 0.4672807984375 0.056946021874999996 0.51743709375 0.0557167390625 0.605937934375 0.06831332500000001 0.6597001859375 0.0952716171875 0.7076076703124999 0.134638646875 0.7310550375 0.2177943171875 0.6943837265624999
1 0.18545752499999998 0.2079774359375 0.20602611875000001 0.20860018125000002 0.23829488125 0.18990204375 0.252651546875 0.146632134375 0.2496294296875 0.08896670625 0.226925059375 0.02893138125 0.2153976203125 0.014229206250000001 0.069113996875 0.021895606249999998 0.0712497765625 0.08130818437500001 0.08792503125 0.13825808281250002 0.13509889218749999 0.1987117171875 0.18545752499999998 0.2079774359375
1 0.1604436515625 1 0.15282230000000002 0.9287438671875 0.1322461484375 0.871998409375 0.070885834375 0.8020840515625001 0.0373726703125 0.7970376015625 0.0184015015625 0.808236040625 0.025841460937499998 1 0.1604436515625 1
1 0 0.4625327921875 0.06651293281250001 0.45741120312500005 0.078213103125 0.43809031875000004 0.07395162499999999 0.39409544531249996 0.0822842125 0.38515525156249997 0.0881330375 0.3661410234375 0.085283653125 0.2744525375 0.0583228421875 0.20783748124999998 0.0326089515625 0.1836745828125 0.0072531234375 0.1850034265625 0 0.1980855078125 0 0.4625327921875
1 0.542630328125 0.6603527890625001 0.5557501515625 0.6494610062499999 0.5777308375 0.6023901390625 0.5502367125000001 0.5255988296874999 0.546147965625 0.4475808984375 0.5367487468750001 0.4361685890625 0.50449849375 0.4434902328125 0.487417896875 0.4643077796875 0.47930948593749995 0.5157103671875001 0.47317576875 0.5543616 0.4749350859375 0.5879313578125 0.5071404734375 0.652193684375 0.5181608375 0.65993448125 0.542630328125 0.6603527890625001