0 0.338938340625 0.8519287828125 0.3618917546875 0.813390084375 0.397693578125 0.813975534375 0.397180709375 0.8054431203125001 0.3576089515625 0.8003487 0.32660279999999997 0.8213370484375 0.3167295015625 0.7540951921875 0.274671171875 0.571808546875 0.2647978734375 0.5045666890625 0.2680808640625 0.45569986093750003 0.24848740937499997 0.44018444843750004 0.23058649843749998 0.43989172343750005 0.21296754375 0.4636932546875 0.205478721875 0.49433142031250005 0.22286596875 0.6154345953125 0.2896213015625 0.8140613265625 0.3052139109375 0.8406296125000001 0.3261409796875 0.8524607328125 0.338938340625 0.8519287828125
0 0.42972546562499997 0.8100520187500001 0.422981215625 0.7043178921875 0.329169528125 0.47597053437500003 0.3083963984375 0.4537648515625 0.2802883875 0.451822775 0.26643936875 0.480133275 0.2665673859375 0.5146020953125 0.2932899390625 0.609915228125 0.380177515625 0.7877464046875 0.41936442500000004 0.818777228125 0.42972546562499997 0.8100520187500001
0 0.562619346875 0.7272622859375 0.5652575390625 0.7171715 0.53384523125 0.6731233 0.5046566171875 0.620933759375 0.46993237343749994 0.5477263765625 0.3890711890625 0.43781536875000004 0.35419300625 0.3749825484375 0.3226229390625 0.347782378125 0.3007211828125 0.3585425296875 0.293822196875 0.39252582812500003 0.3010541875 0.4222928890625 0.3421386265625 0.49782793593749997 0.41776824218749997 0.572445446875 0.4773434296875 0.65161835625 0.51860773125 0.6719354609375 0.562619346875 0.7272622859375
0 0.587064528125 0.6788347171875 0.5848591187500001 0.655079615625 0.5346192359375 0.550116665625 0.5065371468750001 0.50333120625 0.472710621875 0.412719834375 0.40413393124999997 0.2937444609375 0.3845404765625 0.27822905000000003 0.36530595 0.28162061562499996 0.35338038437499997 0.309591959375 0.3560216921875 0.347066759375 0.39931154062499996 0.44635690781250004 0.47070940156249996 0.5475891359375 0.5166664812499999 0.639510703125 0.5661885078125 0.7066596984375 0.587064528125 0.6788347171875
0 0.60211755 0.8710568343749999 0.6016046828125 0.86252441875 0.5683420734375 0.8201015640625 0.5221030359375 0.7040857390624999 0.5179741734375 0.68066979375 0.4767868421875 0.6551654078125 0.4166218171875 0.5726473624999999 0.40315765 0.575021459375 0.40602986718749995 0.596934415625 0.43085488906249997 0.6477433234375 0.4453447921875 0.662434059375 0.516870671875 0.7981351078125 0.5614430875 0.8540848640625001 0.5912436421875 0.8712496281250001 0.60211755 0.8710568343749999
0 0.6729790125 0.6205714343750001 0.6772107671875001 0.5939567171875 0.6505141375 0.45380020312499997 0.6230478078125 0.36551649531249997 0.5954275375 0.2876073515625 0.5626777953125 0.2537169125 0.5357494578125 0.2584651046875 0.5183354921875 0.311548178125 0.5252596031250001 0.36206435937500003 0.5740119296875 0.48108616406250004 0.589809525 0.5369359890625 0.6042994296875001 0.551626725 0.61891735 0.6007862796875 0.6433834453125 0.632688209375 0.659283934375 0.6385073734375 0.6729790125 0.6205714343750001
0 0.5847829453125 0.53092403125 0.5629440609375 0.46875834843749997 0.5078205109375 0.3306479484375 0.47950751093750005 0.29942433125 0.45375885 0.31086279375000003 0.44760364218750004 0.33781666875 0.4509887265625 0.3682620390625 0.5165903078125 0.51535511875 0.6006457796875 0.687119403125 0.6255037421874999 0.7440389546875 0.6798254125 0.7999430421875 0.6876940734375 0.7832298984375 0.6424536609375 0.68114075625 0.5847829453125 0.53092403125
0 1 0.7309732828125 0.8745307671875 0.655739778125 0.7917971781250001 0.585824028125 0.7738962671875 0.585531303125 0.741146525 0.5516408640625 0.70308824375 0.4876442109375 0.6494114328125 0.4419226515625 0.6803138953125 0.60030783125 0.7092167328125 0.6348765828125 0.8129543609375001 0.7114361703125 0.9380958203124999 0.7321111124999999 0.9904083 0.7493586062500001 1 0.7412817390625001 1 0.7309732828125
0 0.79018160625 0.5654140625 0.80097854375 0.57040855 0.8023891296875 0.5615369765625 0.7636640406249999 0.4993824671875 0.6707241484375001 0.298474503125 0.5926071640624999 0.1760076328125 0.572936740625 0.1656795015625 0.5587287937500001 0.17508302343749998 0.5513939109375 0.195346628125 0.5697047984375 0.2542024328125 0.5948377 0.284262215625 0.6059165953125001 0.3133509625 0.6515917171875001 0.381178271875 0.7268105609375 0.5265755671875 0.7714599468750001 0.57733804375 0.79018160625 0.5654140625
0 0.9996936515625 0.6840139875 0.9994376171875 0.615076346875 0.9916157890624999 0.5819641546875001 0.9772028546874999 0.5620861374999999 0.8109919 0.429284065625 0.70886984375 0.37313444375000004 0.76767533125 0.5041801609375 0.8441767421874999 0.606237065625 0.9054703953125 0.655789278125 0.9256536859375 0.674649825 0.9879989968749999 0.6964234890625 0.9996936515625 0.6840139875
0 1 0.488282265625 0.9236954609374999 0.44529606718750003 0.778334603125 0.329512396875 0.6586964875 0.2471336453125 0.6426420578125 0.25168904375 0.709962103125 0.3691614265625 0.818367384375 0.43282599375 0.9592914984375 0.54594284375 1 0.5548529421875 1 0.488282265625
0 1 0.4652490359375 0.9855027765625 0.37403783125 0.9230294499999999 0.3177953484375 0.7168878078125 0.16099188125 0.6784187562499999 0.1677750125 0.6630821828125 0.210144365625 0.6695703953125001 0.2469408515625 0.6928568140625 0.2721525109375 0.76887128125 0.32083361718750003 0.9256189125000001 0.4449569109375 1 0.4861015078125 1 0.4652490359375
0 0.9646275531249999 0.2725199484375 0.9606267078125 0.2835728234375 0.9498297687499999 0.2785783359375 0.8862537359375 0.21045830156249998 0.8760466359375 0.20880895000000002 0.8673270890625 0.19310074375 0.85016995625 0.185778590625 0.7624867562500001 0.1046636046875 0.736302196875 0.1023823703125 0.7283774765625 0.11930084062499999 0.72555630625 0.137043984375 0.7365582328125 0.1713200109375 0.979296521875 0.3613356046875 0.9646275531249999 0.2725199484375
0 0.9428035625 0.14874995156249998 0.8737391296875 0.10574164531250001 0.8336545046875001 0.0921148109375 0.8092394578125001 0.09986898125 0.7948006015625 0.12483434687499999 0.811726825 0.1477183421875 0.9621912328125 0.2643266890625 0.9428035625 0.14874995156249998
0 0.6173957328124999 0.7721183390624999 0.60970523125 0.73985845625 0.5815687859375 0.6870334046875 0.5621526359375 0.758692565625 0.577619 0.8305039859375001 0.6144581546875 0.8894907156249999 0.6173957328124999 0.7721183390624999