1 0.205078125 0.7455842390625 0.189453125 0.7014266296875 0.1572265625 0.6487771734375001 0.1220703125 0.631793478125 0.1005859375 0.6351902171875 0.0732421875 0.658967390625 0.056640625 0.6946331515625 0.041015625 0.7591711953125 0.04296875 0.8101222828125 0.056640625 0.8542798906250001 0.0849609375 0.8933423906250001 0.1162109375 0.9103260875 0.146484375 0.9086277171875 0.1708984375 0.8933423906250001 0.201171875 0.840692934375 0.208984375 0.8033288046875 0.205078125 0.7455842390625
1 0.37109375 0.7455842390625 0.37109375 0.7014266296875 0.361328125 0.6538722828125 0.3291015625 0.5944293484375 0.3134765625 0.5842391296875 0.2822265625 0.5876358703125 0.2353515625 0.625 0.216796875 0.65047554375 0.203125 0.7048233703125 0.2109375 0.7965353265624999 0.224609375 0.8305027171875 0.2607421875 0.8831521734375001 0.296875 0.8950407609375001 0.3212890625 0.8865489125 0.34765625 0.8508831515624999 0.361328125 0.8101222828125 0.37109375 0.7455842390625
1 0.2958984375 0.5842391296875 0.294921875 0.57235054375 0.2509765625 0.53328804375 0.2080078125 0.540081521875 0.1787109375 0.567255434375 0.162109375 0.59952445625 0.15234375 0.643682065625 0.203125 0.7184103265624999 0.20703125 0.67764945625 0.2255859375 0.6351902171875 0.2763671875 0.591032609375 0.2958984375 0.5842391296875
1 0.50390625 0.6742527171875 0.50390625 0.619904890625 0.494140625 0.57235054375 0.4658203125 0.5298913046875 0.4052734375 0.48573369531250005 0.3837890625 0.48573369531250005 0.3603515625 0.5061141296875 0.341796875 0.5383831515625 0.33203125 0.5961277171875 0.36328125 0.657269021875 0.373046875 0.721807065625 0.37890625 0.7252038046875 0.4228515625 0.6861413046875 0.4541015625 0.6861413046875 0.4931640625 0.71671195625 0.50390625 0.6742527171875
1 0.51171875 0.7727581515625 0.494140625 0.721807065625 0.4697265625 0.696331521875 0.4501953125 0.6861413046875 0.4091796875 0.6929347828125 0.3857421875 0.71671195625 0.369140625 0.75577445625 0.369140625 0.8542798906250001 0.4033203125 0.9137228265624999 0.4404296875 0.9408967390624999 0.466796875 0.9425951093749999 0.4951171875 0.92391304375 0.513671875 0.88485054375 0.517578125 0.80672554375 0.51171875 0.7727581515625
0 0.521484375 0.5825407609375 0.490234375 0.551970109375 0.49609375 0.5247961953125 0.4892578125 0.5095108703125 0.4677734375 0.502717390625 0.45703125 0.52139945625 0.4833984375 0.5502717390625 0.501953125 0.59952445625 0.505859375 0.6606657609375 0.49609375 0.721807065625 0.517578125 0.7965353265624999 0.51953125 0.8678668484375001 0.53515625 0.8746603265624999 0.5478515625 0.8661684781250001 0.55859375 0.83389945625 0.546875 0.698029890625 0.521484375 0.5825407609375
0 0.568359375 0.565557065625 0.5693359375 0.540081521875 0.5400390625 0.540081521875 0.529296875 0.6097146734375001 0.548828125 0.7014266296875 0.556640625 0.7727581515625 0.5654296875 0.7914402171875 0.58203125 0.7965353265624999 0.59765625 0.776154890625 0.603515625 0.7455842390625 0.587890625 0.6165081515625 0.568359375 0.565557065625
0 0.666015625 0.6266983703125 0.646484375 0.5485733703125 0.6337890625 0.53328804375 0.6103515625 0.53328804375 0.599609375 0.5451766296875 0.599609375 0.5587635875 0.609375 0.57235054375 0.609375 0.5893342390625 0.595703125 0.6029211953125 0.60546875 0.7116168484375 0.59375 0.8135190218749999 0.59375 0.83389945625 0.599609375 0.840692934375 0.6162109375 0.8288043484375001 0.6474609375 0.838994565625 0.6640625 0.762567934375 0.666015625 0.6266983703125
0 0.70703125 0.5349864125 0.6982421875 0.526494565625 0.6728515625 0.5298913046875 0.658203125 0.5553668484375 0.66796875 0.6266983703125 0.689453125 0.6912364125 0.7197265625 0.7336956515625 0.728515625 0.7319972828125 0.744140625 0.7116168484375 0.740234375 0.65047554375 0.728515625 0.6266983703125 0.70703125 0.5349864125
0 0.7217508953125 0.8019152015625 0.7312187703124999 0.8238684265625 0.7402920734375 0.8231824046874999 0.7572553171874999 0.8197522968750001 0.7694846656250001 0.7593807875 0.772246053125 0.6990094328125 0.7615947265624999 0.6516727140625 0.7761910656250001 0.6249172578125 0.775390625 0.5893342390625 0.7568359375 0.553668478125 0.7412109375 0.546875 0.7275390625 0.553668478125 0.720703125 0.57235054375 0.7265625 0.619904890625 0.7414756984374999 0.6571610406249999 0.7442370859375 0.7147883859374999 0.7237234875 0.7387996796875 0.7201730453125 0.7689853203125 0.7217508953125 0.8019152015625
2 0.931640625 0.38892662968749997 0.9111328125 0.3600543484375 0.8779296875 0.3396739125 0.8447265625 0.3430706515625 0.8056640625 0.37703804375 0.79296875 0.46025815156250005 0.794921875 0.5689538046875 0.8017578125 0.580842390625 0.8271484375 0.567255434375 0.8623046875 0.5706521734375001 0.8916015625 0.591032609375 0.9111328125 0.618206521875 0.919921875 0.6165081515625 0.939453125 0.579144021875 0.947265625 0.541779890625 0.94921875 0.450067934375 0.931640625 0.38892662968749997
2 0.94921875 0.501019021875 0.953125 0.5825407609375 0.9658203125 0.6148097828125 0.98046875 0.6131114125 1 0.606317934375 0.9990234375 0.370244565625 0.95703125 0.44667119531250005 0.94921875 0.501019021875
2 0.8816483421875001 0.2904211953125 0.8748124046875001 0.2819293484375 0.8630936546875001 0.278532609375 0.8562577171875001 0.2836277171875 0.8396561546875001 0.27173912968749997 0.8103592796875001 0.2615489125 0.7869217796875 0.2309782609375 0.7634842796875 0.227581521875 0.7478592796875 0.241168478125 0.7429764671875 0.2564538046875 0.7527420921875 0.2700407609375 0.7722733421875 0.344769021875 0.7869217796875 0.35326087031250003 0.7898514671875 0.3345788046875 0.7986405296875 0.332880434375 0.8054764671875001 0.3481657609375 0.8054764671875001 0.37533967343749997 0.8474686546875001 0.3396739125 0.8826249046875001 0.3396739125 0.8875077171875001 0.31419837031250003 0.8816483421875001 0.2904211953125
2 0.7327967046875 0.25582848125 0.7647506843749999 0.23113108906250002 0.7970991484375001 0.2249567421875 0.8152459296875 0.2256428015625 0.83260356875 0.199573328125 0.831025634375 0.1666434515625 0.8471998218750001 0.1542947546875 0.8740254234375 0.1426321203125 0.8519338031249999 0.08088864375 0.8172183484375 0.0623656 0.78329195 0.050702945312500004 0.7572553171874999 0.0637376828125 0.7260903046875 0.0904931765625 0.705971278125 0.13714379375000002 0.7079436109375 0.174875940625 0.7327967046875 0.20986388281249999 0.725695821875 0.23524733437499998 0.7327967046875 0.25582848125
2 0.8870438265624999 0.1666434515625 0.8637685812499999 0.193398984375 0.8550898468750001 0.22084049687500001 0.8420714437499999 0.23113108906250002 0.8436493796875 0.253770378125 0.8688970453125 0.27366550312500004 0.8905942687499999 0.29904891562499997 0.9051904343749999 0.2997349375 0.93793338125 0.314141809375 0.965153553125 0.292188546875 0.9911900140625001 0.2475960296875 0.9996177718749999 0.20809316249999998 0.9769882453125 0.1652714078125 0.931621465625 0.13371360937500001 0.9016399921874999 0.1412600765625 0.8870438265624999 0.1666434515625
2 0.930832496875 0.3662806796875 0.938327865625 0.406070890625 0.9517406671875 0.44174489375 0.9718598671875001 0.4095011140625 0.9975019296875001 0.371082984375 0.9996177718749999 0.29098694531249997 0.9746212546875 0.316885896875 0.952529634375 0.3086534453125 0.9387223499999999 0.3271764890625 0.930832496875 0.3662806796875