1 0.49853998125 0.057291371875 0.45920345625000003 0.08112758437499999 0.4177313015625 0.140578953125 0.40821505468749997 0.20453095625 0.410795634375 0.242263584375 0.4225759 0.27568650781250004 0.4438518953125 0.301415915625 0.48606504531250005 0.311928515625 0.5167306640625 0.2975628390625 0.5377311296875 0.27041757187500004 0.5580333984375 0.21763836250000002 0.5663226671875 0.1228915859375 0.544348471875 0.07152823750000001 0.519117778125 0.057386837499999996 0.49853998125 0.057291371875
1 0.17483626562500001 0.059658393750000004 0.1402792625 0.07368361875 0.1041787203125 0.11655637031249999 0.08865597343750001 0.1595245890625 0.08391924843750001 0.21366560625000003 0.0928023734375 0.2689982046875 0.1131269203125 0.3168075140625 0.1313996671875 0.332045028125 0.156397628125 0.33764177968750003 0.18676720156249998 0.3266599171875 0.2301850484375 0.2673787734375 0.2476534875 0.22458078124999997 0.25463195 0.167226178125 0.251163234375 0.13964499218749998 0.2291890390625 0.08828164375 0.19900940312499998 0.0634781265625 0.17483626562500001 0.059658393750000004
1 0.332902846875 0.0905359984375 0.31450347500000003 0.0991554046875 0.2820615859375 0.13382396093749999 0.2573391546875 0.18110188437500002 0.24198582968750001 0.2445432109375 0.241436534375 0.29564086562499997 0.2595193453125 0.3466637609375 0.3156911859375 0.399314159375 0.3409851921875 0.40152709687500004 0.3686475609375 0.3766695265625 0.3950196390625 0.33294564531250004 0.40978087343749997 0.2762719453125 0.405634475 0.16679833125000001 0.3872556203125 0.1191592484375 0.3629130625 0.0948664078125 0.332902846875 0.0905359984375
1 0.1837006390625 0.328096484375 0.1895805140625 0.37293719062499997 0.20495611875000003 0.4100843796875 0.24315125937499998 0.44411344843749995 0.27428234375 0.44683706562500003 0.2946274078125 0.4383878859375 0.32176099687500004 0.4083694828125 0.3215282640625 0.39982483750000003 0.2899317140625 0.380011925 0.2542743578125 0.33938545625 0.241436534375 0.29564086562499997 0.24080164843750002 0.2580784640625 0.1837006390625 0.328096484375
1 0.409484828125 0.27965575781249996 0.39248185625 0.3395430453125 0.3585597390625 0.391130671875 0.3575449796875 0.42513903124999997 0.3736820953125 0.4759917015625 0.39855343125 0.5054453750000001 0.4238474375 0.5076583140625 0.4754502109375 0.47807582968749995 0.5176838765625 0.43232994218750004 0.532149065625 0.37904005625 0.5365897453125 0.328282853125 0.5295890015625 0.2850489421875 0.504168371875 0.3066929234375 0.47604053593750006 0.3144611984375 0.441906203125 0.30124568906250004 0.4181557359375 0.270185221875 0.409484828125 0.27965575781249996
0 0.60809263125 0.2169034078125 0.5948749359375001 0.24472957968750003 0.556258890625 0.39478825 0.560891271875 0.46509266875 0.5881309703125 0.46747583437499995 0.59132415625 0.44218234531249995 0.6123879359375 0.40310861875 0.6423330734375 0.2625204859375 0.628670428125 0.21699887499999998 0.60809263125 0.2169034078125
0 0.639413653125 0.18384164375 0.6429251640625 0.2557528578125 0.6358200765625 0.3369643828125 0.6218203531250001 0.40734356250000003 0.63366393125 0.428838025 0.62067896875 0.46520884531249995 0.6303441203125 0.477988434375 0.653692434375 0.48003114687500004 0.670209425 0.4593130546875 0.691399828125 0.3963824078125 0.7035376859375 0.257646053125 0.6939563625 0.1766795125 0.6599914484375 0.1839371109375 0.6464349125 0.17081706875 0.639413653125 0.18384164375
0 0.7229107859374999 0.3275352625 0.6908077375 0.403150034375 0.6793457968750001 0.4669318109375 0.6884188578125 0.4864790296875 0.7234413281250001 0.48954309843750005 0.7561997796875 0.3952322390625 0.769946253125 0.3725669015625 0.7775168078125 0.3084446703125 0.7614857984375 0.28999356875000004 0.7229107859374999 0.3275352625
0 0.7536619953125 0.40182964062500004 0.745160509375 0.431773284375 0.7427921468750001 0.45884379218750004 0.7560526390625 0.4753476484375 0.7761016578125 0.47028228125 0.8011262796875 0.42078286093750006 0.8040021968750001 0.38880645937499997 0.792565403125 0.382846284375 0.8085911156250001 0.29472265000000003 0.8033501749999999 0.215207296875 0.7908452609375 0.198823815625 0.7717168390625 0.20472551249999998 0.7610124546875 0.2320240921875 0.7611842203125 0.2843771515625 0.7813039859375001 0.30335391562499997 0.7690581171875001 0.382718340625 0.7536619953125 0.40182964062500004
0 0.5690298703125001 0.13676729062499998 0.55744130625 0.2244059921875 0.5351933468750001 0.277014971875 0.5373594421875 0.3577640109375 0.51788198125 0.44007636406249995 0.47415812968750004 0.48721177187500003 0.4901257109375 0.49480668593750005 0.504572390625 0.49262739531250005 0.5148923703125 0.474247759375 0.50994546875 0.453843803125 0.5354383859375 0.434037134375 0.548645540625 0.41458045156249995 0.5942828453125 0.25149720625 0.60527931875 0.17062613437500002 0.5907285375 0.1352559640625 0.5690298703125001 0.13676729062499998
2 0.8946194953125 0.460192965625 0.8765161703125001 0.46542855781250003 0.817912653125 0.451777128125 0.804251771875 0.5631025234375 0.8093496203124999 0.6504962359375 0.845303021875 0.6877388921875001 0.8780837531250001 0.69401655 0.9148824953125001 0.6767777359375 0.9403664390625 0.64320529375 0.9584269671874999 0.593639675 0.9656586796875001 0.488571228125 0.9423941953125 0.41834156875 0.8946194953125 0.460192965625
2 1 0.4296464859375 0.9915652921874999 0.427758053125 0.9814774703125 0.442219196875 0.9658281000000001 0.5090443375 0.96515218125 0.5839989125 0.9881839343750001 0.6456839265625 1 0.48561425781249995 1 0.4296464859375
2 0.8059870124999999 0.6553166171875 0.8055643437500001 0.6825573515625 0.7954765218750001 0.6970184953125 0.787820375 0.67248066875 0.7721915203124999 0.683047321875 0.7462215953125 0.7557889578125 0.7356049953125 0.7650892687499999 0.740786671875 0.784296034375 0.7590594171875 0.7995335484375 0.7729753125000001 0.7973413171875 0.8051211578125 0.7660565734375 0.8248741296875 0.7643750218750001 0.8438655921875 0.7489879875 0.8432101890625001 0.767684075 0.830647896875 0.776814159375 0.8400170031249999 0.7929775640625001 0.86939233125 0.7597455734375 0.8843229859375 0.72354498125 0.8839208328125 0.694527228125 0.8469526703125 0.6912929328125 0.8118240906249999 0.6558272953125 0.8059870124999999 0.6553166171875
2 0.7027070046875 0.9210914109375 0.7273120671875 0.9521677343749999 0.7564706953125 0.9719352765625 0.7935228609375 0.9648470390625 0.817546540625 0.9573076203124999 0.8407580843750001 0.922839434375 0.8563746171875 0.8801314734375 0.8217912671875001 0.877105821875 0.8193300656250001 0.8328163640625 0.8079072203125 0.8049592593750001 0.7765962421875 0.8097951609375 0.7515300046875 0.8020928968750001 0.7317944671875 0.77419720625 0.7227387937499999 0.787178125 0.72442216875 0.8086738078125 0.7090019078124999 0.8355597640625 0.691693425 0.8478186171875001 0.6914890953125 0.8863656796875 0.7027070046875 0.9210914109375
2 0.909505715625 0.90199635625 0.9531958671874999 0.8824043015624999 0.9700684671875001 0.8570228046875 0.976970134375 0.7736102125000001 0.9537233984375 0.740586725 0.931450503125 0.714535009375 0.9182420296875 0.68445575625 0.9046242937500001 0.6997921546875 0.885342578125 0.734604178125 0.8664881640625 0.7735855125 0.8396711437500001 0.7994743453125001 0.8635502046875001 0.8297985109375 0.8724356906249999 0.8594995875 0.8882924421875 0.8774146703125 0.909505715625 0.90199635625
2 0.9334317875 0.6692568546875 0.9347739140625 0.71275980625 0.9520828390625 0.7321792578124999 0.9697588265625001 0.7247731671875 0.9811044624999999 0.7354070015625 0.9845550765625 0.67786153125 0.9846741390625 0.6448162828124999 0.96271718125 0.601575771875 0.9448623406250001 0.642710525 0.9334317875 0.6692568546875