1 0.4560546875 0.4144021734375 0.4619140625 0.43817934843749995 0.4775390625 0.434782609375 0.490234375 0.41270380468749995 0.501953125 0.3617527171875 0.4921875 0.280230978125 0.4697265625 0.2309782609375 0.4169921875 0.1834239125 0.3603515625 0.1732336953125 0.3271484375 0.190217390625 0.302734375 0.24626358750000002 0.298828125 0.3209918484375 0.3046875 0.358355978125 0.3232421875 0.3940217390625 0.3583984375 0.4313858703125 0.3662109375 0.397418478125 0.37890625 0.4059103265625 0.373046875 0.43308423906250004 0.3798828125 0.43817934843749995 0.3955078125 0.4008152171875 0.4228515625 0.4008152171875 0.4248046875 0.4177989125 0.3935546875 0.4144021734375 0.390625 0.43308423906250004 0.42578125 0.4534646734375 0.4306640625 0.43817934843749995 0.443359375 0.4296875 0.4443359375 0.411005434375 0.4560546875 0.4144021734375
1 0.802734375 0.551970109375 0.814453125 0.487432065625 0.818359375 0.33797554375 0.806640625 0.2734375 0.7900390625 0.24796195625 0.7548828125 0.227581521875 0.7060546875 0.241168478125 0.66796875 0.3040081515625 0.638671875 0.39232337031250003 0.623046875 0.4670516296875 0.623046875 0.49422554375 0.63671875 0.5247961953125 0.6201171875 0.526494565625 0.615234375 0.5383831515625 0.609375 0.6233016296875 0.625 0.6946331515625 0.646484375 0.721807065625 0.6904296875 0.68953804375 0.7353515625 0.682744565625 0.759765625 0.6470788046875 0.802734375 0.551970109375
1 0.79296875 0.8169157609375001 0.775390625 0.72860054375 0.7392578125 0.68953804375 0.6962890625 0.68953804375 0.6552734375 0.71671195625 0.62890625 0.7591711953125 0.615234375 0.799932065625 0.615234375 0.8644701093749999 0.630859375 0.9256114125 0.6611328125 0.9646739125 0.69921875 0.9731657609375001 0.7568359375 0.9375 0.779296875 0.9018342390624999 0.79296875 0.8542798906250001 0.79296875 0.8169157609375001
1 0.5859375 0.6810461953125 0.580078125 0.65047554375 0.5576171875 0.604619565625 0.5361328125 0.591032609375 0.5087890625 0.591032609375 0.4794921875 0.6216032609375 0.458984375 0.6640625 0.447265625 0.7184103265624999 0.44921875 0.7693614125 0.4990234375 0.859375 0.513671875 0.8576766296875 0.5576171875 0.8254076093749999 0.572265625 0.799932065625 0.583984375 0.7523777171875 0.5859375 0.6810461953125
1 0.93359375 0.1851222828125 0.923828125 0.110394021875 0.8974609375 0.06453804375 0.8779296875 0.050951087500000006 0.8505859375 0.050951087500000006 0.8251953125 0.071331521875 0.8046875 0.10699728281250001 0.791015625 0.1579483703125 0.79296875 0.22248641249999998 0.8125 0.280230978125 0.8310546875 0.3125 0.861328125 0.3243885875 0.8896484375 0.3158967390625 0.912109375 0.2836277171875 0.9296875 0.22927989062499998 0.93359375 0.1851222828125
1 0.5966796875 0 0.583984375 0.022078804687500002 0.568359375 0.096807065625 0.56640625 0.1987092390625 0.580078125 0.253057065625 0.5966796875 0.2853260875 0.6162109375 0.305706521875 0.650390625 0.31080162968749997 0.6630859375 0.3023097828125 0.689453125 0.2564538046875 0.6953125 0.23267662968749997 0.681640625 0.1783288046875 0.681640625 0.0900135875 0.69140625 0.0424592390625 0.6689453125 0 0.5966796875 0
1 0.80859375 0.0356657609375 0.8037109375 0.0271739125 0.7275390625 0.01358695625 0.7099609375 0.0237771734375 0.69140625 0.052649456250000004 0.681640625 0.10020380468750001 0.685546875 0.1953125 0.7080078125 0.227581521875 0.73046875 0.2258831515625 0.7529296875 0.22078804375 0.77734375 0.1783288046875 0.806640625 0.056046195312500005 0.80859375 0.0356657609375
1 0.3720703125 0.033967390624999996 0.3447265625 0.0543478265625 0.326171875 0.0900135875 0.3251953125 0.1868206515625 0.3525390625 0.1732336953125 0.3916015625 0.1732336953125 0.4453125 0.1987092390625 0.44921875 0.13756793437499998 0.443359375 0.10020380468750001 0.4130859375 0.0407608703125 0.3720703125 0.033967390624999996
1 0.275390625 0.123980978125 0.263671875 0.0798233703125 0.2421875 0.025475543750000003 0.2255859375 0.0033967390625 0.1787109375 0.006793478125 0.142578125 0.0628396734375 0.130859375 0.096807065625 0.134765625 0.1545516296875 0.15234375 0.1987092390625 0.1806640625 0.24796195625 0.205078125 0.25985054375 0.2431640625 0.227581521875 0.2646484375 0.22078804375 0.275390625 0.1647418484375 0.275390625 0.123980978125
1 0.900390625 0.6810461953125 0.884765625 0.6402853265624999 0.8642578125 0.6216032609375 0.8466796875 0.6216032609375 0.818359375 0.6606657609375 0.810546875 0.762567934375 0.826171875 0.8237092390624999 0.8369140625 0.8423913046875 0.873046875 0.8508831515624999 0.896484375 0.8169157609375001 0.908203125 0.762567934375 0.908203125 0.7319972828125 0.900390625 0.6810461953125
1 0.7978515625 0.8559782609375001 0.75390625 0.9493885875 0.7568359375 0.9986413046875 0.9296875 0.996942934375 0.92578125 0.9493885875 0.9033203125 0.8899456515624999 0.8408203125 0.84578804375 0.7978515625 0.8559782609375001
1 1 0.748980978125 0.9638671875 0.723505434375 0.9423828125 0.723505434375 0.9140625 0.75577445625 0.900390625 0.8101222828125 0.900390625 0.8576766296875 0.908203125 0.8950407609375001 0.9345703125 0.9544836953125 0.9658203125 0.9850543484375001 0.986328125 0.99014945625 1 0.9799592390624999 1 0.748980978125
1 0.9267578125 0.4177989125 0.8837890625 0.4177989125 0.8583984375 0.43817934843749995 0.8359375 0.47724184843749995 0.8203125 0.551970109375 0.8203125 0.5961277171875 0.8369140625 0.625 0.8701171875 0.6216032609375 0.8916015625 0.6487771734375001 0.91015625 0.6470788046875 0.927734375 0.6368885875 0.935546875 0.528192934375 0.958984375 0.44667119531250005 0.9267578125 0.4177989125
1 0.927734375 0.6165081515625 0.935546875 0.6606657609375 0.9501953125 0.68953804375 0.9697265625 0.7065217390625 1 0.7116168484375 0.9990234375 0.4177989125 0.9658203125 0.4449728265625 0.947265625 0.4806385875 0.927734375 0.6165081515625
1 0.5166015625 0.17663043437499998 0.4833984375 0.1970108703125 0.47265625 0.21569293437499998 0.47265625 0.23267662968749997 0.498046875 0.29721467343749997 0.50390625 0.3515625 0.5166015625 0.3634510875 0.548828125 0.36514945625 0.5654296875 0.35326087031250003 0.587890625 0.29721467343749997 0.564453125 0.188519021875 0.5166015625 0.17663043437499998
1 0.9892578125 0.0033967390625 0.8798828125 0 0.875 0.008491848437500001 0.876953125 0.0424592390625 0.919921875 0.096807065625 0.9365234375 0.149456521875 0.9765625 0.1477581515625 0.986328125 0.1341711953125 0.982421875 0.08322010937499999 0.99609375 0.0356657609375 0.9892578125 0.0033967390625