1 0.8844106921874999 0.6917075968749999 0.8674303 0.741154625 0.863524684375 0.778314071875 0.8767043156250001 0.8958245828125 0.8921393828124999 0.9264781921875 0.9187068015625 0.9446400640625001 0.95667805625 0.9383846546875001 0.9857926421875 0.6613778765625 0.970879775 0.64444095 0.938568653125 0.634214015625 0.908889303125 0.6550027359375 0.8844106921874999 0.6917075968749999
1 0.791947184375 0.7212669578125 0.8284982140625001 0.7285240749999999 0.8606214281250001 0.7592239546874999 0.8741555984374999 0.7145378874999999 0.90809561875 0.653211590625 0.90882649375 0.6088875687499999 0.9007225 0.573881309375 0.8785828984374999 0.5322766765625 0.855628846875 0.526448659375 0.8188899062500001 0.5396644875 0.765358484375 0.5818544 0.7451197796875 0.61558944375 0.738039425 0.6455843125 0.732003475 0.7030125468749999 0.739919559375 0.75849175 0.791947184375 0.7212669578125
1 0.7789149703125 0.976055915625 0.820958984375 0.9497358765625 0.859932596875 0.8872309046875 0.8684539390625 0.80615575 0.8619373140625 0.7747317828125 0.8394426562499999 0.73650528125 0.7958320359375 0.7216752718749999 0.7753426125 0.7297680953125 0.7495481140625 0.750965128125 0.7285992968749999 0.7914564359375 0.7121411078125 0.8546201468750001 0.7107001187499999 0.905700434375 0.729477071875 0.9606134359375 0.7525146968749999 0.9749888609375 0.7789149703125 0.976055915625
0 0.6966645109375 0.8991020578125 0.7096557156250001 0.8782670671874999 0.7328599687499999 0.750918859375 0.7394596484375 0.6320717859375 0.7504248546875 0.6024852328125 0.7799370578125 0.5646016984375 0.7683868421875 0.5343564015625 0.7547898625 0.5329273015625 0.744096140625 0.5505883171875 0.7490253953125 0.5784299984375 0.7124536015625 0.608740640625 0.6906903359375 0.6850085640625 0.6639355234375001 0.8461380875 0.666922353125 0.8737756093750001 0.6838612171875 0.8994641015625 0.6966645109375 0.8991020578125
0 0.6543277328125 0.8160969484375 0.66961641875 0.7920879843749999 0.697060578125 0.661769959375 0.69975464375 0.5800823328125 0.689081684375 0.5601755875000001 0.6693023734375 0.5615121484375 0.6676106671875 0.5869502125 0.64570101875 0.6085555609375 0.6238962265625 0.759959003125 0.6293476828125 0.8015173671875001 0.6395820125 0.8162548359375 0.6543277328125 0.8160969484375
0 0.602216534375 0.844774334375 0.6298491203125 0.8528018093749999 0.621619509375 0.72556521875 0.6329812984375 0.6174650109375001 0.6243343375 0.60630983125 0.6344222859374999 0.5663847265624999 0.61368214375 0.548835328125 0.5977876828124999 0.5505802015625 0.585151534375 0.5680370609375001 0.567105975 0.6276184828125 0.5597961828125 0.7532218171875 0.57475109375 0.8538416718749999 0.602216534375 0.844774334375
0 0.5176893578125 0.7334266890625 0.5398704890625 0.699895803125 0.5678160859375 0.6208622203124999 0.578259090625 0.5775589828125 0.5619467640625 0.5365668218749999 0.53439775 0.537086753125 0.521406546875 0.5579217437499999 0.5061806703125 0.628045875 0.5079351859375 0.648722978125 0.494150296875 0.6677668234375 0.489889625 0.7083044000000001 0.5045310078125 0.737166865625 0.5176893578125 0.7334266890625
0 0.49989451718750005 0.8186503343749999 0.50787289375 0.7614262578125001 0.48953456875 0.7116825328124999 0.491852815625 0.670940796875 0.5036703859375 0.608055840625 0.49417800312500004 0.55118293125 0.4729119984375 0.564813578125 0.45548525624999997 0.602301578125 0.46550921250000005 0.6654387140625 0.45208551718749995 0.7316546234375 0.4617561171875 0.8078109296875 0.47905003749999997 0.8301212890624999 0.49989451718750005 0.8186503343749999
2 0.3205015 0.61023793125 0.3728006078125 0.5610876 0.4414120421875 0.55292943125 0.4566586828125 0.44523753906249997 0.45118646250000005 0.4412469359375 0.44980776562499997 0.379623940625 0.43913480781249997 0.35971719687500003 0.40118431718750003 0.3284048453125 0.3798176359375 0.326159115625 0.340426159375 0.34592705156250003 0.316657659375 0.37587565 0.29579241562499997 0.42491436406250005 0.287960421875 0.536801015625 0.295709359375 0.5751854046875 0.3119381125 0.607630159375 0.3205015 0.61023793125
2 0.2244279890625 0.5789239953124999 0.265218925 0.583211296875 0.284225315625 0.54251583125 0.293289625 0.4375896 0.2593490859375 0.34009744999999997 0.2539604390625 0.344654253125 0.197935534375 0.3165504265625 0.1645708 0.343395640625 0.12990268437500002 0.40528449218749996 0.153727746875 0.5322154343750001 0.1605786625 0.5978290312500001 0.2244279890625 0.5789239953124999
2 0.450872934375 0.369489546875 0.45212601093749993 0.3388822078125 0.4644071046875 0.3248034796875 0.47127878437500004 0.35284931875000003 0.487444728125 0.3391789046875 0.511505475 0.2597370078125 0.5066597921875 0.24044273437500002 0.48088605781249993 0.22407200781249997 0.40651015625 0.277732875 0.39936699375 0.261612575 0.41509430781249995 0.2427728875 0.4075960875 0.23003071875 0.3684553296875 0.27544087500000003 0.3620850875 0.29867948125 0.372047934375 0.3253424875 0.412483815625 0.33300791875 0.44504565781250005 0.368877075 0.450872934375 0.369489546875
2 0.1653270671875 0.29091133125 0.1588897921875 0.321966409375 0.15352393125 0.3503747078125 0.17379424062499998 0.33112088906250003 0.20364932656249998 0.330119865625 0.2242611046875 0.2736517546875 0.25393082968749997 0.2857378046875 0.2571879 0.33022844375 0.26298886875 0.3542919375 0.2935532984375 0.42579632656250005 0.315772390625 0.36535826718750003 0.3209272109375 0.3314091921875 0.3103466578125 0.3075331421875 0.29476721875 0.2934789625 0.2703750484375 0.28401712031250004 0.25174090625 0.2461880484375 0.22963530781250002 0.23006833906250002 0.1933551828125 0.2413225953125 0.1653270671875 0.29091133125
2 0.2846873890625 0.1365208234375 0.256093990625 0.1783536421875 0.2403717109375 0.22981710312499998 0.255174846875 0.22861369687500002 0.27809903125 0.24826855937499998 0.295167796875 0.2783450703125 0.31680118749999997 0.31028101874999997 0.3305577734375 0.2661989125 0.36168296718750004 0.290854653125 0.37353713437499997 0.268646784375 0.403455184375 0.2179855203125 0.3932290140625 0.1982856328125 0.37457844218749997 0.190806859375 0.37413517500000004 0.15351012343749998 0.35349730468749996 0.12719736718750002 0.3198649359375 0.1180013328125 0.2846873890625 0.1365208234375
2 0.543255340625 0.12575740625 0.5237541718750001 0.081207740625 0.4970312453125 0.0560562203125 0.4580130515625 0.049885785937499996 0.42815379687500005 0.058474346875000006 0.39767865625 0.0842436296875 0.381639846875 0.1273960234375 0.404960525 0.1395045625 0.4142412796875 0.1266836578125 0.4212571578125 0.146735928125 0.417528209375 0.18221450625 0.43481210781249996 0.21024418906250003 0.44633323750000004 0.21007547031249998 0.47768599062500006 0.209921696875 0.5026773546875 0.2325531078125 0.5226738281250001 0.2574188109375 0.5414335546875 0.195927321875 0.543255340625 0.12575740625