1 0.77454330625 0.44874117187499996 0.7945911828125001 0.364756821875 0.79052259375 0.2931141828125 0.7790001953125001 0.2704012140625 0.7508101 0.24851543125000003 0.7206670359375 0.245235 0.6667580109375 0.28492725625 0.61354999375 0.3858814609375 0.5959858812500001 0.45979177968749996 0.5647686296875001 0.5329865640625 0.564408046875 0.5771858765625 0.582665609375 0.6206602218749999 0.6223806234375 0.6465514015625 0.6399346578125 0.6474713703125 0.6702580124999999 0.628652146875 0.77454330625 0.44874117187499996
1 0.9490271031249999 0.40346307187499997 0.949392725 0.32184861875 0.9346830359375 0.2666553046875 0.906851003125 0.21927778125000003 0.8632325734374999 0.2118897359375 0.8341511015625 0.22567194375000002 0.80737058125 0.27018734375000003 0.7976133 0.3070913921875 0.794763915625 0.39877988124999997 0.8172728781249999 0.4730896390625 0.8686855421875 0.5370092734374999 0.8903182453125 0.5347415953125 0.9225945671875 0.49731701875 0.940864728125 0.44725350781250006 0.9490271031249999 0.40346307187499997
1 0.9527048765625 0.743795878125 0.945263665625 0.6991876921875 0.9229299546874999 0.6401934218750001 0.8720531250000001 0.5473899624999999 0.80592573125 0.46569215937499997 0.779683565625 0.4626161640625 0.715659196875 0.564704209375 0.7128148515625 0.6189775531249999 0.723445871875 0.6773585125 0.7766236546874999 0.8008951640624999 0.8149164953125 0.8539230171875 0.8658008828125 0.8906037609374999 0.9055209359375 0.8790797984375001 0.9340741328125001 0.8380587 0.9479100828125 0.7979670046875 0.9527048765625 0.743795878125
1 0.5603369375 0.524250809375 0.5745259109374999 0.49608251562500005 0.575592540625 0.4757300125 0.585522553125 0.472849021875 0.5844609625 0.45578638125 0.5970525109375 0.4394392734375 0.6045038 0.40921717500000004 0.6039805640625 0.344563140625 0.5843058671875 0.2908103234375 0.54760793125 0.24466885781249997 0.5121468390625 0.23090551874999998 0.4749080296875 0.25106301875 0.44032571562499995 0.295169546875 0.4094640078125 0.3615801640625 0.392788753125 0.4185300625 0.387638415625 0.47948535625 0.397030075 0.524195759375 0.41901076249999997 0.571266628125 0.4413495125 0.59284575625 0.4865653671875 0.5884126171874999 0.5603369375 0.524250809375
1 0.481201984375 0.9146659953125 0.520033178125 0.9201024515625 0.5844030124999999 0.8860605250000001 0.6127784375 0.8484315109375 0.62874260625 0.8050499500000001 0.6322929984375001 0.7746234125 0.6239679687499999 0.7095605046875 0.6058881781250001 0.6626940734375 0.5638722125 0.6060697 0.5277025531249999 0.587167125 0.4954312703125 0.587176559375 0.46847801718750004 0.5976689015625001 0.4317750421875 0.5889425796875 0.38956870781249997 0.629248146875 0.37112077499999996 0.6827037421875 0.36011909375 0.743352378125 0.36543208437499997 0.7912504296875 0.37145868125 0.8068725734375001 0.4076283421875 0.8257751484375 0.4641812640625 0.903569775 0.481201984375 0.9146659953125
1 0.777317103125 0.918279828125 0.7853017078125 0.8778814765625 0.7844229281249999 0.8200116109375 0.7386888765624999 0.7223755734374999 0.7106841125 0.640974990625 0.675045246875 0.6306037359375 0.6397568859375 0.6508634546875001 0.6253901421875 0.6824238312500001 0.6331818578124999 0.7576629921875 0.6324606921875 0.8460616125 0.6537277734375 0.9254083874999999 0.673935784375 0.9689849531249999 0.71170035 0.994773915625 0.733333053125 0.9925062375 0.765609375 0.955081659375 0.777317103125 0.918279828125
1 0.7607627890625001 0.0772662984375 0.743394084375 0.01683153125 0.510404396875 0.0029203593749999998 0.501002659375 0.033040240625 0.49922494375 0.06696108125 0.525632284375 0.1601828484375 0.5555925359375 0.20427050625 0.6343114765625 0.269621203125 0.6731426703125 0.275057659375 0.7015155765625 0.256136215625 0.7497560671875 0.175330078125 0.7595133484375001 0.138426028125 0.7607627890625001 0.0772662984375
1 1 0.027023556250000004 0.8010211953124999 0.018150940625 0.7916194578125 0.048270821874999995 0.7923154265625 0.14694791406250002 0.8088003125000001 0.18692795625 0.835039959375 0.20871152343750002 0.92883925 0.2102259359375 0.9692703890625 0.1851336359375 1 0.1350710671875 1 0.027023556250000004
1 0.416304784375 0 0.3577335953125 0.0238311265625 0.3329060421875 0.049741175 0.29300065937499997 0.1207799359375 0.28093738749999997 0.164365934375 0.2750759640625 0.2388895640625 0.2844676234375 0.28359996718749997 0.299535375 0.31330154062500004 0.3429735140625 0.34278924375000003 0.38818936718749997 0.3383561046875 0.4264922875 0.3165536703125 0.45433691718749997 0.2703933375 0.5011552359375 0.2167238703125 0.5091398390624999 0.17632551875 0.5100337359375 0.1219499546875 0.486993978125 0.039108878125 0.466252653125 0.0057085640625 0.43152318906250003 0 0.416304784375 0
1 0.2585583234375 0.44210795 0.27346090156249997 0.38166375 0.2743547984375 0.3272881859375 0.26532372187500003 0.238378471875 0.2406865390625 0.167358578125 0.21072376718750002 0.141978490625 0.171006234375 0.13479488281250002 0.13979654218749998 0.1518669546875 0.11319379375000001 0.192990271875 0.1000638921875 0.256928775 0.097392278125 0.34522517812500003 0.11103533750000001 0.42077099375 0.13797851249999998 0.48510893906249997 0.160139490625 0.5100801500000001 0.1911688921875 0.5151077328125 0.238340234375 0.4733616703125 0.2585583234375 0.44210795
1 0.37129854687499997 0.67931165625 0.390102021875 0.6190718953125 0.3931241390625 0.561406465625 0.38249311874999997 0.50302550625 0.35501662968750003 0.44886381562500005 0.3195580546875 0.4163929046875 0.2892372203125 0.41650455781250006 0.267957540625 0.4306956390625 0.223617946875 0.5117062140625 0.20924868281250003 0.5619741640625 0.20675988125 0.609463340625 0.217035359375 0.6746284671875 0.2372433703125 0.7182050328125 0.2672061421875 0.74358511875 0.30798778437499996 0.74912379375 0.346646246875 0.72053719375 0.37129854687499997 0.67931165625
1 0.26135479687499996 0.7432784625 0.2276689 0.7143018546875 0.199476284375 0.7111236421875 0.1540801390625 0.7376564359375 0.12357649374999999 0.778575315625 0.0994549890625 0.8283321703125001 0.08171310468750001 0.9056345734375 0.0794020734375 0.9497316640625 0.08666803281249999 0.9790243625 0.2485552421875 0.9875085109375 0.2666451109375 0.95954465625 0.289354521875 0.8620941875 0.2836910265625 0.7835651625 0.26135479687499996 0.7432784625
1 0.3138290515625 0.8242607359375 0.2937887328125 0.8521223734375001 0.28189819374999997 0.9297314312499999 0.28951465625 0.989655103125 0.48172270156249997 0.9980276 0.47463703281249997 0.9466352468749999 0.45141698437500005 0.8858938249999999 0.4111736953125 0.832763753125 0.3723450203125 0.808619725 0.3138290515625 0.8242607359375
1 0.20834974687500002 0.65376486875 0.20552051875 0.5957927859375001 0.2112041703125 0.524661240625 0.20677247968749998 0.5159254828125001 0.16191216718749998 0.513574453125 0.130710034375 0.47452381250000003 0.12184413125 0.4757598703125 0.0798155671875 0.5126733531250001 0.0617256984375 0.540637209375 0.0388435546875 0.6040646187500001 0.0335104078125 0.7058271390625 0.0499952921875 0.7458071828125 0.072156271875 0.77077839375 0.1014129953125 0.7723116734375 0.141844134375 0.7472193765624999 0.176779471875 0.715036253125 0.20834974687500002 0.65376486875
1 0.11936540625 0.4484187609375 0.0970367359375 0.3520093453125 0.0998861203125 0.260320859375 0.059104476562499994 0.2547821828125 0.0339239015625 0.26876882812499997 0.009804915625 0.2998181125 0.0005607921875 0.47620648125000004 0.034599712500000004 0.5171064921874999 0.0693522390625 0.5257305953125 0.10872178749999999 0.483575659375 0.11936540625 0.4484187609375
1 0.22313337187500001 0 0.23112466718750002 0.06991754375 0.2531053546875 0.11698841093750001 0.27172097968750003 0.1349710171875 0.28537411874999996 0.1356865484375 0.3266991546875 0.0562186859375 0.37741836875 0.0027536578125 0.37724704375 0 0.22313337187500001 0
1 0.025517715625 0 0.0126492609375 0.2455447671875 0.048821440625000004 0.24573977187499998 0.08748242187500001 0.1984455984375 0.102918315625 0.1278251453125 0.1045232984375 0.059881246875 0.08879610624999999 0 0.025517715625 0
1 0.9372854515625001 1 0.942389084375 0.97795189375 0.9450556578124999 0.9270706328125 0.9416931156249999 0.8792748015624999 0.9301707171875 0.856561834375 0.8952353796875 0.88874495625 0.8560486421875 0.8900926671875 0.8074702453124999 0.846729975 0.7986043421875 0.84796603125 0.7672042796875 0.9619680468749999 0.7398929640625 0.9979521265625 0.7401753125 1 0.9372854515625001 1