1 0 0.5349634078125 0.0395174203125 0.8161444625 0.045319771875 0.8153289953125 0.0770826984375 0.7817089796875 0.12423331875000002 0.6961896140625 0.144048340625 0.619657196875 0.1331754421875 0.542292503125 0.1098376140625 0.509556153125 0.0717575375 0.47717662812499995 0.033075190625 0.482613078125 0 0.5253960765625 0 0.5349634078125
1 0.1119898515625 0.28629582187499997 0.0810860375 0.354096303125 0.07364959062500001 0.4134534828125 0.080224696875 0.4742715875 0.1250094171875 0.526289559375 0.1441778765625 0.578477540625 0.17675673593750002 0.5927645453125 0.2084333046875 0.5865976328125 0.27453760625 0.5447211328125 0.290354859375 0.509912015625 0.2958140109375 0.464553209375 0.272563653125 0.3271858796875 0.23818021250000002 0.27199104375 0.2015183390625 0.2497025671875 0.144956203125 0.25422173593749997 0.1119898515625 0.28629582187499997
1 0.230831234375 0.22671724375000002 0.2793125890625 0.255919903125 0.31533012656250003 0.2525730265625 0.359643225 0.22404944375000002 0.407008625 0.1470751921875 0.412640490625 0.04681018125 0.40430286562499995 0.00853556875 0.21669348593749999 0.0349023484375 0.20332626406249998 0.059076773437499994 0.1978671109375 0.104435578125 0.20684907031250002 0.1683455421875 0.230831234375 0.22671724375000002
1 0.42467363750000003 0.13944735625 0.411134815625 0.1413501140625 0.383411725 0.19669815156249998 0.31795175625 0.2642100046875 0.3029504390625 0.3469261421875 0.3046254859375 0.42901362968749995 0.3131347109375 0.48955991093750006 0.3294235828125 0.53529235 0.3527614125 0.5680287015625 0.37012528906250003 0.57930885 0.41048379687500003 0.5787820140625 0.46403792499999996 0.5318090828125001 0.46726182656250004 0.5056300859375 0.491073503125 0.46455224375000004 0.511835109375 0.3175693171875 0.5052600015625 0.2567512125 0.490905246875 0.21074695000000002 0.45553315781250003 0.1625513 0.42467363750000003 0.13944735625
1 0.5212909171875 0.3076650875 0.5054304875 0.35620075625 0.50620324375 0.417834328125 0.523264871875 0.5252003375000001 0.5520175609375 0.6034823109375 0.5729485375000001 0.6331268015625 0.6144241140625 0.6615989984375 0.6461006828125 0.6554320859375 0.700471859375 0.5791882984375001 0.706919659375 0.5268303078125001 0.6965194968749999 0.45282929843749997 0.6648872203125 0.3680917828125 0.6136558140624999 0.2912539265625 0.5871372640625 0.2709700203125 0.5523231515625 0.27586282500000003 0.5212909171875 0.3076650875
1 0.4639145296875 1 0.5011669624999999 0.94335061875 0.5013396765625 0.8884444109375 0.46493687499999997 0.7837966234375 0.44301725000000003 0.761151321875 0.41018043281249994 0.75204575 0.33178391406249996 0.7836443890625 0.28815832812500003 0.824076771875 0.24371569375000002 0.8937800125 0.23490422031249997 0.9293195937500001 0.23331330156250002 0.9741347515625 0.24051484374999998 1 0.4639145296875 1
1 0.46739024687499997 0.5416283078124999 0.448951365625 0.564800446875 0.4321022859375 0.620335303125 0.4324454859375 0.6648786421875 0.45006620625 0.7481552312499999 0.47550975156249997 0.8028914281249999 0.5042192625 0.8948999531249999 0.5277718703125001 0.9361814203125001 0.55545066875 0.9717378078125 0.5795623671875 0.9889298562500001 0.6112389359375 0.9827629437500001 0.650180353125 0.894967184375 0.6321732546875001 0.780873809375 0.57703155 0.641128275 0.550556178125 0.607117815625 0.531860453125 0.5582935171875001 0.517161384375 0.5449237921875 0.48956782812500005 0.5590921765625 0.46739024687499997 0.5416283078124999
1 0.32718833125 0.554472159375 0.2686920765625 0.5592631515625001 0.2241210203125 0.5929681703125 0.20486509062499997 0.6454111671875 0.2037900859375 0.679863459375 0.2123424890625 0.7266831875 0.24960551718750001 0.7883335671875 0.28820150624999996 0.8103502203125 0.3005369015625 0.8069015328125 0.3569706171875 0.7663841453125 0.41357593281250005 0.7481384234374999 0.42849089375 0.6928753890625 0.42333399062500005 0.6421483328125001 0.4123315578125 0.6059632953125 0.3990938703125 0.588958065625 0.35998196875 0.57730428125 0.32718833125 0.554472159375
1 0.1868105859375 1 0.20795499843749998 0.969123328125 0.226780259375 0.9767679734374999 0.22794050625 0.9920404546875 0.23468832812499998 0.9979523515625001 0.2299178015625 0.9780420796874999 0.233486015625 0.9192285468750001 0.26610916875 0.8426111234375 0.25222714687500003 0.79997054375 0.21376069375 0.736774234375 0.19846046875 0.6840426078124999 0.1451654109375 0.6486562296875 0.0935874625 0.7588086625 0.058385859375 0.8100625562499999 0.0731701703125 0.873157053125 0.1149457671875 0.9598991375000001 0.1417127359375 1 0.1868105859375 1
1 0.72913930625 0.6077454999999999 0.6893387765625001 0.6613607921875 0.6457552546875001 0.7652445 0.6431325109375 0.8307853984375001 0.6689192562499999 0.9300649328124999 0.6936752890625 0.97289233125 0.820596340625 0.9567698 0.844622796875 0.924237075 0.8682628749999999 0.8608875640625 0.8785789109375 0.8079859265625 0.8812448328125001 0.7287184765625 0.8649991390625 0.6692594859375001 0.8132518203125001 0.6027844984375 0.7833377687499999 0.5864079203125 0.72913930625 0.6077454999999999
1 0.72325728125 0.1729468203125 0.7034001953125 0.18602791406250002 0.6764077953125 0.2395582 0.6670372296875 0.2991872015625 0.669700925 0.374275503125 0.6951012921874999 0.4427382515625 0.7073923953125 0.5301939906250001 0.7189107421875 0.556016159375 0.7557873921875 0.5868497515625 0.80727786875 0.581328296875 0.831261146875 0.562522125 0.8496147859375001 0.4896252109375 0.8518079734375 0.406994078125 0.840462340625 0.326265703125 0.8256348499999999 0.276897759375 0.8006640390624999 0.22552524531249998 0.76189645 0.181236921875 0.72325728125 0.1729468203125
1 0 0.3450907265625 0.043220740625 0.330261896875 0.0944543734375 0.252744003125 0.10915455624999999 0.18893585156249998 0.1078658875 0.1376651515625 0.0974225453125 0.0773906921875 0.08323939062499999 0.0536580984375 0 0.066323034375 0 0.3450907265625
1 0.46613889531249997 0 0.4557069859375 0.030467218750000004 0.45218195000000005 0.0755542 0.45686611875 0.122917575 0.47457319531250003 0.1787410625 0.49571895 0.21693066875000003 0.5272659843749999 0.2519434125 0.5763064296875 0.25705665 0.60996029375 0.23689136406250003 0.6388868109375 0.18308925468749998 0.645850525 0.12036839375 0.6315389484375 0.06063758125 0.599310746875 0 0.46613889531249997 0
1 0.622399496875 0 0.62724115625 0.044090990625 0.641123178125 0.086731571875 0.657713184375 0.11355602499999999 0.7291028125000001 0.15840479999999998 0.7810660234375 0.156247028125 0.80410383125 0.13071349062499998 0.8282598234374999 0.0570011109375 0.8307530312500001 0.0326398671875 0.8261657984375 0 0.622399496875 0
1 0.8208654390625 0.1798096125 0.799245834375 0.21543419843749997 0.825162115625 0.273534078125 0.845232865625 0.3461759765625 0.8530966421875 0.45826478125000003 0.8832254718750001 0.48318647812500004 0.9255180953125001 0.4823878171875 0.9528968734375001 0.45967431718749996 0.9746460125 0.3828700765625 0.9705209359375001 0.31141728125 0.9552207109375 0.2586856546875 0.938888659375 0.226679765625 0.8953073671875 0.1762077234375 0.866338784375 0.166558509375 0.8208654390625 0.1798096125
1 0.8506034328125001 0.4826260234375 0.834656646875 0.5586147968749999 0.8024209859375 0.58887113125 0.8573058484375 0.656620225 0.8765174859375 0.6950816546875 0.8836085062500001 0.7455368890625 0.8697242578125 0.8572520593749999 0.8747527406250001 0.871980896875 0.8832199 0.8690758531249999 0.9227624734375001 0.820641996875 0.9288659609375 0.8009185421874999 0.9363024093750001 0.741561365625 0.9355728328125 0.6662012421875 0.9118065609375 0.53919678125 0.9007609484374999 0.5167382953125 0.8624660937499999 0.47581365625 0.8506034328125001 0.4826260234375