2 0 0.6354839234375 0.0062469609375 0.6376185703125 0.0117762125 0.64155128125 0.011750521875 0.658360490625 0.013588449999999998 0.6800503078125 0.01583710625 0.688048859375 0.0240000578125 0.7030980640625 0.04005389375 0.707169221875 0.055958850000000004 0.7066313609375 0.0662472703125 0.7082608859375 0.07739305937499999 0.7100262046875 0.089160053125 0.7134183937499999 0.10320139375 0.7079999234375001 0.1217041453125 0.6910602328125 0.12356776093749999 0.695940840625 0.12158095625000001 0.669642 0.10939301562499999 0.6356135421875 0.09930485156249999 0.604974615625 0.087501953125 0.5740641015625 0.07271621874999999 0.5564374703125 0.0563389359375 0.5599574828125 0.0487714984375 0.5633443578125 0.0324558109375 0.5775734859375 0.0156062015625 0.5840756500000001 0 0.5875183984375 0 0.6354839234375
2 0.050403909375 0.719507865625 0.0980417109375 0.768321909375 0.1228181078125 0.778360025 0.13872306406249998 0.7778221624999999 0.1464393796875 0.77904430625 0.1502795859375 0.7658962171875 0.1356684171875 0.73606939375 0.1326753640625 0.70502574375 0.12412737031250001 0.6868585953124999 0.1103837875 0.7014951046875 0.0897812578125 0.7150452625 0.060307285937499996 0.718019446875 0.050403909375 0.719507865625
2 0 0.8498317343749999 0.0097275109375 0.8597994312499999 0.020637135937500002 0.8630558265625 0.034503909375 0.8698375468749999 0.05008541875 0.8768908546875 0.0663754171875 0.8794709375 0.0831377421875 0.8790688687499999 0.0982726140625 0.8722951171875 0.12168341406250001 0.8576612656249999 0.139292890625 0.8130674546875 0.1485391578125 0.7824338390625 0.1373933703125 0.78066851875 0.1296770546875 0.779446375 0.1122062390625 0.7843216703125 0.0700617859375 0.7119220046875 0.061251939062500003 0.7120551421875 0.042626 0.7075766031249999 0.032722621875 0.709065021875 0.0215511421875 0.7241089125 0 0.738127521875 0 0.8498317343749999
2 0 0.7248356421875 0.006590839062499999 0.7186824734374999 0.02500630625 0.707842878125 0.036860584375 0.7051349703125 0.040141176562500006 0.7010691265625 0.030884693749999997 0.6873752046875 0.0269213 0.6791050640625 0.0180498578125 0.6685290859374999 0.000779303125 0.644394978125 0 0.641650728125 0 0.7248356421875
2 0 0.5794946734375 0.012905104687499998 0.5851763203125 0.057135328124999996 0.5681081390625 0.0750573046875 0.5485926828125 0.0826350328125 0.525719315625 0.1125301765625 0.3619393265625 0.1018509484375 0.3482111234375 0.086221928125 0.35949205 0.054293934375 0.3613133125 0.019599417187500003 0.3369033 0 0.4606491484375 0 0.5794946734375
1 0.8582521390625001 0.33560872656249996 0.8718134921875 0.2999267546875 0.8775199421875 0.23892712968750002 0.8726568515625001 0.207205171875 0.8546540874999999 0.1648043953125 0.8308351875 0.140397371875 0.7915547562499999 0.1324564234375 0.7675105640625 0.140684978125 0.727444575 0.1876448875 0.71494595625 0.21661701875 0.70851175 0.294696778125 0.7217611109375001 0.3483814703125 0.7402952421875 0.38742732812499997 0.7685036671875001 0.409090503125 0.802360740625 0.40757477656249996 0.833451290625 0.3798277765625 0.8582521390625001 0.33560872656249996
1 0.689105359375 0.36728286718750003 0.706721259375 0.3184867515625 0.706363296875 0.2083795 0.6780451843749999 0.143710453125 0.6408902203125 0.122349825 0.6042088234375 0.1354550015625 0.578374140625 0.1674735296875 0.544205075 0.25835591875 0.5381636484375 0.30898525 0.5414326375 0.350771965625 0.5639635140625 0.414524403125 0.5778020421875001 0.42703345156249994 0.6009509875 0.43069988437499995 0.6613415984375 0.3989958578125 0.689105359375 0.36728286718750003
1 0.5640042453125 0.1583194015625 0.55791093125 0.1281221375 0.5320243640625 0.0793140671875 0.506276384375 0.054601509375 0.48049950468749997 0.048799312500000004 0.45891575937500007 0.05397848281249999 0.425699740625 0.0951451609375 0.40875379531249995 0.164681865625 0.40903097187500004 0.212872884375 0.421050109375 0.2680822671875 0.44766443437500003 0.2998102015625 0.5027413734375 0.301655371875 0.5159099484375 0.29342382968749997 0.55072006875 0.2421923921875 0.5640042453125 0.1583194015625
1 0.494874640625 0.5136323593750001 0.5231408671875 0.497474809375 0.546515103125 0.46850566562499996 0.5635996359375001 0.4230644703125 0.5409012703125 0.354126884375 0.535761003125 0.2742139078125 0.5134495015625 0.29647321249999997 0.481856484375 0.3086647703125 0.452920303125 0.30408172968749997 0.42244782187499996 0.2717427234375 0.40925034687500006 0.298884628125 0.39988212968750003 0.345547965625 0.40082926093750004 0.414479575 0.41936339062499994 0.4535254328125 0.46121395625000006 0.5014228703125 0.494874640625 0.5136323593750001
1 0.7233263109375 0.3572270734375 0.70778399375 0.3117769125 0.69455761875 0.3578291796875 0.6725810937500001 0.3904587796875 0.595331240625 0.43496842343750003 0.612467659375 0.470353825 0.6334911375 0.4874399359375 0.6643563968749999 0.4923285125 0.70964935625 0.46855049375 0.7310945125 0.43927581406250005 0.747647678125 0.39718953749999997 0.7233263109375 0.3572270734375
0 0.4053573734375 0.43583123749999997 0.39445285625 0.45473861250000003 0.40353798125000007 0.47853157343749997 0.42229740312499997 0.48494185468750006 0.4328380421875 0.474574546875 0.4053573734375 0.43583123749999997
0 0.41725566875000003 0.11100315000000001 0.40428348437499995 0.105509478125 0.37774994687499996 0.13569777968750002 0.3695830515625 0.1997467890625 0.37634040468749996 0.3693319640625 0.3798057828125 0.3973934640625 0.396607225 0.42240857031249995 0.40082926093750004 0.414479575 0.39828802812499997 0.35561272499999996 0.4198198875 0.269606959375 0.4069633046875 0.1884718390625 0.41725566875000003 0.11100315000000001
0 0.3496223078125 0.1759508375 0.333461921875 0.19058668437499998 0.3193692015625 0.22962357500000002 0.3191379953125 0.38090647187500004 0.33085105625 0.406835196875 0.32783034375 0.43214986250000004 0.354837446875 0.43642736718749997 0.37634040468749996 0.3693319640625 0.37011441875 0.19639186875 0.360497925 0.1759538265625 0.3496223078125 0.1759508375
0 0.29352860468749997 0.38028942187500003 0.309157625 0.3690084953125 0.31564963281249997 0.2531080109375 0.339306959375 0.1536825671875 0.337770659375 0.1259266015625 0.317053259375 0.138121146875 0.2916402578125 0.1237788828125 0.26222459374999996 0.2033773578125 0.24754270625000002 0.28358989375 0.24482806875000002 0.338185215625 0.2543578609375 0.4153543453125 0.2650370875 0.42908254687499997 0.2862569546875 0.43244344375 0.298726671875 0.422381675 0.29352860468749997 0.38028942187500003
0 0.20186288437500002 0.216171021875 0.192916346875 0.21647356874999998 0.176755959375 0.2311094140625 0.1714422890625 0.2646586125 0.18876918125 0.40496611875 0.19505888437500002 0.42143816875000006 0.23084503750000002 0.42022797812499996 0.24244841093749997 0.40315083281249997 0.24563661250000002 0.383021315625 0.2349054984375 0.28846651562500003 0.2212922609375 0.2433218921875 0.20186288437500002 0.216171021875
0 0.1803829109375 0.383003384375 0.18410248125 0.359518946875 0.1715808765625 0.28875412031250003 0.17270141249999998 0.2442235578125 0.1858988875 0.217081653125 0.2030931078125 0.2146463296875 0.2129926921875 0.16462807031249999 0.21075753593750002 0.1350418796875 0.199379453125 0.11948344687500001 0.1865747578125 0.1191749234375 0.17726434062500002 0.1280175375 0.159648440625 0.1768136515625 0.1426446953125 0.2841710796875 0.1309027328125 0.2771527171875 0.1286097765625 0.285387246875 0.136996046875 0.30734998125 0.1330800875 0.34455963437500003 0.1426676796875 0.3839080375 0.1673818265625 0.39642007343749996 0.1803829109375 0.383003384375