1 0.150737184375 0.9408915296875 0.1742171046875 0.9157639453125 0.1871762765625 0.88508365 0.194425925 0.767837071875 0.17645392499999998 0.7015987953125 0.14151439375 0.6494217375 0.12005893593750001 0.634944896875 0.09485756875 0.6380392359375 0.0490083765625 0.6813135359375 0.029122854687499998 0.7196887765625 0.025790904687499998 0.7406313765625 0.0390375734375 0.8485168281250001 0.059927565625 0.8904410828125 0.09362522031250001 0.9325038796875 0.1189578125 0.9465046687499999 0.150737184375 0.9408915296875
1 0.2170779296875 0.735966646875 0.19830305937499998 0.7673610203125001 0.1897005921875 0.8094842468750001 0.201574159375 0.8901603078125 0.241218740625 0.94860415625 0.28565426562499996 0.9739483921875 0.3062161953125 0.973134828125 0.3274748171875 0.961968978125 0.3495816375 0.9096320046875 0.3435237703125 0.8282418640625 0.3335684859375 0.7952417374999999 0.31503101875 0.7564508765625 0.2849277640625 0.7276357359375 0.2662387890625 0.719663709375 0.2170779296875 0.735966646875
1 0.1510306734375 0.5746749515625 0.14284216562500002 0.6201696 0.1469817484375 0.653883803125 0.176039965625 0.698227375 0.19629887968749998 0.75905148125 0.225942846875 0.7280336765625 0.256131996875 0.71748241875 0.28686633125 0.727397709375 0.31655562812500004 0.75284143125 0.32280556875 0.707584809375 0.31369848437500003 0.6334135609375 0.304157159375 0.60378485625 0.28180817187499996 0.5740176109374999 0.244712953125 0.5443498515625 0.20110534375000003 0.5257484546875 0.1724408015625 0.532690265625 0.1510306734375 0.5746749515625
1 0.10877588125 0.6311969093750001 0.0868408515625 0.604801084375 0.057631125000000005 0.591276346875 0.010408832812500001 0.6073412593749999 0.026901554687500003 0.733650509375 0.0455452015625 0.685161009375 0.10877588125 0.6311969093750001
0 0.294287771875 0.53141833125 0.2787792375 0.5333225406250001 0.2692832421875 0.5601553625 0.30139067656249996 0.5972800421875 0.31245660937499997 0.6232993 0.3235022609375 0.697232521875 0.32319924375000003 0.75887019375 0.342695853125 0.8214990234374999 0.3516717125 0.8785751421875 0.3646106 0.8958088109375 0.378942871875 0.8923379062500001 0.39529960468750003 0.849262575 0.3749953625 0.7319769421875 0.34541224375 0.6192528578125 0.3316454390625 0.5952763484375 0.302784059375 0.57657546875 0.2996036171875 0.5666992328125 0.309579184375 0.5517853953125 0.294287771875 0.53141833125
0 0.3512482265625 0.5706248171875 0.35260104375 0.64574816875 0.38508187031249996 0.78207219375 0.40120120000000004 0.809182096875 0.4198245640625 0.8086065609374999 0.428275521875 0.7973021703125001 0.43189020468750006 0.7626358609375 0.4067496859375 0.6219883109375 0.40038880312499997 0.602235840625 0.3796300359375 0.5774067125 0.38337594375 0.55983553125 0.36046148906250003 0.5575157015625 0.3512482265625 0.5706248171875
0 0.4327384046875 0.7214647390625 0.42825523906249996 0.84521613125 0.4600346109375 0.8396029921875 0.48183841406249994 0.8489036890625 0.4955801734375 0.7685047078125 0.4867761046875 0.6326957906249999 0.45980796249999994 0.5572953578125001 0.4356516328125 0.544861265625 0.41369632031250003 0.566379403125 0.4275287375 0.5989034765625 0.41796712812500003 0.617188734375 0.4327384046875 0.7214647390625
0 0.48512027187499995 0.6192101078125 0.5163795062500001 0.697505909375 0.53872849375 0.72727315625 0.5500115484375 0.7310211437499999 0.5649748984375 0.7086503875 0.56153200625 0.664583896875 0.5465889390625 0.639040690625 0.5248913125 0.5424596296875001 0.51430495 0.52835935625 0.48522645000000003 0.531929746875 0.47573045468749997 0.55876256875 0.48512027187499995 0.6192101078125
0 0.5466951171875001 0.5517603281250001 0.53983438125 0.5680028375 0.5489414640625 0.642174084375 0.5583515640625001 0.6547076609375 0.5648436734375 0.6915552578125 0.5649748984375 0.7086503875 0.5500115484375 0.7310211437499999 0.547507515625 0.7587065843749999 0.5556554578124999 0.8090398640625001 0.5701189546875 0.8226640875 0.5863897921875 0.8189551546875 0.6022013421875 0.755413275 0.60235285 0.724594440625 0.5915696484375 0.6848514734375 0.590762015625 0.6301946703125 0.598667790625 0.5984237296875 0.5781917562500001 0.5598708953125 0.5598511265624999 0.546722725 0.5466951171875001 0.5517603281250001
2 0.601884034375 0.36018258593749997 0.592933221875 0.40748195625 0.6085526984375 0.4705868390625 0.6013436140625 0.492005490625 0.60713903125 0.5392053765625 0.61537286875 0.55017225625 0.6829399703125001 0.5555650515624999 0.7364372515625 0.598619009375 0.754035859375 0.5656579374999999 0.760699759375 0.5237727390625 0.7485637421875 0.40890641875 0.7296123156250001 0.3667441375 0.7053247609375 0.33721491875 0.665594284375 0.3181374703125 0.6349911765625 0.3253173078125 0.601884034375 0.36018258593749997
2 0.6180188828125 0.1870890734375 0.6019448828125 0.21644069687499998 0.5773089828125 0.192087621875 0.5759156 0.2127921953125 0.5491896234375 0.2194959796875 0.528062228125 0.24775695937500003 0.5577968546875 0.32966220625 0.5746128749999999 0.3464198234375 0.5767685625000001 0.3239105265625 0.5833465671875 0.3213917234375 0.593518971875 0.332120578125 0.5991831640624999 0.36222533437500004 0.6384543515625001 0.321469834375 0.6733485515625001 0.317185365625 0.6813199390625 0.293961990625 0.6627168593749999 0.2466235640625 0.638908875 0.22901332968750002 0.6226380375 0.2327222609375 0.6346380671875 0.1782039984375 0.6180188828125 0.1870890734375
2 0.6487281703125001 0.09262887343750001 0.6236126984375 0.0563568140625 0.57848048125 0.041364865625000004 0.5494019812500001 0.04493525625 0.5135283546875 0.07329571875 0.49710600937500005 0.10782348593749999 0.49238067656249995 0.14947065937499998 0.49693421875 0.186556284375 0.5067582765624999 0.20246128125 0.512836428125 0.2359374609375 0.5276482687499999 0.2443855390625 0.571907240625 0.1961731203125 0.6030555328125 0.20945982968750002 0.6260558828125 0.1724132609375 0.6601221671874999 0.1613859515625 0.6568105 0.13441458906249998 0.6428921875 0.141256915625 0.6567448875 0.125867025 0.6487281703125001 0.09262887343750001
2 0.917264375 0.444659678125 0.9161083953125001 0.39517901875 0.902275978125 0.362654946875 0.8775744640625 0.32975430625 0.8417211218749999 0.3102008078125 0.8244255296875 0.28152420624999996 0.8033840296875001 0.270418784375 0.7930601171875 0.2905087671875 0.7922119171875 0.3316798890625 0.7746133078125 0.364640959375 0.7568631921875 0.4284208625 0.7649908515625 0.52666810625 0.7878850234375 0.5769019 0.8344106234374999 0.5711892749999999 0.8904119375 0.586557790625 0.8991456296875 0.561529690625 0.8984692203125 0.5239680156250001 0.9112112703124999 0.5155589921875 0.9037397374999999 0.5027873890625 0.9112315531249999 0.46764502812500003 0.9068748484375 0.4562020953125 0.8788413859374999 0.4442440578125 0.917264375 0.444659678125
2 0.8625860671875 0.24774957187500002 0.8367739046875 0.2218297984375 0.793711478125 0.22369495156250002 0.7646126953125 0.27517930625 0.7398252859375 0.28164506562499997 0.7227062484375 0.32652511875 0.7217268234375 0.3506011140625 0.7543794421875 0.408192340625 0.7917979578125001 0.32830846875 0.7941707671875 0.2835279 0.8014454625 0.2706568109375 0.8154293875 0.2723620484375 0.8413071640625001 0.30682938593750003 0.8904477390625001 0.3384404109375 0.8779430937500001 0.2766642 0.8625860671875 0.24774957187500002
2 0.7077787015625 0.100778496875 0.6432405328125 0.136080771875 0.61721125 0.1324322703125 0.6186499624999999 0.16818922187500002 0.624531275 0.1760227078125 0.6500809875 0.1677522265625 0.6532614296875 0.1776284609375 0.636707859375 0.19506110000000002 0.6306750375 0.21804644999999998 0.67371718125 0.264095259375 0.68436915625 0.286743096875 0.6803405140625001 0.3180379859375 0.6877464359375 0.3222620234375 0.70423439375 0.29628182187499996 0.709419015625 0.31446759375 0.7246448156249999 0.32628709375 0.742874503125 0.27442617187499996 0.7668339953125 0.2612175734375 0.7701659453125 0.24027497343749998 0.7813833859375 0.2354753953125 0.7962811249999999 0.204557075 0.7784403484375 0.1554139265625 0.7560913609375 0.1256466796875 0.7077787015625 0.100778496875