1 0 0.7897418484375 0.015625 0.83389945625 0.0439453125 0.879755434375 0.0673828125 0.8967391296875 0.099609375 0.8950407609375001 0.1259765625 0.87296195625 0.142578125 0.8440896734375001 0.1640625 0.72860054375 0.154296875 0.6606657609375 0.1259765625 0.604619565625 0.1064453125 0.5876358703125 0.0810546875 0.5876358703125 0.0302734375 0.625 0.005859375 0.6606657609375 0 0.6810461953125 0 0.7897418484375
1 0.298828125 0.7727581515625 0.28515625 0.7319972828125 0.2587890625 0.6997282609375 0.2412109375 0.68953804375 0.1904296875 0.6997282609375 0.16796875 0.72860054375 0.154296875 0.7693614125 0.15625 0.8508831515624999 0.1884765625 0.9137228265624999 0.2294921875 0.9442934781250001 0.25 0.9459918484375001 0.2724609375 0.9375 0.30078125 0.8882472828125 0.3046875 0.80672554375 0.298828125 0.7727581515625
1 0.2744140625 0.546875 0.2412109375 0.512907609375 0.2001953125 0.489130434375 0.1708984375 0.4925271734375 0.14453125 0.5315896734375001 0.130859375 0.5757472828125 0.130859375 0.6097146734375001 0.154296875 0.657269021875 0.1669921875 0.7201086953125 0.2001953125 0.6929347828125 0.2314453125 0.6861413046875 0.2607421875 0.6997282609375 0.287109375 0.72860054375 0.298828125 0.684442934375 0.298828125 0.6097146734375001 0.29296875 0.579144021875 0.2744140625 0.546875
1 0.0498046875 0.5366847828125 0.0009765625 0.546875 0.001953125 0.6742527171875 0.0263671875 0.6283967390625 0.095703125 0.5825407609375 0.0771484375 0.553668478125 0.0498046875 0.5366847828125
0 0.3212890625 0.5740489125 0.294921875 0.551970109375 0.29296875 0.541779890625 0.3046875 0.528192934375 0.2919921875 0.5061141296875 0.2763671875 0.5061141296875 0.263671875 0.5315896734375001 0.291015625 0.57235054375 0.298828125 0.59952445625 0.30078125 0.6742527171875 0.29296875 0.735394021875 0.3046875 0.799932065625 0.306640625 0.8576766296875 0.3173828125 0.8763586953125 0.33203125 0.8746603265624999 0.353515625 0.83389945625 0.34765625 0.7150135875 0.33203125 0.59952445625 0.3212890625 0.5740489125
0 0.388671875 0.5893342390625 0.37109375 0.5621603265624999 0.376953125 0.5451766296875 0.3544921875 0.540081521875 0.34375 0.551970109375 0.3359375 0.6266983703125 0.3515625 0.7659646734375001 0.3642578125 0.79483695625 0.3828125 0.7965353265624999 0.392578125 0.786345109375 0.400390625 0.7523777171875 0.392578125 0.6097146734375001 0.388671875 0.5893342390625
0 0.4306640625 0.5366847828125 0.40625 0.5553668484375 0.416015625 0.5893342390625 0.404296875 0.606317934375 0.40625 0.7116168484375 0.38671875 0.83389945625 0.4189453125 0.8322010875 0.439453125 0.8440896734375001 0.462890625 0.7659646734375001 0.470703125 0.630095109375 0.453125 0.551970109375 0.4306640625 0.5366847828125
0 0.51953125 0.5451766296875 0.5107421875 0.5298913046875 0.4814453125 0.5298913046875 0.46875 0.5553668484375 0.470703125 0.6165081515625 0.4921875 0.698029890625 0.5107421875 0.7302989125 0.521484375 0.735394021875 0.5390625 0.7150135875 0.541015625 0.670855978125 0.529296875 0.643682065625 0.51953125 0.5451766296875
0 0.57421875 0.6402853265624999 0.5859375 0.6097146734375001 0.5703125 0.5689538046875 0.5537109375 0.553668478125 0.5400390625 0.5570652171875 0.53125 0.57235054375 0.53125 0.6470788046875 0.5390625 0.6606657609375 0.541015625 0.698029890625 0.5390625 0.7150135875 0.521484375 0.735394021875 0.515625 0.762567934375 0.517578125 0.8135190218749999 0.5302734375 0.8288043484375001 0.546875 0.8271059781250001 0.5703125 0.7659646734375001 0.57421875 0.735394021875 0.568359375 0.6946331515625 0.57421875 0.6402853265624999
2 0.744140625 0.395720109375 0.7236328125 0.3634510875 0.6865234375 0.3396739125 0.6552734375 0.3430706515625 0.6181640625 0.3736413046875 0.603515625 0.4194972828125 0.611328125 0.4840353265625 0.6015625 0.5044157609375 0.6015625 0.551970109375 0.6083984375 0.5638586953125 0.6748046875 0.5774456515625 0.72265625 0.6266983703125 0.744140625 0.5961277171875 0.755859375 0.5553668484375 0.7578125 0.4398777171875 0.744140625 0.395720109375
2 0.6923828125 0.268342390625 0.6708984375 0.24796195625 0.654296875 0.2496603265625 0.6728515625 0.1970108703125 0.6552734375 0.2038043484375 0.6357421875 0.2309782609375 0.6142578125 0.2038043484375 0.6103515625 0.2241847828125 0.5830078125 0.227581521875 0.55859375 0.253057065625 0.578125 0.33797554375 0.5927734375 0.356657609375 0.59765625 0.3345788046875 0.6044921875 0.332880434375 0.61328125 0.344769021875 0.615234375 0.37533967343749997 0.6591796875 0.3396739125 0.6943359375 0.3396739125 0.705078125 0.317595109375 0.6923828125 0.268342390625
2 0.7001953125 0.1834239125 0.7001953125 0.15625 0.685546875 0.161345109375 0.701171875 0.1477581515625 0.697265625 0.1137907609375 0.6767578125 0.0747282609375 0.6337890625 0.0543478265625 0.6044921875 0.0543478265625 0.5654296875 0.078125 0.544921875 0.110394021875 0.53515625 0.151154890625 0.53515625 0.188519021875 0.54296875 0.2055027171875 0.544921875 0.23947010937500002 0.55859375 0.2496603265625 0.6083984375 0.20720108750000002 0.6376953125 0.2241847828125 0.6650390625 0.190217390625 0.7001953125 0.1834239125
2 0.900390625 0.551970109375 0.912109375 0.5180027171875 0.9091796875 0.5061141296875 0.8828125 0.49082880468749995 0.9208984375 0.4959239125 0.92578125 0.44667119531250005 0.916015625 0.41270380468749995 0.8955078125 0.37703804375 0.8623046875 0.35326087031250003 0.8486328125 0.3226902171875 0.8291015625 0.3091032609375 0.81640625 0.32778532656250003 0.810546875 0.3685461953125 0.7890625 0.3991168484375 0.763671875 0.46025815156250005 0.759765625 0.5587635875 0.7763671875 0.61141304375 0.8232421875 0.61141304375 0.876953125 0.6334918484375 0.888671875 0.6097146734375001 0.892578125 0.57235054375 0.90625 0.565557065625 0.900390625 0.551970109375
2 0.8408203125 0.3125 0.8623046875 0.34986412968749997 0.9072265625 0.3872282609375 0.90234375 0.3243885875 0.890625 0.293817934375 0.8681640625 0.2649456515625 0.8251953125 0.2615489125 0.7900390625 0.3091032609375 0.7646484375 0.3125 0.7421875 0.3549592390625 0.73828125 0.3787364125 0.763671875 0.4398777171875 0.810546875 0.36514945625 0.818359375 0.3209918484375 0.8271484375 0.3091032609375 0.8408203125 0.3125
2 0.8115234375 0.27173912968749997 0.830078125 0.2428668484375 0.818359375 0.1919157609375 0.7998046875 0.1596467390625 0.7548828125 0.1290760875 0.6865234375 0.15625 0.6611328125 0.149456521875 0.658203125 0.1851222828125 0.6630859375 0.1936141296875 0.689453125 0.188519021875 0.69140625 0.1987092390625 0.6728515625 0.21399456562500002 0.6640625 0.23607337031250003 0.701171875 0.28702445625 0.708984375 0.31080162968749997 0.701171875 0.3413722828125 0.7080078125 0.346467390625 0.7275390625 0.3226902171875 0.73046875 0.3413722828125 0.744140625 0.3549592390625 0.7685546875 0.305706521875 0.7939453125 0.2955163046875 0.7998046875 0.27513587031250003 0.8115234375 0.27173912968749997