1 0 0.734263653125 0.003439234375 0.7693465921875 0.029255453125000004 0.8341449593749999 0.054637039062500004 0.86316008125 0.0905633609375 0.8673748109374999 0.1203548265625 0.8473253140624999 0.141352234375 0.81304074375 0.1696028546875 0.6890299765625 0.16341518593749998 0.6375217875 0.14358894687499998 0.585059896875 0.10932123593750001 0.5571259125 0.0874153078125 0.56240416875 0.0317291109375 0.602775646875 0.005650246875 0.6537300562499999 0 0.6946064171875 0 0.734263653125
1 0.1459583921875 0.5511752484375 0.14358894687499998 0.585059896875 0.16365213125 0.634133321875 0.17364446718749998 0.701230209375 0.20695084375 0.6729139171875 0.2424953453125 0.6685893625 0.2933505828125 0.71130339375 0.30906884375 0.65451695 0.3106746453125 0.6035537343749999 0.30425003125 0.5554340109375 0.287754571875 0.52533775 0.223115884375 0.46974226874999997 0.1917050625 0.47095084375 0.16049193125 0.5113311281249999 0.1459583921875 0.5511752484375
1 0 0.6814234859375 0.0107317046875 0.6370602187500001 0.0339144234375 0.5995234265625 0.0854669390625 0.5622679265625 0.1104138921875 0.555499803125 0.09757822187500001 0.5290644921875 0.0658776453125 0.5064175703125 0.0305700890625 0.507353659375 0.0018712796875 0.5257770453124999 0 0.52856191875 0 0.6814234859375
1 0.1926014390625 0.682125609375 0.1677072984375 0.71613769375 0.1580182734375 0.742700440625 0.150330425 0.7966433921875 0.15528055937500002 0.83784994375 0.1764364 0.8852972578125 0.20376635312500002 0.914448621875 0.220590825 0.9258402046875001 0.248960621875 0.9261214984375 0.26611410625 0.9188084015625 0.295852759375 0.8715149437499999 0.304014496875 0.8107950625000001 0.297063184375 0.74220830625 0.28127855625 0.7019466515625 0.25566002656250003 0.67631999375 0.2188779921875 0.6703429109375 0.1926014390625 0.682125609375
0 0.3207319375 0.515726134375 0.31155605625 0.492951775 0.302051165625 0.48888209531250004 0.289887071875 0.4948415671875 0.281527646875 0.5163897375000001 0.3091473546875 0.5693965999999999 0.308358009375 0.6646823453125 0.296536484375 0.7217412750000001 0.306146996875 0.7802988796875 0.3031195296875 0.851592884375 0.3238407359375 0.8632569531250001 0.338427084375 0.8506567953124999 0.351960034375 0.7971225734375 0.351222090625 0.66767969375 0.3432701890625 0.5854028359375001 0.3323828859375 0.55910376875 0.3110429125 0.54228888125 0.3100423234375 0.528598778125 0.3207319375 0.515726134375
0 0.34674584531249997 0.6196962140625 0.35209135625 0.739246184375 0.363505359375 0.7860122828125 0.3818963765625 0.789000825 0.397193559375 0.7662352718750001 0.40274890625 0.7427885046875 0.40390651875000005 0.5862379062499999 0.388029825 0.561292465625 0.3907810921875 0.5359471 0.36545231875 0.534175940625 0.349352234375 0.5824231 0.34674584531249997 0.6196962140625
0 0.4272869265625 0.587872825 0.4148858890625 0.5972207593750001 0.41191123125000006 0.6957587265625 0.3829497765625 0.8299348890625 0.417401621875 0.827236446875 0.4350818046875 0.8403903828124999 0.46414888125 0.76070214375 0.47762901874999997 0.6799239609375001 0.4801825984375 0.615406884375 0.470572084375 0.55684928125 0.45749947031250005 0.5338024359375 0.44191253125 0.5327124921874999 0.424285159375 0.5468025171875001 0.4272869265625 0.587872825
0 0.48189402187499997 0.6189315921875 0.4978763375 0.6983649578125 0.5141348531250001 0.731849684375 0.52449545625 0.73768171875 0.5436893734375 0.715188653125 0.547006596875 0.6677501453125 0.538686428125 0.646738140625 0.53829105 0.5683947203125 0.5225064234375 0.528133065625 0.498889071875 0.5298866125 0.4822622890625 0.557666740625 0.48189402187499997 0.6189315921875
0 0.544388159375 0.7186927468750001 0.525052103125 0.74072286875 0.5132679875 0.8017930890624999 0.5246967109375 0.8362902515625 0.5447083671875 0.832875646875 0.5573915421875 0.8041908109374999 0.5960840468749999 0.6098913687499999 0.5848149203124999 0.5750530203124999 0.5751651515625 0.559055590625 0.5493624875 0.564061359375 0.54124000625 0.582221065625 0.5415825734374999 0.633320525 0.5489187125 0.6708695484375 0.544388159375 0.7186927468750001
2 0.6505448546875 0.3770498046875 0.636577271875 0.3948007796875 0.6288366140625 0.4214997703125 0.6293633140625 0.44196680156249996 0.6386312609375 0.44942494687499995 0.6209118218749999 0.47883118593749996 0.621438521875 0.49929821875 0.634656015625 0.5342728109375 0.6185951875 0.5399597953125 0.6218339 0.5776416390625 0.6828520515625 0.58701599375 0.7288627765625 0.6430113984375 0.7497681171874999 0.6240430406249999 0.771568425 0.5642768609375 0.780388184375 0.4661476234375 0.771778259375 0.4212801234375 0.7484371078125001 0.3770850296875 0.71673653125 0.35443810781249996 0.6914077562500001 0.352666946875 0.6505448546875 0.3770498046875
2 0.69519886875 0.2984515109375 0.6329824390625001 0.2362153421875 0.600860784375 0.24758931093749997 0.5929752484375 0.262360553125 0.5998209390625 0.276459384375 0.608483675 0.348570846875 0.6222671234375 0.36145229843750004 0.62649286875 0.34302010625 0.6353789937500001 0.3419389671875 0.6413689734375 0.3542754453125 0.63728810625 0.3846353859375 0.6431332078125 0.3850441140625 0.687511021875 0.3523944609375 0.7225816328125 0.3548468359375 0.7348377921875 0.33357115312499996 0.7296507140624999 0.2957530671875 0.705598728125 0.26172336875 0.694527290625 0.2660567296875 0.70089909375 0.28693249062500004 0.69519886875 0.2984515109375
2 0.9387110406250001 0.520008634375 0.948166053125 0.4752806546875 0.9117900515624999 0.384709653125 0.8654383359375 0.374591265625 0.8283560453125001 0.4015699125 0.79863941875 0.44763189062500003 0.77365085625 0.522220821875 0.779171984375 0.629890209375 0.8167489531250001 0.6297670578125001 0.852081859375 0.639114821875 0.8721469093750001 0.6632124390625 0.8892123937499999 0.6623426828125 0.9037140812500001 0.607651915625 0.9387110406250001 0.520008634375
2 0.89293760625 0.37720193750000003 0.9149596750000001 0.3959347515625 0.9341791484374999 0.41515920937499995 0.926445984375 0.333468234375 0.8966062796875001 0.29080652812499996 0.8570030734375 0.2859740359375 0.8473138406249999 0.3114296296875 0.8189372562499999 0.3383293421875 0.801744025 0.32406048906249996 0.7819294078125 0.35293434375 0.7668799500000001 0.4041482828125 0.777627934375 0.4427240640625 0.7997136796875 0.4435807890625 0.8306586499999999 0.3969169328125 0.8388322390624999 0.376169346875 0.84956353125 0.33015521875 0.8703835921874999 0.337800525 0.89293760625 0.37720193750000003
2 0.8285730140625001 0.2853614453125 0.8670485640625 0.266732815625 0.8547529031250001 0.21635762343749998 0.8305661750000001 0.1720280453125 0.790500146875 0.1568475078125 0.7815873703125 0.176855665625 0.7521309828125 0.17960990625 0.7481162578125 0.21440255156250002 0.7173941828125 0.22394540937500002 0.7006862875000001 0.2412248125 0.7201759953125 0.2633396078125 0.7349285046875 0.3125111703125 0.767581015625 0.3092927296875 0.77867475 0.34858045937500004 0.7894223390625 0.3362654578125 0.818729534375 0.30736769218750004 0.8285730140625001 0.2853614453125
2 0.7056728796875 0.16535778437499998 0.7414150375 0.1575414359375 0.7451746671875 0.1433623390625 0.7201423578124999 0.09415965937500001 0.6764068796875 0.0635928125 0.6482853953125 0.0698789390625 0.62254631875 0.0873350796875 0.592249890625 0.11341282500000001 0.577641903125 0.16396984375 0.5787266718749999 0.1654211671875 0.5867097890624999 0.2491927875 0.611135325 0.2392095984375 0.66935675625 0.23227742031249998 0.6895277140625 0.2096179453125 0.697057909375 0.1867622390625 0.7056728796875 0.16535778437499998