1 0.1622534578125 0.8749530343749999 0.1673718203125 0.8438178078125 0.162931140625 0.7930606046875 0.14711235 0.7467085734375 0.11206936406250001 0.693514153125 0.0808116546875 0.6723808499999999 0.0457891859375 0.67544491875 0.01679373125 0.7137836906249999 0.0342604046875 0.9134286890625001 0.069176765625 0.9427661875 0.111453228125 0.9441820468750001 0.1311428890625 0.9339351406249999 0.1622534578125 0.8749530343749999
1 0.11799203437500001 0.6043434203125 0.10003585 0.6792232359375 0.15578325625 0.756179109375 0.155826053125 0.71184908125 0.167014228125 0.6716585296875001 0.2043212328125 0.627478021875 0.2395131234375 0.60394084375 0.23555842500000002 0.5923528375 0.20064206406250001 0.5630153390625 0.1614321625 0.563036046875 0.11799203437500001 0.6043434203125
1 0.17390886249999998 0.6608261859375 0.155826053125 0.71184908125 0.15637534687500002 0.7629467359375 0.17172867187500002 0.8263880625000001 0.21408896249999998 0.8959908703125 0.2472923640625 0.9169539484375001 0.2753568875 0.9127937640624999 0.298049796875 0.8920549640625 0.3153710953125 0.8547375484374999 0.323874346875 0.7278341890625 0.314484725 0.687739103125 0.2908831625 0.642067975 0.27407012656249996 0.6179660703125001 0.2395131234375 0.60394084375 0.17390886249999998 0.6608261859375
1 0.34631577187499996 0.5025345421875 0.3148886421875 0.5018743453125001 0.29526229375 0.5240497125 0.2768834390625 0.571688796875 0.2771366890625 0.6194026375 0.304333590625 0.6613495 0.3305995609375 0.73747495 0.354350028125 0.706414484375 0.3845929765625 0.6935394265625 0.41242476562499997 0.6979238890625 0.44592421250000003 0.7222707796875001 0.4526289109375 0.675653053125 0.43879860937500004 0.5848007671875 0.4001602828125 0.5353306140625 0.34631577187499996 0.5025345421875
1 0.3562957203125 0.7062442578125 0.341914359375 0.7211413203125 0.32488910625 0.7618425484375 0.321547015625 0.8132806562500001 0.3295830359375 0.8603135921874999 0.3758347125 0.92957595 0.40485068281250003 0.9474956656250001 0.431561603125 0.9502733343750001 0.45514265 0.9396859750000001 0.47605928750000004 0.89864429375 0.480289515625 0.8573576265625 0.46734734843750003 0.7766567796875 0.44539543437500007 0.7274316125 0.4249870578125 0.707053971875 0.4004545640625 0.69556143125 0.3562957203125 0.7062442578125
0 0.41114015468750004 0.511276 0.3962233609375 0.5263542765625 0.43820651875000005 0.578033140625 0.4539825125 0.6687152000000001 0.44958286562499994 0.730474975 0.472422915625 0.7898515828125 0.48088160625 0.8641252546875 0.4887276890625 0.8753728093750001 0.5051180546875 0.8722339828125 0.517257678125 0.85412333125 0.5210224390625 0.8299259593749999 0.510025965625 0.7490548859375 0.47140992031250006 0.5989962171875 0.46043396249999996 0.5743836328125 0.4281492359375 0.5517960671875 0.4308751625 0.515058628125 0.41114015468750004 0.511276
0 0.477077578125 0.6189586453125 0.5137479296875 0.769187540625 0.526373534375 0.7902460859375 0.5394646062499999 0.7942153375000001 0.5513714953125 0.784649334375 0.559260375 0.7515668625 0.5323184859375 0.6004868359375 0.511550753125 0.5647969234375 0.510303259375 0.5393332078124999 0.4866589015625 0.5379921078125001 0.478643396875 0.5472176578125 0.477077578125 0.6189586453125
0 0.54399264375 0.5994654796875001 0.5601913078125 0.717388275 0.556340953125 0.830245703125 0.5880008171875 0.822361253125 0.6091707046875 0.8290334125 0.6212264984375 0.7427358140625 0.611330378125 0.6072130484375 0.5845356296875 0.53624843125 0.552516409375 0.5288206078125001 0.5412016109375 0.5451542390624999 0.5504646078125 0.5613924015625 0.5528329703125 0.588462909375 0.54399264375 0.5994654796875001
0 0.6456751656249999 0.6860414078125 0.6708630624999999 0.7162300359375 0.6833620421875 0.7134316609375 0.69385201875 0.69887505 0.6922451671875 0.6580990609375 0.6562935296875 0.5384947140625 0.6414261859375 0.5142225828125 0.6102951015625 0.5169462 0.600756575 0.5535827109375 0.6161099 0.6170240375 0.6456751656249999 0.6860414078125
0 0.6746483390625 0.7482911515625 0.6826843593749999 0.7953240890625 0.6989053046875 0.81265836875 0.7075129 0.81020044375 0.7199485671875 0.7954736078125 0.7282396015625 0.7333733812500001 0.7235028765625 0.6792323640625 0.7113427375 0.6410845265625 0.6916530765625 0.6513314343750001 0.6955016656249999 0.6953210109375 0.677821009375 0.7173261515625 0.6746483390625 0.7482911515625
2 0.73841654375 0.3454804625 0.7266362796875 0.3789033859375 0.7261280171875 0.44032270625000003 0.7397888984375001 0.5516481015625 0.798688459375 0.5413804843750001 0.8626207906250001 0.5886377 0.878059709375 0.5634189703125 0.88783096875 0.5182378140624999 0.8803032109375 0.40978555468750005 0.8647804656250001 0.3668173359375 0.8412422156250001 0.3330746671875 0.8060931218749999 0.3122818140625 0.77301634375 0.3151756578125 0.73841654375 0.3454804625
2 0.666850346875 0.22217255625000001 0.6616686703125 0.241379321875 0.6722852703125 0.25067963125000003 0.6768953718749999 0.2809637265625 0.694363809375 0.3237617203125 0.7099926640625001 0.3343283734375 0.7112829546875 0.315462059375 0.719594503125 0.309620321875 0.7274405875000001 0.320867878125 0.730401040625 0.3547060125 0.769124959375 0.31551610937499996 0.8060931218749999 0.3122818140625 0.810090615625 0.2795397953125 0.79993948125 0.2531501921875 0.7711562437499999 0.22668582812500002 0.7679835734375 0.2576508296875 0.6909601703125 0.2064243640625 0.666850346875 0.22217255625000001
2 0.747974365625 0.12921330625 0.786521859375 0.1217088703125 0.7753990203125001 0.0896263453125 0.748420046875 0.04378058125 0.68830954375 0.03113443125 0.6483520734375 0.0587333265625 0.6245497890625 0.1035126234375 0.62137411875 0.16412196875 0.6461372265625 0.1918383296875 0.6508440046875 0.23205746249999998 0.66321476875 0.22408850937499997 0.7073157609375 0.1940611578125 0.736875603125 0.1969842578125 0.747239 0.1705972078125 0.747974365625 0.12921330625
2 0.8154725765625 0.28514287031249996 0.8608373437499999 0.292192509375 0.881188225 0.25322444375000003 0.8962331875 0.230559775 0.9241189390625 0.2143469375 0.9091861187499999 0.15229670312500002 0.8700498937500001 0.11233515000000001 0.8319725953124999 0.1025819734375 0.8068292312500001 0.1275074609375 0.800737609375 0.1438796 0.8009506906249999 0.173473296875 0.772279234375 0.189754875 0.7597115828125001 0.2135801671875 0.79459336875 0.2456500390625 0.8154725765625 0.28514287031249996
2 0.8830994765625 0.4018076125 0.9056543546875 0.3654013671875 0.9293969328125 0.31993863125 0.9323451359374999 0.2721632390625 0.952216978125 0.2594060984375 0.9742496609375 0.29397744062500003 0.9845893890624999 0.302025446875 0.9741818437499999 0.22004801562499998 0.9465449484375 0.21720548750000002 0.924075865625 0.22743517500000002 0.9154039859375 0.2550516015625 0.896557271875 0.270473625 0.8771467828124999 0.2749264640625 0.8625288609374999 0.29342184375 0.858367484375 0.34543538125 0.8830994765625 0.4018076125
2 1 0.48872688281250004 0.9999960250000001 0.4886814484375 0.9831515203125001 0.3097264625 0.9308748421875 0.32325261875 0.9080976109375 0.3706969375 0.889153746875 0.4134714171875 0.8873442015625 0.482009409375 0.9024731140625001 0.5598815687500001 0.9137927515625 0.5761077390625 0.945872971875 0.56710315 0.9831985296875001 0.5727900906250001 1 0.5796346671875 1 0.48872688281250004