0 1 0.118258578125 0.9335726187500001 0.1942335046875 0.8665532078125 0.299185775 0.8383415453125 0.375141 0.8331393546875001 0.41219272343749996 0.7912873265625 0.5432148531250001 0.8347051734375001 0.48393371093750004 0.8754158171875 0.4107768625 0.9266164359375001 0.352176625 0.9648526078125 0.27368871875 1 0.2201329546875 1 0.118258578125
0 0.7806074140625 0.5644436234375 0.8221000843749999 0.4487337671875 0.8386375906250001 0.3717571859375 0.861181596875 0.315764390625 0.8926497578125 0.20258721875000002 0.887108725 0.1986927265625 0.8764921250000001 0.2079930375 0.8676945937499999 0.24132049375000003 0.8307692265625001 0.2824162265625 0.7673246421875 0.44735125 0.7012994765625 0.5745536484375 0.6916138093749999 0.6180325453125 0.7011523359375 0.65466905625 0.7183675265625 0.6595849046875 0.7393046796875 0.644368096875 0.7806074140625 0.5644436234375
0 0.8819475656250001 0.1232274734375 0.8806572750000001 0.10436115937499998 0.8681582953125 0.10156278437499999 0.8466923625 0.11161875624999999 0.807757990625 0.1644727234375 0.7212611375 0.323981221875 0.6720507734375001 0.5839287171875001 0.700474653125 0.572776628125 0.7220672109375 0.5388637328125 0.8171921734375 0.3255546734375 0.8288235343749999 0.282246 0.855258925 0.2265936578125 0.8819475656250001 0.1232274734375
0 0.5474648875 0.7418097140625 0.5712153546875001 0.77287018125 0.5984550546875 0.7752533453125 0.6216339468750001 0.7568229515625 0.645002775 0.7026071765624999 0.659764009375 0.6459334765625 0.7081495515625 0.3842089609375 0.7210489203125 0.2591780875 0.748456275 0.1251873546875 0.74627785 0.11647248125000001 0.7218086671874999 0.1160365640625 0.749174990625 0.09456280781250001 0.7396364640625 0.057926296875000005 0.7290831765625 0.055298145312500005 0.7073211984375 0.0687379328125 0.6924538546875 0.093010065625 0.6926865875 0.10155471093749999 0.7101978234375 0.10308674531249999 0.7090136421875 0.116622 0.6795322046875001 0.1174524234375 0.6621270781249999 0.1483219546875 0.605577128125 0.324089325 0.5379896734375 0.69324474375 0.5474648875 0.7418097140625
0 0.6092135 0.21529661406249997 0.605998034375 0.1400015859375 0.598807353125 0.1325530546875 0.5661122140625 0.21493545468750003 0.5591765468750001 0.3166200859375 0.4982287140625 0.587474684375 0.4814379578125 0.7121651078125 0.48496998593749996 0.7278178343749999 0.49799774531249996 0.73577704375 0.5186388546875 0.7239440484374999 0.5372281609375 0.6795392609375 0.590393225 0.408003759375 0.6092135 0.21529661406249997
0 0.45375507343750004 0.7932811640625 0.47429007500000003 0.749046603125 0.5062647328125001 0.5404417484375 0.5594725921875 0.3132362734375 0.56568954375 0.2421761890625 0.563531634375 0.177202828125 0.5579906015625 0.1733083359375 0.53633473125 0.21914969062499998 0.50351296875 0.3253890109375 0.4866794171875 0.4057494046875 0.47204480625 0.43856618281250004 0.439688509375 0.561894796875 0.4157070734375 0.6791366859375 0.4127894171875 0.7573048484375 0.4245696828125 0.7907277734375 0.4356517484375 0.79851675625 0.45375507343750004 0.7932811640625
0 0.42735365625000005 0.109028515625 0.41455863125 0.109613953125 0.4076006828125 0.11071006875 0.3966247265625 0.135322653125 0.4083416796875 0.1806740359375 0.406861453125 0.197593103125 0.43549755 0.25124415 0.47883333281249996 0.41699696093750005 0.517090021875 0.28225056406250004 0.5146788625000001 0.2649910453125 0.46419519375 0.13611973125000001 0.42735365625000005 0.109028515625
0 0.4277611046875 0.6085872828125 0.40999485625 0.497922084375 0.4120671734375 0.4742353890625 0.4030574234375 0.4427597109375 0.4027185828125 0.401813496875 0.3879983796875 0.3459702203125 0.3783109484375 0.2326021140625 0.376132521875 0.223887240625 0.355554725 0.22379177499999997 0.334976928125 0.2236963078125 0.3205750515625 0.2650577328125 0.31093218125 0.35286665781250004 0.31524800000000003 0.4828133796875 0.34270168125 0.706846684375 0.35866937656250003 0.7372262468749999 0.3933958015625 0.7436741296875 0.411858484375 0.7231262625 0.41376138124999995 0.6789664609375 0.4277611046875 0.6085872828125
0 0.473525034375 0.421647115625 0.44402131562499997 0.321889021875 0.43293925 0.3141000390625 0.3993542109375 0.249786875 0.391994109375 0.22186523593750002 0.379199084375 0.22245067343749997 0.38135699375 0.2874240359375 0.39100162968749996 0.3564621125 0.4019570703125 0.3881080171875 0.40500311718750004 0.44292993750000004 0.41566251249999997 0.4779596546875 0.41253263906250004 0.49132468281249997 0.421076921875 0.5057110671875 0.4217118078125 0.54327346875 0.43751008437500005 0.5531799234375 0.473525034375 0.421647115625
0 0.151742965625 0.16674884375000001 0.1385457875 0.1383165265625 0.1299381921875 0.135858603125 0.0851034296875 0.200130353125 0.0856116921875 0.2615496734375 0.16684657187500002 0.46471536718750006 0.22542957187499998 0.5346252828125 0.269588415625 0.545308109375 0.2745578734375 0.4997117390625 0.25704487343750004 0.3413327015625 0.21227165937499998 0.23682898749999998 0.177798484375 0.1826672625 0.151742965625 0.16674884375000001
0 0.2697115109375 0.20775718125 0.2906486640625 0.1925403734375 0.3229006171875 0.193657196875 0.29221271875 0.10743435781249999 0.2719309671875 0.1039550765625 0.2655017984375 0.110212025 0.2602996078125 0.1472637484375 0.2697115109375 0.20775718125
0 0.329668628125 0.2283464625 0.299129634375 0.21885521875 0.2712978453125 0.22323968125000002 0.26064021406250004 0.3450569671875 0.28411868125 0.6369367671874999 0.2942492984375 0.6668056515624999 0.3131141359375 0.6752755390625 0.33157681875 0.654727671875 0.333353090625 0.6344247921874999 0.3138943984375 0.4758755265625 0.30852102187499997 0.3356071375 0.329668628125 0.2283464625
0 0 0.551898278125 0.00036409687500000003 0.5524414609375 0.138467253125 0.6770444875 0.1839796984375 0.694665165625 0.20768736875 0.68139560625 0.12979458125 0.52966801875 0.079290396875 0.45705519375000003 0.006432143749999999 0.40464978125 0 0.4781695234375 0 0.551898278125
0 0.077089690625 0.3477518046875 0.053275910937500004 0.3286197984375 0.02296965 0.3276732 0.0743414546875 0.44639307500000003 0.1317402734375 0.5298382453125 0.24463501562499998 0.7408883890625 0.27145204375 0.7705122875 0.289259325 0.768660509375 0.3012928390625 0.7543695921875 0.30619898437500004 0.7207016828125 0.296427725 0.675520525 0.193071509375 0.5011068921875 0.077089690625 0.3477518046875
0 0.11966219843749999 0.3429521328125 0.08366599999999999 0.2613794484375 0.077194034375 0.22330636875 0.03612226875 0.1549284859375 0.041028415624999995 0.12126057812499999 0.051412281250000004 0.1034156203125 0.12553854375 0.0740988296875 0.1217104703125 0.061829915624999995 0.0800260984375 0.056478150000000005 0.033964359374999996 0.089955125 0.017977912500000002 0.2726810546875 0.0393600171875 0.3308120296875 0.0737903953125 0.340643725 0.140917678125 0.42494002656249996 0.11966219843749999 0.3429521328125
0 0 0.590227546875 0.054506418749999994 0.6731085796875 0.08009646875000001 0.6719377046874999 0.09690950468750001 0.6478357984375 0 0.552664084375 0 0.590227546875
0 0 0.683351715625 0.0350922859375 0.7157363484375 0.06262803125000001 0.7147356984375001 0.079145021875 0.69401760625 0.079504378125 0.6787053328125 0.047315737499999996 0.6656600484374999 0 0.5941525328124999 0 0.683351715625