1 0.272074771875 0.6710356671875 0.2563491171875 0.695211146875 0.2420621765625 0.7551435796875 0.23968936875 0.7999241484375 0.24936191874999997 0.84664798125 0.2655468609375 0.8823054484374999 0.289834415625 0.9118346687500001 0.3237491921875 0.9316261953125 0.3636967875 0.9284323703125 0.3810782765625 0.917742571875 0.40858683906250004 0.8613201 0.413312171875 0.8196729265625 0.4023977453125 0.76283483125 0.3763887453125 0.711272365625 0.3407525234375 0.6694475953125 0.305727096875 0.6566369375 0.272074771875 0.6710356671875
1 0.4840955171875 0.5868245765625 0.448504625 0.6014613328125 0.40694652500000006 0.6476310015625 0.3944013125 0.6816827171875001 0.3928564203125 0.7332061265625 0.425074796875 0.835339896875 0.46776859374999996 0.8865648500000001 0.5132491578125 0.8963806562500001 0.5394955625 0.8777578859374999 0.5559179078125001 0.84323011875 0.563409725 0.808087759375 0.564823390625 0.7394692218750001 0.5562614906250001 0.685764521875 0.5420151140625 0.6498690296875 0.511780634375 0.6039587609375 0.4840955171875 0.5868245765625
1 0.3379407109375 0.6064812546875 0.32864155156249997 0.65895676875 0.3924424625 0.7298347078125 0.3921800125 0.69564445 0.40195874062500003 0.6550879203125 0.4654721546875 0.5874001140625 0.4474142578125 0.5605282359375 0.413913440625 0.54410813125 0.38677350625 0.547440496875 0.3528384484375 0.5755629328125 0.3379407109375 0.6064812546875
1 0.6290943437500001 0.5176872390625 0.573724109375 0.483418871875 0.5457562593749999 0.4800083953125 0.519161509375 0.5038073078124999 0.5020424718750001 0.5486873640625001 0.5016082296875 0.59322990625 0.5416011562499999 0.646497609375 0.5685692984374999 0.7218980421875 0.5927459109375001 0.686418171875 0.6147668375 0.6734475984375 0.6399682046875 0.670353259375 0.6796986796875 0.68943070625 0.683378975 0.6633119609375 0.67468585 0.5925121343749999 0.660025515625 0.5532452203125 0.6290943437500001 0.5176872390625
1 0.594684478125 0.6861801453124999 0.5709218234375 0.7250314375 0.563843965625 0.763545215625 0.57295105 0.8377164640625001 0.619239246875 0.9021890734375001 0.6574451140625001 0.9248759671875 0.687699878125 0.9228722749999999 0.7066059734375 0.908573028125 0.7252496203125001 0.8600835281249999 0.720433628125 0.7888076484375001 0.7096504265625 0.7490646828124999 0.693465484375 0.713407215625 0.662948271875 0.681220653125 0.6322139375 0.6713053625 0.594684478125 0.6861801453124999
2 1 0.4707530328125 0.9765928734375 0.28679614062500003 0.9491702078124999 0.3038522140625 0.9323339031250001 0.33500855937499996 0.937432628125 0.3925607328125 0.9334039875 0.4238556203125 0.9456915125 0.5079031031250001 0.952052396875 0.527655571875 0.9625731468750001 0.5332082828125 1 0.5103600203124999 1 0.4707530328125
0 0.6836414265624999 0.69750221875 0.71877779375 0.7753219671875 0.7274709203125 0.8461217953125001 0.7433934109375 0.8475890078124999 0.7586394953125 0.8114945421875 0.7496636359375 0.7544184234375 0.7051374499999999 0.6161511328125 0.6830055828125 0.564112615625 0.6618984703125 0.5444596296875 0.660025515625 0.5532452203125 0.6778662921875 0.60238836875 0.6836414265624999 0.69750221875
0 0.6920220078125 0.525360809375 0.6940715171875 0.5901318734375 0.7496636359375 0.7544184234375 0.762188565625 0.7682806703125 0.7765208359375 0.764809765625 0.788717703125 0.73593419375 0.7865166859375 0.7019819640625 0.7466955515625 0.5699814625 0.7274613921874999 0.5415428890625 0.726916209375 0.521076340625 0.7210348953125 0.5132428546875001 0.6977720953125 0.5160991671875 0.6920220078125 0.525360809375
0 0.752531534375 0.521353421875 0.7706550437499999 0.5567728625 0.756388384375 0.5687913328125 0.783618978125 0.678382021875 0.792705778125 0.8004672328125 0.8017019203125001 0.8096293890625 0.8182554921875 0.7921967515625 0.8446987343749999 0.7992166734375 0.8503378796875 0.7249459390624999 0.8419274874999999 0.6404224046875 0.825894053125 0.5739461015625 0.7884707718749999 0.501540521875 0.759392271875 0.5051109125 0.752531534375 0.521353421875
0 0.8774324828125 0.6651520468750001 0.9016544265625 0.686133703125 0.915986696875 0.6826627984375 0.9240236968750001 0.6679869859374999 0.9194701546875 0.6309013625000001 0.86220191875 0.5010430953125 0.85161555625 0.48694282187500004 0.8225370562500001 0.49051321249999996 0.81110249375 0.5175840609375 0.8314270203125 0.58695573125 0.8774324828125 0.6651520468750001
0 0.938330921875 0.5601405890625 0.9111456578125001 0.507011428125 0.8851163734374999 0.5033629265624999 0.8774277203124999 0.5128625953125 0.8788008203125001 0.5400719828125 0.9126953125 0.607777471875 0.9255483046874999 0.664377540625 0.9171629593749999 0.68422949375 0.9028306890625 0.6877004 0.910695896875 0.7517573875 0.9197576515625 0.7694671078125 0.9450246312499999 0.7749203328125 0.95306163125 0.760244521875 0.9558483984375 0.718835371875 0.9449542546874999 0.6140833156250001 0.9235644093750001 0.6081540375000001 0.9145026546875 0.59044431875 0.9179002171875 0.57804928125 0.9396384093749999 0.578802415625 0.938330921875 0.5601405890625
2 0.893143846875 0.18410820781249998 0.867528521875 0.1838311265625 0.8552004296875 0.1956115703125 0.850278259375 0.21161605312499998 0.8659180171875 0.226806971875 0.8707542921875 0.2501688875 0.8982879015625 0.29812190781250003 0.91192348125 0.30500328906249996 0.9140791687500001 0.2824939921875 0.9206571734375 0.2799751890625 0.934555203125 0.3210468265625 0.9769412203125001 0.28161999843749996 0.9732155953125 0.25127721406250003 0.9629775781250001 0.23200079687500003 0.9504526484375001 0.21813855000000001 0.91584118125 0.20869930937499998 0.893143846875 0.18410820781249998
2 0.9337920484375 0.09636204375 0.9520849234375 0.0899688046875 0.9455024140624999 0.049305639062500003 0.9173801015624999 0.0209638359375 0.8850831828124999 0.0104143875 0.848250740625 0.011480898437500001 0.8293948890625 0.0262375375 0.8067865984375 0.052513964062499995 0.79544550625 0.086392459375 0.7919576953125 0.130230575 0.8158607968749999 0.152313634375 0.8258614890624999 0.17873329843750002 0.85057396875 0.2019642375 0.8809296968749999 0.1740453703125 0.9156413421874999 0.1621802515625 0.9267232625 0.145613325 0.9337920484375 0.09636204375