1 0.587890625 0.32778532656250003 0.595703125 0.2904211953125 0.595703125 0.2055027171875 0.587890625 0.1681385875 0.5732421875 0.14266304375 0.5244140625 0.1392663046875 0.4658203125 0.10529891250000001 0.4365234375 0.10529891250000001 0.3955078125 0.13247282656249998 0.34375 0.2122961953125 0.33203125 0.253057065625 0.330078125 0.307404890625 0.345703125 0.3617527171875 0.3642578125 0.3940217390625 0.4072265625 0.4313858703125 0.4609375 0.436480978125 0.5009765625 0.42119565156250005 0.5302734375 0.3872282609375 0.5595703125 0.37703804375 0.587890625 0.32778532656250003
1 0.79296875 0.75577445625 0.798828125 0.7184103265624999 0.794921875 0.6266983703125 0.787109375 0.5961277171875 0.7587890625 0.553668478125 0.7216796875 0.5434782609375 0.6708984375 0.567255434375 0.630859375 0.6233016296875 0.6171875 0.67764945625 0.583984375 0.7455842390625 0.583984375 0.8033288046875 0.59765625 0.8542798906250001 0.6494140625 0.9273097828125 0.681640625 0.9256114125 0.7216796875 0.9001358703125 0.7529296875 0.859375 0.771484375 0.8237092390624999 0.79296875 0.75577445625
1 0.638671875 0.5383831515625 0.62890625 0.44667119531250005 0.6064453125 0.40760869531250005 0.5693359375 0.3804347828125 0.5341796875 0.3872282609375 0.5009765625 0.4279891296875 0.46484375 0.501019021875 0.45703125 0.5247961953125 0.4609375 0.5553668484375 0.44921875 0.5587635875 0.443359375 0.592730978125 0.4453125 0.6538722828125 0.4677734375 0.7201086953125 0.5087890625 0.7506793484375 0.55859375 0.7591711953125 0.5888671875 0.7336956515625 0.61328125 0.684442934375 0.626953125 0.6368885875 0.638671875 0.5383831515625
1 0.5556640625 0.8118206515624999 0.4775390625 0.7914402171875 0.4326171875 0.79483695625 0.4013671875 0.8186141296875 0.384765625 0.8508831515624999 0.361328125 0.956182065625 0.3642578125 0.9986413046875 0.62109375 0.996942934375 0.623046875 0.918817934375 0.6171875 0.8916440218749999 0.5927734375 0.8491847828125 0.5556640625 0.8118206515624999
1 0.2705078125 0.47214673906250004 0.2041015625 0.397418478125 0.1455078125 0.3634510875 0.0927734375 0.356657609375 0.0654296875 0.3736413046875 0.05078125 0.395720109375 0.03125 0.4568614125 0.029296875 0.5112092390625 0.037109375 0.5485733703125 0.0576171875 0.5876358703125 0.1318359375 0.6657608703125 0.2158203125 0.709918478125 0.251953125 0.7116168484375 0.2734375 0.684442934375 0.30078125 0.57235054375 0.291015625 0.514605978125 0.2705078125 0.47214673906250004
1 0 0.37533967343749997 0.0205078125 0.424592390625 0.03515625 0.4296875 0.0556640625 0.3804347828125 0.0751953125 0.3634510875 0.1044921875 0.35326087031250003 0.1494140625 0.3634510875 0.158203125 0.3481657609375 0.162109375 0.23267662968749997 0.1796875 0.1851222828125 0.1796875 0.1681385875 0.1552734375 0.09171195625 0.1123046875 0.098505434375 0.0341796875 0.084918478125 0.013671875 0.110394021875 0 0.1681385875 0 0.37533967343749997
1 0.392578125 0.005095109375 0.1962890625 0 0.1875 0.056046195312500005 0.205078125 0.10699728281250001 0.2666015625 0.1868206515625 0.2900390625 0.2038043484375 0.310546875 0.2055027171875 0.3486328125 0.17663043437499998 0.38671875 0.0934103265625 0.39453125 0.059442934375 0.392578125 0.005095109375
1 0.775390625 0.253057065625 0.7578125 0.1919157609375 0.7197265625 0.14266304375 0.6591796875 0.14266304375 0.6376953125 0.1596467390625 0.60546875 0.2258831515625 0.59765625 0.2700407609375 0.59765625 0.344769021875 0.609375 0.38892662968749997 0.6357421875 0.434782609375 0.6787109375 0.46535326093749996 0.7109375 0.463654890625 0.7353515625 0.448369565625 0.7578125 0.4059103265625 0.775390625 0.307404890625 0.775390625 0.253057065625
1 0.947265625 0.4806385875 0.927734375 0.39232337031250003 0.8974609375 0.332880434375 0.8583984375 0.292119565625 0.8232421875 0.2853260875 0.8037109375 0.29891304375 0.765625 0.37533967343749997 0.755859375 0.422894021875 0.7578125 0.4670516296875 0.765625 0.5078125 0.796875 0.5961277171875 0.8271484375 0.6419836953125 0.861328125 0.65047554375 0.9091796875 0.6351902171875 0.93359375 0.59952445625 0.94921875 0.541779890625 0.947265625 0.4806385875
1 0.271484375 0.8033288046875 0.251953125 0.7523777171875 0.2294921875 0.71671195625 0.1689453125 0.68953804375 0.1455078125 0.696331521875 0.123046875 0.7387907609375 0.115234375 0.7829483703125 0.115234375 0.8474864125 0.123046875 0.8950407609375001 0.142578125 0.9493885875 0.1728515625 0.9884510875 0.1904296875 0.9986413046875 0.22265625 0.996942934375 0.2548828125 0.9714673906250001 0.275390625 0.9256114125 0.28125 0.8474864125 0.271484375 0.8033288046875
1 0.4453125 0.5553668484375 0.439453125 0.5451766296875 0.4375 0.463654890625 0.4130859375 0.43817934843749995 0.3623046875 0.4415760875 0.326171875 0.49082880468749995 0.2734375 0.708220109375 0.2734375 0.8033288046875 0.287109375 0.8542798906250001 0.3095703125 0.879755434375 0.36328125 0.878057065625 0.412109375 0.799932065625 0.44140625 0.6606657609375 0.4375 0.5961277171875 0.4453125 0.5553668484375
1 0.33203125 0.331182065625 0.318359375 0.2700407609375 0.2744140625 0.1970108703125 0.2451171875 0.16983695625 0.2041015625 0.16983695625 0.1865234375 0.1834239125 0.1640625 0.23267662968749997 0.16015625 0.280230978125 0.162109375 0.3209918484375 0.177734375 0.37533967343749997 0.2333984375 0.424592390625 0.2861328125 0.4925271734375 0.314453125 0.49082880468749995 0.3466796875 0.448369565625 0.357421875 0.4194972828125 0.357421875 0.395720109375 0.33203125 0.331182065625
1 0.876953125 0.7523777171875 0.8564453125 0.7201086953125 0.8251953125 0.696331521875 0.8037109375 0.6997282609375 0.779296875 0.80672554375 0.73046875 0.8950407609375001 0.734375 0.9391983703125 0.7587890625 0.9986413046875 0.869140625 0.996942934375 0.896484375 0.9086277171875 0.8984375 0.8372961953125 0.892578125 0.7965353265624999 0.876953125 0.7523777171875
1 0.908203125 0.22927989062499998 0.919921875 0.17493206562500002 0.921875 0.10360054375000001 0.91015625 0.0424592390625 0.8896484375 0.0101902171875 0.8486328125 0 0.8232421875 0.01358695625 0.8046875 0.0356657609375 0.763671875 0.1205842390625 0.75390625 0.18172554375 0.775390625 0.24626358750000002 0.77734375 0.2904211953125 0.796875 0.3040081515625 0.8193359375 0.2853260875 0.8466796875 0.2853260875 0.8701171875 0.29891304375 0.908203125 0.22927989062499998
1 1 0.23947010937500002 0.9697265625 0.20720108750000002 0.9345703125 0.2038043484375 0.912109375 0.2190896734375 0.880859375 0.3006114125 0.927734375 0.38892662968749997 0.9453125 0.4704483703125 0.95703125 0.473845109375 1 0.43308423906250004 1 0.23947010937500002
1 1 0.7116168484375 0.9482421875 0.6997282609375 0.9228515625 0.7133152171875 0.90625 0.7455842390625 0.89453125 0.7965353265624999 0.90234375 0.8644701093749999 0.9501953125 0.9341032609375001 1 0.9663722828125 1 0.7116168484375