1 0 0.5130929703125 0.0082049703125 0.6696531328125 0.0160067640625 0.6692442578125 0.048806321875 0.6420148 0.0964958609375 0.5816916875 0.125033940625 0.5104673578125001 0.1287520265625 0.4694556921875 0.11863920312500001 0.42576747499999995 0.07110979843750001 0.358529671875 0.01844769375 0.3612895765625 0 0.383745425 0 0.5130929703125
1 0.1663589765625 0.58993521875 0.11635084843750002 0.5500385265625 0.0507567703125 0.6419125828125 0.015298196875 0.6743834921875 0.01282199375 0.7204321734375 0.0374818515625 0.8177804234374999 0.07526153437500001 0.9042368906249999 0.12580297812500002 0.9543098359375 0.14832201875 0.9548303625000001 0.1616196140625 0.9473306640624999 0.15629150625 0.8829832874999999 0.1623155828125 0.848653571875 0.18234582187499998 0.8016849234375 0.21195305156250002 0.76952066875 0.21372320781249998 0.74731879375 0.1752324390625 0.6472939921875 0.1663589765625 0.58993521875
1 0.345844078125 1 0.40950684062500003 0.9564485484375 0.435388425 0.90917324375 0.434494528125 0.85479768125 0.42313730312500003 0.7873648765625 0.41373556562499997 0.75724499375 0.3979516875 0.7359630875 0.3656778859375 0.7172460828125 0.3401442859375 0.715182840625 0.268688784375 0.7325332671875 0.189792071875 0.7944918796875 0.16603870781250002 0.84505705 0.1582419546875 0.88288106875 0.16392560625000002 0.9540126125 0.1825378734375 1 0.345844078125 1
1 0.1821352953125 0.555094409375 0.175755675 0.5826399578125 0.17700511562500001 0.6437996890625 0.19527527656250002 0.6938631984375 0.2133651453125 0.7218270546875 0.239965375 0.7442428 0.24865350625 0.742086775 0.29741219375 0.7208237359375 0.3750745828125 0.7099508218749999 0.3947492796875 0.6561980046875 0.39261098125 0.578077853125 0.3055392953125 0.5027081718749999 0.2386907390625 0.4960073546875 0.20642197499999998 0.5147054921875001 0.1821352953125 0.555094409375
1 0.486336003125 0.532375509375 0.454926465625 0.5285257546875 0.435340553125 0.5537293875 0.4075085203125 0.6011069109375 0.40255107343749996 0.6557891296875 0.408056953125 0.7235285921875 0.4249099796875 0.783870571875 0.43999536875 0.885122 0.4869964984375 0.9795986937500001 0.505439390625 0.9956391468750001 0.5375329015625 0.9922564953125 0.571571821875 0.951356484375 0.5846891265624999 0.9217571296875 0.5853850953124999 0.8230800374999999 0.57154410625 0.7455731984375 0.5493680109375 0.6582989828125 0.523473828125 0.6120364296874999 0.5078626828125 0.5567314640625 0.486336003125 0.532375509375
1 0.15939317656250002 1 0.140344975 0.9705547250000001 0.0958351671875 0.9422747796875001 0.068528890625 0.943705840625 0.0240266421875 0.9715486109375 0.0260474078125 1 0.15939317656250002 1
1 0.5357159171875 0 0.5202033921875 0.0271669171875 0.50744415 0.0822580125 0.508693590625 0.1434177421875 0.5166781953124999 0.18381609375000002 0.5370765750000001 0.237169471875 0.5571168921874999 0.26503110625000004 0.5893906953125 0.2837481140625 0.6099592875 0.28437085781250004 0.64914350625 0.2670109984375 0.6828268828125 0.21932681875 0.695052809375 0.15405947343749998 0.6886631109375 0.106774734375 0.6627638890625 0.023097039062499998 0.6463272 0 0.5357159171875 0
1 0.56864685 0.29844085468750003 0.5367336296875 0.323923159375 0.5152862578125 0.38117027812500004 0.509800534375 0.4630913890625 0.5169063578124999 0.5613596078125 0.5337593843749999 0.6217015875 0.5564612375 0.66302934375 0.5811110187499999 0.6855473078125 0.607708728125 0.6892554796875 0.6559341015625 0.6578161921875 0.6842994484375 0.6206149203125 0.696525375 0.5553475734375 0.6931477140625 0.490897978125 0.6777118203125 0.42027752500000004 0.6484450171875 0.34698051875 0.611734484375 0.299584128125 0.56864685 0.29844085468750003
1 0.5926535734375 0.8124949109375 0.5868072671875 0.8502167093749999 0.589829384375 0.9078821375 0.60668493125 0.9869316921875001 0.7854176093749999 0.982666809375 0.8240609531249999 0.8990079812499999 0.8382322890625 0.796223275 0.8304254562500001 0.75921700625 0.7777507546875 0.6684390546875 0.7243775640625 0.657630621875 0.6844847781250001 0.6801297187500001 0.628993446875 0.74086170625 0.5926535734375 0.8124949109375
1 0.7535788578125 0.2445307703125 0.71634760625 0.280495984375 0.6894044328125 0.3448339265625 0.681079403125 0.40989683593750004 0.6956314765625 0.5009720109375 0.696708184375 0.5961548 0.7337742625 0.650335359375 0.7977860328124999 0.658885546875 0.819416215625 0.6424456546874999 0.8475987515625001 0.56443715625 0.858580278125 0.47542522343750004 0.8546693031249999 0.40079937499999996 0.8440231640625001 0.3469349046875 0.8172401234375 0.28371193125 0.7890424703125001 0.24947500156250002 0.7535788578125 0.2445307703125
1 0.6865699703125 0 0.6852804109374999 0.0049099953125 0.6886631109375 0.106774734375 0.7032101468749999 0.1604347671875 0.7521566843749999 0.21739409843750002 0.79843916875 0.242179740625 0.8248591062499999 0.24249583125 0.8594313421875001 0.21177207187499997 0.8899198687500001 0.1404455234375 0.8900875625 0.069007321875 0.8734123078125 0.012057423437500001 0.8648318093749999 0 0.6865699703125 0
1 0.860858553125 0.2763238875 0.8319598921875 0.30334890625 0.8575086093750001 0.4176575765625 0.8589358203125 0.482209390625 0.8507885625 0.550664384375 0.8811144359374999 0.5881911796875 0.923671275 0.5978657703125 0.9493801265625 0.5846135265625 0.9789848359375 0.5337417 0.989793628125 0.47875282500000005 0.986238196875 0.41091114375000004 0.9670791781249999 0.3438872125 0.9381704390625 0.296081946875 0.9057188640625 0.27397285781249997 0.860858553125 0.2763238875
1 0.8231393406249999 0.6388491328125 0.8084246125 0.656627303125 0.780587540625 0.6665896828125 0.8281194656249999 0.7525350578125 0.8375212031249999 0.7826549390624999 0.8368201953125001 0.8439168890625 0.8054503671875001 0.9544057328125 0.82531039375 0.9601677140625 0.8655562031249999 0.9257452140625 0.8806239546875 0.8960436406250001 0.9034809015624999 0.7723953375 0.9066656734375 0.7212074203125 0.8965478093750001 0.640104059375 0.8830674046875 0.6067965328125 0.8507910828125 0.5693719546875 0.8231393406249999 0.6388491328125
1 1 0.5891331109375 0.9846659687500001 0.5861656734375 0.9508023 0.611750196875 0.9185410953125 0.68657105 0.9070262546875 0.7654067312499999 0.9116483171875001 0.853600915625 0.9263731234374999 0.9106530312500001 0.9577656265625001 0.9685323312499999 1 0.969508578125 1 0.5891331109375
1 0.9209593484375 0.210248225 0.9232703796875 0.2543453171875 0.9328498890624999 0.2878572828125 0.9615808578125 0.332270465625 0.99243500625 0.3425583703125 0.9805243109375 0.11528874062500001 0.9755593031249999 0.11384824687499999 0.94222895 0.149609021875 0.9271611984374999 0.1793105953125 0.9209593484375 0.210248225
1 0.8885609546875 0 0.8932723328125001 0.017819404687500002 0.9241315218749999 0.0655224515625 0.9569386390625001 0.0944157109375 0.9716558875000001 0.0953451109375 0.979279909375 0.091544153125 0.9737169859374999 0 0.8885609546875 0
1 0.9169789453125 0.9366558640625 0.8910898015625 0.9278084546875001 0.8485354828125 0.9368414328125001 0.81662478125 0.9810313109375001 0.9396630203124999 0.9776444109375 0.9551066125000001 0.9737737859375001 0.9169789453125 0.9366558640625
1 0.5181205249999999 0.3606133375 0.533719071875 0.322380446875 0.5306919156250001 0.22729987343750002 0.514727746875 0.1839183125 0.47978988906250003 0.13302761875 0.457979415625 0.12736785625 0.4175583546875 0.1771058421875 0.3512481515625 0.2179964203125 0.3209373953125 0.292715053125 0.3087165078125 0.395397540625 0.31706169375000004 0.47999520625000003 0.346325978125 0.5345846390625 0.40094105 0.5504300875 0.43817482031250005 0.533172446875 0.43941166249999997 0.5007943203125 0.43302700312500003 0.4909247234375 0.44118181874999995 0.4785924453125 0.4528895484375 0.5153942765624999 0.4803685578125 0.47994015624999997 0.5023492453125 0.4328692890625 0.5181205249999999 0.3606133375
1 0.1764088109375 0.16593415 0.1292475484375 0.1990183734375 0.1030104203125 0.239509509375 0.0817433390625 0.318856284375 0.08192615 0.3596635125 0.11846143125 0.4223753921875 0.13247767187499998 0.48456674218750007 0.1686523703125 0.5030793109375 0.2143990203125 0.49898113125 0.2558892296875 0.48830321874999993 0.28779993125000003 0.4441133421875 0.2986087234375 0.3891244671875 0.294337165625 0.2702993078125 0.2805012171875 0.23020761093750003 0.2560266875 0.192374159375 0.22357511406250002 0.1702650703125 0.1764088109375 0.16593415
1 0.3113503265625 0.20308037343750002 0.3711056578125 0.2050508296875 0.42305415625 0.17001501875 0.451419503125 0.132813746875 0.473570403125 0.03301225 0.47090635000000003 0.0008385609375000001 0.26025793125 0.011878176562499999 0.2540535640625 0.0241082359375 0.25122433593750004 0.08208031875 0.2650653234375 0.1595871578125 0.3113503265625 0.20308037343750002
1 0 0.21517137968750003 0.045025246875 0.21533717968750002 0.095378840625 0.18718775468749999 0.1303040984375 0.14454059218749998 0.15192924375 0.0906855546875 0.15794828125 0.0189406984375 0 0.0257461546875 0 0.21517137968750003