0 0.012057004687500001 0.340357325 0.0434003078125 0.40788407656250003 0.082738596875 0.5408948671875 0.15166443125 0.7054768046875 0.1753515875 0.74846573125 0.19527398125 0.7672572843750001 0.21638055625 0.7725135843750001 0.2389673578125 0.7608508171875 0.251000871875 0.7465599015625 0.256964575 0.7232136578125 0.2226180234375 0.6451950125 0.1648375671875 0.4764736 0.12998275312500002 0.337035634375 0.117610396875 0.3103803390625 0.107775825 0.277127640625 0.0745501421875 0.1975022015625 0.032822975 0.14782040624999998 0.012057004687500001 0.340357325
0 0 0.52752731875 0.0037900171875 0.5356926203125 0.0788694921875 0.6411429328125 0.111354178125 0.6508044015625 0.1192002609375 0.6395568453125 0.113785853125 0.6118054328125 0.0736655359375 0.5213476499999999 0.007363076562499999 0.43882836875000003 0 0.49297844843750005 0 0.52752731875
0 0.0040637812500000006 0.43172029062500006 0.07396158124999999 0.5179638359375 0.052706101562499996 0.4359759421875 0.013706653125000001 0.343911365625 0.0040637812500000006 0.43172029062500006
0 0.15227369531249998 0.21127223593750002 0.12450769843750001 0.19369259218749998 0.13966842031249999 0.2935567375 0.1513853734375 0.3389081203125 0.2287921796875 0.5298049015624999 0.302519815625 0.785164365625 0.3157803078125 0.8016682218750001 0.34614988125 0.7906863578125 0.357717928125 0.7593061484375 0.3581405984375 0.7320654125 0.3300537953125 0.6273167125 0.25848406874999996 0.43693061093749996 0.1721103109375 0.258888178125 0.15227369531249998 0.21127223593750002
0 0.275801084375 0.1979764703125 0.24078134062499998 0.150149675 0.23723625625000003 0.17256539843750002 0.259793109375 0.24269143125 0.2806892328125 0.3399916 0.29532560625 0.4640218265625 0.35543339375 0.71818970625 0.3785917703125 0.7560178 0.4058314703125 0.758400965625 0.4352067984375 0.725168975 0.443708284375 0.6952253328125 0.44501909062499995 0.6578331562499999 0.412279390625 0.5390385249999999 0.39362500625 0.4385247671875 0.3511568421875 0.31887900468749997 0.311239384375 0.2410191625 0.275801084375 0.1979764703125
0 0.33072618593750003 0.2386681296875 0.333306765625 0.27640075468749997 0.377847246875 0.37235982500000003 0.45356337187499995 0.672219540625 0.4681774671875 0.69566125 0.490172178125 0.6907661109375 0.501740225 0.6593859 0.49928627031249995 0.5977963515625 0.4571141515625 0.474766775 0.446285334375 0.41926395000000005 0.3938559734375 0.2902224109375 0.3751177609375 0.25789560312500004 0.3540744984375 0.2407108421875 0.33072618593750003 0.2386681296875
0 0.4934866953125 0.1710746890625 0.4721268703125 0.21353222968750002 0.46533834374999994 0.23510145312500003 0.45884586250000003 0.2532868625 0.45685913906250003 0.36563361250000004 0.4690415578125 0.428074290625 0.47060737656249996 0.499815278125 0.48097072812499997 0.5382288109375 0.4969384234375 0.568608371875 0.519694646875 0.5774187125 0.531432115625 0.5665116078125 0.5545682109375 0.5037511859375 0.5752931484375 0.42373124375 0.5480088890625 0.220171046875 0.5079946796875 0.16211483124999998 0.4934866953125 0.1710746890625
0 0.3583029609375 0.125150503125 0.3599115765625 0.24122152031250002 0.39415201875 0.286838596875 0.41170605 0.33270065937500004 0.43763494375 0.3724759984375 0.43888243750000006 0.347012284375 0.405042384375 0.1735659578125 0.38000162656250003 0.12363917656250001 0.3583029609375 0.125150503125
0 0.6157710578125 0.3420297484375 0.5653114359375 0.47059395468750004 0.501740225 0.6593859 0.48672574218750003 0.7637734390625 0.49880205312500003 0.79381255 0.5243921046875 0.7926416749999999 0.5528365 0.7252310984375 0.585319421875 0.5780455640625 0.6277002281249999 0.45218426718750004 0.633621134375 0.384507996875 0.6257955671875 0.339497065625 0.6157710578125 0.3420297484375
0 0.8170022375 0.3613400515625 0.772420725 0.3778979609375 0.6894336187500001 0.45247066875 0.6194742718749999 0.5350025859375 0.5986432265625 0.5826209609374999 0.5813014125 0.6015620328125 0.561041940625 0.69867126875 0.5889798390625 0.7266883734375 0.6277242734375 0.7096197875 0.74877813125 0.5360860656249999 0.790948484375 0.5022686375000001 0.846399846875 0.428696578125 0.8898604906250001 0.41374546562500003 0.8719471015625 0.38319567656250003 0.833392603125 0.36447888125 0.8170022375 0.3613400515625
0 0.7785520828125 0.21817782187499998 0.778488771875 0.23010628125000002 0.7560713906250001 0.26224215625 0.7262100796875 0.334643340625 0.6939170953125 0.44604349374999996 0.7640458625 0.383984684375 0.7868226015625 0.3365365359375 0.800526278125 0.26954116875 0.78775176875 0.21386811875 0.7785520828125 0.21817782187499998
0 0.82951996875 0.1510329375 0.8454876656250001 0.1814125 0.7807955859375 0.3718112390625 0.8325677796875001 0.3627018609375 0.849803484375 0.3113592203125 0.8635071625 0.2443638546875 0.8660021499999999 0.19343642656249999 0.847919340625 0.14241353125 0.8379581437500001 0.133017753125 0.82951996875 0.1510329375
0 0.7442946546875 0.5425132406250001 0.675625596875 0.643911471875 0.6713115421875 0.670811753125 0.6794964671875 0.7005104109375 0.7074976765625001 0.71659905625 0.727906053125 0.696221415625 0.7606011921875 0.6138390171875 0.7914772625000001 0.507429471875 0.7442946546875 0.5425132406250001
0 0.8609822109374999 0.42793994062499996 0.8074132296875 0.5136106875 0.7663432296875 0.6020798078125 0.7209591734374999 0.7174492109374999 0.728848053125 0.7505316828125 0.76103669375 0.7635769671875 0.77165329375 0.75427665625 0.8359655 0.6354486796875001 0.8526724265625001 0.5789452078124999 0.9007636874999999 0.47745150937499997 0.917495134375 0.417760490625 0.9191016984375 0.38042002343750003 0.9160330734375 0.3439460265625 0.9064642203125001 0.326581065625 0.893410178125 0.3309481984375 0.8841837953124999 0.3549327265625 0.8609822109374999 0.42793994062499996
0 0.9393463843750001 0.20667264375 0.9256632218749999 0.21740952187499998 0.8944055140625 0.238542825 0.857120790625 0.29495083125 0.835634340625 0.36126529375 0.870297453125 0.3796416375 0.879919809375 0.3480912 0.89449110625 0.32720288124999997 0.9156609937500001 0.32053072031249996 0.9268063718749999 0.31639124375 0.983378603125 0.24121239062500002 0.9920067140625 0.18741182812499999 0.9870577718750001 0.1767497078125 0.9393463843750001 0.20667264375
0 0.9228861515625001 0.42856200468749994 0.8927799109375 0.49242430625000005 0.8466343437500001 0.5940882296875001 0.8350029843750001 0.6373968999999999 0.8091596828125001 0.6862816171875 0.8120996203124999 0.7087019703124999 0.8465299999999999 0.718533665625 0.9045824578125 0.6264357453125 0.9427758328125 0.5036178109375 0.9664142578125 0.4289269328125 0.9725728546875001 0.3585338375 0.9228861515625001 0.42856200468749994
0 0.9449132265625 0.6248496593749999 0.9125346484374999 0.6475897578125 0.9221997999999999 0.660369346875 0.94749380625 0.6625822859375 0.988776025 0.6389163 0.9972980265625001 0.5527141671875 0.9449132265625 0.6248496593749999
0 1 0.365839640625 0.9879854124999999 0.3860512765625 0.9444643390625 0.50888010625 0.9385639484375 0.5202978890625001 0.9059749187499999 0.63508185625 0.9231901078125 0.6399977031249999 0.946369 0.621567309375 0.997104153125 0.545877778125 0.9974635093750001 0.530565503125 1 0.5043448296874999 1 0.365839640625
0 0.5531294250000001 0.13708104062499998 0.5864817312499999 0.1928495578125 0.6001443765625 0.23837116875 0.5977349828125 0.3779586515625 0.6013303234375 0.38168291718749997 0.620511721875 0.330510503125 0.6301768734375 0.34329009374999997 0.633941634375 0.3674874671875 0.6365222140625 0.40522009375 0.6304318859375 0.45242325625 0.6067037 0.52195130625 0.6250397578125 0.5252603609375 0.6457441796875 0.5014989062499999 0.661266925 0.4585306875 0.666364728125 0.3452238234375 0.6690760796874999 0.2743916671875 0.6608694453124999 0.226982403125 0.6443237359375 0.19279550625 0.5873903828125 0.1264396296875 0.5211307203125 0.088250375 0.5531294250000001 0.13708104062499998
0 0.0991464859375 0.23460147031249998 0.12427229843750001 0.3126680359375 0.1651336125 0.4730897875 0.229512659375 0.6560273578125 0.26333043125 0.7288851703125 0.28414096093749996 0.7375252828125001 0.28073555781250004 0.6980156375 0.231795428125 0.5402967953125 0.1448715859375 0.3184863078125 0.1286633453125 0.21859006406249998 0.104647378125 0.171725975 0.0991464859375 0.23460147031249998
0 0.2571151125 0.420586615625 0.2860866546875 0.496807921875 0.286393278125 0.43898735 0.2763789625 0.33618964375 0.264631071875 0.28488965624999996 0.2426648734375 0.20101753125 0.2202975578125 0.1398359609375 0.19122428593750002 0.114566578125 0.17725645625 0.142956928125 0.1896538390625 0.209464175 0.2144807078125 0.33655835 0.2571151125 0.420586615625