1 1 0.1176902484375 0.9800942984375001 0.12787708281250001 0.9515411015625 0.16889818125 0.93752738125 0.2123819609375 0.935394121875 0.25308696875000003 0.9428353328125001 0.2976951546875 0.9699562796875 0.3586410140625 1 0.383156328125 1 0.1176902484375
1 0.9219036375 0.36122478281250003 0.9309498328125001 0.33788907031250004 0.937695075 0.2838201625 0.9279529109375 0.2084787828125 0.9061499953125001 0.15801583125000002 0.8708691937499999 0.12215283750000001 0.840548359375 0.12226448906250001 0.8151900109374999 0.13964321875000002 0.7928437015625 0.1741868046875 0.768006071875 0.2749271390625 0.7665838984375 0.302063809375 0.775264471875 0.3603425515625 0.8007905125000001 0.4144020234375 0.8156830125000001 0.428788109375 0.8449397375000001 0.4303213890625 0.8997351 0.392376284375 0.9219036375 0.36122478281250003
1 0.92633785 0.35125296875 0.9038137687500001 0.3891886390625 0.8300447171875 0.43464287500000004 0.8470629171875 0.46444666718749994 0.8715298875 0.48273592968749995 0.9126670734375001 0.48149043750000003 0.953631528125 0.44622188749999997 0.9798837718750001 0.37446759531249996 0.9371617593750001 0.2939964140625 0.92633785 0.35125296875
1 0.7961810484375 0.40905835156250003 0.7734917953125 0.3568482484375 0.7642804265625001 0.2900381890625 0.735551978125 0.3157438 0.7057619390625 0.324386771875 0.6825343296875 0.31976806406249997 0.6422885218750001 0.2853455640625 0.6298697062499999 0.33571573125 0.6287980375 0.393483378125 0.634466571875 0.4345972609375 0.6532574484375 0.46789535468750004 0.68853825 0.50375835 0.7284310359374999 0.526257446875 0.754320178125 0.5174100375 0.78074515625 0.4796788046875 0.7944033328125 0.442979190625 0.7961810484375 0.40905835156250003
1 0.7749240453125 0.254881290625 0.781318784375 0.17018140937499998 0.7731664874999999 0.139141559375 0.7471071312500001 0.0952583375 0.717144359375 0.06987825156250001 0.6930304125 0.0635123921875 0.6641267125 0.073902515625 0.641958175 0.10505401875 0.63220089375 0.14195806718749998 0.63325240625 0.2338509921875 0.644772284375 0.27527153125 0.6637409328125 0.305177540625 0.6864352265625 0.3199725 0.7336015296875 0.31564158125 0.752044421875 0.29960112968749997 0.7749240453125 0.254881290625
0 0.6633627140625 0.4803298515625 0.6342888 0.4379893453125 0.6273809046875 0.3832049078125 0.6412269312500001 0.268282925 0.6286454625 0.209799746875 0.6302504453125 0.14185584843750002 0.6220956281250001 0.1295235703125 0.6073783796875001 0.130452971875 0.585918409375 0.1667437109375 0.5828962921875 0.22440913906249998 0.590327425 0.343847609375 0.600247359375 0.4157969046875 0.60999708125 0.4350155703125 0.6318050375 0.44806337812499997 0.62577088125 0.48856394999999997 0.6339256984375 0.500896228125 0.6514797328124999 0.5018161953125 0.6633627140625 0.4803298515625
0 0.5692456734375 0.20498603750000002 0.5545284265625 0.2059154375 0.5442428703125 0.21558059687500003 0.5346633609375 0.2490925625 0.538366328125 0.40234965625 0.5523699703125 0.43369616093749996 0.553784584375 0.46268220312499997 0.5754172875 0.460414525 0.5949293296875 0.405313996875 0.594756596875 0.37129093750000003 0.58094584375 0.22430692031250002 0.5692456734375 0.20498603750000002
0 0.527196953125 0.3915600921875 0.529340290625 0.276024796875 0.550810340625 0.164903775 0.5164108374999999 0.16820307343750002 0.496375559375 0.15864956875 0.4727823296875 0.23564531406250003 0.463375553125 0.30318033906249997 0.4614150265625 0.37790840625 0.46867846562500004 0.4259086734375 0.481617996875 0.4589001125 0.5128251703125 0.4605356109375 0.5206294828125 0.44223691406250004 0.5135387765625 0.428259703125 0.5144276343749999 0.41129928437499996 0.527196953125 0.3915600921875
0 0.4087680390625 0.262903071875 0.3919200515625 0.2858299109375 0.3901423359375 0.3197507515625 0.4071479375 0.4430924 0.4223934625 0.4694018890625 0.4459766125 0.467236428125 0.46193826250000003 0.4425624375 0.45946457812499997 0.3778061875 0.4436932984375 0.3055502359375 0.419584390625 0.261769234375 0.4087680390625 0.262903071875
0 0.3920978234375 0.2824378265625 0.41284670781250005 0.259715425 0.42012022499999996 0.232885409375 0.41906367343750006 0.178407628125 0.398319828125 0.16371488750000002 0.381827384375 0.17985755781249999 0.3650780703125 0.2544886859375 0.3691871390625 0.32683691875 0.34812215156250004 0.3745085515625 0.3525583 0.410463965625 0.36390918125 0.42754633750000004 0.3864352734375 0.43490970156250003 0.398222953125 0.39843061562500004 0.3897867921875 0.32653491875 0.3920978234375 0.2824378265625
2 0.325041259375 0.517021584375 0.32611796718749997 0.4218387953125 0.321686275 0.413103040625 0.29579713281250003 0.4219504484375 0.2590941578125 0.41322412656249996 0.2080345171875 0.3612278953125 0.1913643015625 0.38076265 0.173094140625 0.430826159375 0.1656327734375 0.535878546875 0.1750244328125 0.58058895 0.1954102140625 0.6207734312500001 0.23317477968749997 0.64656239375 0.2626092765625 0.6447035890625 0.29913951875 0.6194068515625 0.3156344828125 0.584556609375 0.325041259375 0.517021584375
2 0.3189793875 0.7633054421875001 0.3530258671875 0.7480827390625 0.3585241890625 0.7364659921875 0.3494830328125 0.7223865625 0.33779042187499997 0.646942965625 0.3255569375 0.6377983328125 0.3165107421875 0.661134046875 0.304810571875 0.6418131640625 0.30428229687499997 0.6145742734375 0.26455972499999997 0.6448058078125001 0.2234225375 0.6460513 0.2149071390625 0.6779183328125 0.221286759375 0.7054638796875 0.24770165781250003 0.74256293125 0.26082400156249996 0.7347471421875 0.25178284687499997 0.7206677140625 0.2533802703125 0.708846528125 0.28954993125 0.7277491046875 0.3189793875 0.7633054421875001
2 0 0.5504332468750001 0.0317091234375 0.6079867796875 0.05538022031249999 0.6236539 0.10699001875 0.6112450843749999 0.1328248640625 0.5788755453125 0.16566604375 0.5167690296874999 0.1682182796875 0.44545686562500003 0.16421592499999998 0.37860992968749996 0.1570908765625 0.36380999062499997 0.1333807703125 0.371498146875 0.10874125781249999 0.366771953125 0.0797334703125 0.3549470421875 0.051514492187500004 0.335606571875 0.0386546109375 0.354855153125 0.033096459375 0.4081482875 0.008519790624999999 0.4700624140625 0 0.49709148125 0 0.5504332468750001
2 0.013877553125 0.578886053125 0.017557778125 0.6443420671875 0.030230084375 0.688972903125 0.0721646140625 0.7179628109375 0.0946209078125 0.711582909375 0.10368488125 0.6893876140625 0.142580434375 0.6783734015625 0.16045394375 0.6614486515625 0.17163225937499998 0.629059446875 0.18053514531249998 0.604876521875 0.16340708125 0.537259996875 0.1461410125 0.5652082984375 0.12221263593750001 0.599677225 0.1110363328125 0.616953 0.09598728906250001 0.6704357390625 0.0716339203125 0.66778546875 0.053660828125000004 0.6263117203124999 0.035217703125 0.61641440625 0.013877553125 0.578886053125
2 0.2153341046875 0.8353828203125 0.2229917671875 0.8852466906249999 0.2470906140625 0.915362834375 0.274199659375 0.93327109375 0.30901115468749996 0.9323475390624999 0.347119825 0.9137353578124999 0.371765375 0.8731211953125 0.38402073593749997 0.820179028125 0.3649733578125 0.776588015625 0.362363309375 0.7434761953125 0.32744116874999996 0.7691252171875 0.3034090140625 0.7754225296875 0.279162353125 0.7782736734375 0.2632238328125 0.7884300484375 0.25891831249999997 0.8479716859374999 0.23728865312499997 0.8310375890625 0.2153341046875 0.8353828203125
2 0.1956194546875 0.691457771875 0.17617218125 0.6931865125 0.1719144671875 0.6613622703125001 0.1323357234375 0.69295006875 0.12055005 0.7143157625 0.0874771 0.724923725 0.099946790625 0.7908647359375001 0.1304905109375 0.833684246875 0.17385937812500002 0.8503837203125 0.20251507656249998 0.8161625390625 0.2086429296875 0.7896914734375 0.24274027187499997 0.772243015625 0.252091396875 0.744566871875 0.22022113906250002 0.7119825171875 0.2104121375 0.6805543468749999 0.1956194546875 0.691457771875