1 0.5390625 0.17493206562500002 0.4716796875 0.11209239062500001 0.4248046875 0.10529891250000001 0.3876953125 0.1290760875 0.3671875 0.17493206562500002 0.365234375 0.2564538046875 0.375 0.293817934375 0.4111328125 0.346467390625 0.4384765625 0.36684782656250003 0.4658203125 0.3804347828125 0.517578125 0.3821331515625 0.5458984375 0.356657609375 0.5625 0.3040081515625 0.560546875 0.23947010937500002 0.5390625 0.17493206562500002
1 0.87109375 0.4194972828125 0.875 0.2632472828125 0.865234375 0.20889945625 0.8505859375 0.1834239125 0.8173828125 0.163043478125 0.7822265625 0.1664402171875 0.7626953125 0.18002717343750002 0.73046875 0.23267662968749997 0.701171875 0.317595109375 0.677734375 0.4398777171875 0.669921875 0.5587635875 0.685546875 0.6233016296875 0.6943359375 0.63858695625 0.708984375 0.643682065625 0.7451171875 0.6148097828125 0.7958984375 0.604619565625 0.85546875 0.49422554375 0.87109375 0.4194972828125
1 0.84765625 0.7184103265624999 0.833984375 0.6538722828125 0.8154296875 0.625 0.7939453125 0.61141304375 0.7568359375 0.61141304375 0.7158203125 0.63858695625 0.685546875 0.6878396734375001 0.673828125 0.735394021875 0.677734375 0.8101222828125 0.6982421875 0.8559782609375001 0.7333984375 0.8899456515624999 0.763671875 0.8882472828125 0.8134765625 0.8559782609375001 0.8359375 0.8237092390624999 0.849609375 0.776154890625 0.84765625 0.7184103265624999
1 0.9404296875 0.79483695625 0.9013671875 0.7710597828125 0.8564453125 0.774456521875 0.837890625 0.8237092390624999 0.810546875 0.8678668484375001 0.8125 0.9290081515624999 0.8427734375 0.9986413046875 0.96484375 0.996942934375 0.982421875 0.956182065625 0.984375 0.8984375 0.96484375 0.8271059781250001 0.9404296875 0.79483695625
1 0.748046875 0.0016983703124999999 0.6396484375 0 0.625 0.08322010937499999 0.63671875 0.17493206562500002 0.6650390625 0.2309782609375 0.705078125 0.24626358750000002 0.7275390625 0.2309782609375 0.7578125 0.1681385875 0.7421875 0.110394021875 0.748046875 0.0016983703124999999
1 0.8974609375 0 0.8779296875 0.020380434375 0.857421875 0.0628396734375 0.849609375 0.10020380468750001 0.849609375 0.1443614125 0.85546875 0.1783288046875 0.8837890625 0.241168478125 0.9052734375 0.2615489125 0.923828125 0.25985054375 0.9521484375 0.24796195625 0.974609375 0.2055027171875 0.986328125 0.14096467343750002 0.986328125 0.0798233703125 0.9765625 0.0424592390625 0.9560546875 0.0101902171875 0.9443359375 0 0.8974609375 0
1 0.7529296875 0 0.748046875 0.008491848437500001 0.744140625 0.123980978125 0.7685546875 0.163043478125 0.7890625 0.161345109375 0.8154296875 0.1528532609375 0.8359375 0.1171875 0.8603515625 0 0.7529296875 0
1 0.947265625 0.5859375 0.9228515625 0.553668478125 0.9033203125 0.5502717390625 0.8876953125 0.5638586953125 0.873046875 0.5961277171875 0.865234375 0.65047554375 0.8671875 0.698029890625 0.8916015625 0.76766304375 0.9296875 0.776154890625 0.953125 0.735394021875 0.962890625 0.6912364125 0.9609375 0.6538722828125 0.947265625 0.5859375
1 1 0.3685461953125 0.9931640625 0.3600543484375 0.9580078125 0.35326087031250003 0.9189453125 0.36684782656250003 0.892578125 0.409307065625 0.876953125 0.4704483703125 0.873046875 0.5180027171875 0.8857421875 0.5502717390625 0.9208984375 0.5502717390625 0.9462890625 0.580842390625 0.95703125 0.5825407609375 0.984375 0.5621603265624999 0.986328125 0.4840353265625 1 0.42629076093749996 1 0.3685461953125
1 0.646484375 0.630095109375 0.640625 0.579144021875 0.62890625 0.5485733703125 0.6064453125 0.5197010875 0.5869140625 0.512907609375 0.5537109375 0.5298913046875 0.529296875 0.565557065625 0.513671875 0.6131114125 0.5078125 0.6640625 0.5654296875 0.7778532609375 0.576171875 0.776154890625 0.6025390625 0.760869565625 0.62890625 0.72860054375 0.642578125 0.67764945625 0.646484375 0.630095109375
1 0.6103515625 0.1154891296875 0.5771484375 0.1154891296875 0.5439453125 0.13586956562500002 0.533203125 0.1647418484375 0.560546875 0.23267662968749997 0.56640625 0.2904211953125 0.609375 0.3006114125 0.63671875 0.2700407609375 0.6484375 0.22927989062499998 0.625 0.1273777171875 0.6103515625 0.1154891296875