1 0.12109375 0.3243885875 0.0849609375 0.25815217343749997 0.0458984375 0.24796195625 0 0.266644021875 0.00390625 0.5451766296875 0.0947265625 0.47214673906250004 0.126953125 0.4025135875 0.12890625 0.358355978125 0.12109375 0.3243885875
1 0.0009765625 0.09171195625 0.0595703125 0.10869565156250001 0.1015625 0.10699728281250001 0.1552734375 0.078125 0.197265625 0.0016983703124999999 0 0.0016983703124999999 0.0009765625 0.09171195625
1 0.314453125 0.2632472828125 0.310546875 0.1953125 0.2841796875 0.13586956562500002 0.2587890625 0.11209239062500001 0.2138671875 0.0951086953125 0.1650390625 0.11209239062500001 0.119140625 0.1681385875 0.099609375 0.2258831515625 0.095703125 0.266644021875 0.126953125 0.3413722828125 0.1318359375 0.3940217390625 0.1630859375 0.42119565156250005 0.234375 0.4296875 0.2548828125 0.4279891296875 0.2783203125 0.411005434375 0.30078125 0.3685461953125 0.314453125 0.2632472828125
1 0 0.6878396734375001 0.021484375 0.7727581515625 0.0498046875 0.8322010875 0.0771484375 0.859375 0.09765625 0.8610733703125 0.111328125 0.8508831515624999 0.111328125 0.7931385875 0.12109375 0.75577445625 0.185546875 0.6810461953125 0.16015625 0.5825407609375 0.154296875 0.5044157609375 0.1162109375 0.45516304375 0 0.551970109375 0 0.6878396734375001
1 0.2841796875 0.4449728265625 0.2333984375 0.4313858703125 0.1982421875 0.4449728265625 0.16796875 0.49082880468749995 0.16015625 0.5247961953125 0.162109375 0.5825407609375 0.1796875 0.6368885875 0.2041015625 0.669157609375 0.345703125 0.6742527171875 0.369140625 0.6266983703125 0.369140625 0.5315896734375001 0.3154296875 0.46535326093749996 0.2841796875 0.4449728265625
1 0.0380859375 0.8355978265624999 0 0.8372961953125 0.0009765625 0.9986413046875 0.115234375 0.996942934375 0.11328125 0.9425951093749999 0.1015625 0.9052309781250001 0.0791015625 0.8661684781250001 0.0380859375 0.8355978265624999
1 0.388671875 0.8372961953125 0.384765625 0.7591711953125 0.375 0.7184103265624999 0.3310546875 0.6759510875 0.2529296875 0.669157609375 0.1865234375 0.6929347828125 0.1435546875 0.7269021734375001 0.115234375 0.786345109375 0.111328125 0.8678668484375001 0.119140625 0.9086277171875 0.1474609375 0.95108695625 0.1787109375 0.9680706515624999 0.212890625 0.9697690218749999 0.2685546875 0.9646739125 0.3544921875 0.92391304375 0.3779296875 0.9001358703125 0.388671875 0.8372961953125
1 0.521484375 0.005095109375 0.3037109375 0 0.29296875 0.0356657609375 0.30078125 0.110394021875 0.3388671875 0.1596467390625 0.39453125 0.1783288046875 0.4326171875 0.1664402171875 0.4833984375 0.1290760875 0.517578125 0.0390625 0.521484375 0.005095109375
1 0.51171875 0.41610054375 0.552734375 0.3040081515625 0.5546875 0.23607337031250003 0.546875 0.202105978125 0.52734375 0.1545516296875 0.5048828125 0.1256793484375 0.4892578125 0.12228260937499999 0.4423828125 0.163043478125 0.3759765625 0.1868206515625 0.34375 0.2428668484375 0.3203125 0.32778532656250003 0.3125 0.4059103265625 0.326171875 0.473845109375 0.3623046875 0.5163043484375 0.421875 0.5180027171875 0.4462890625 0.4925271734375 0.4619140625 0.4925271734375 0.4755859375 0.4789402171875 0.51171875 0.41610054375
1 0.5390625 0.7795516296875 0.525390625 0.6640625 0.505859375 0.6131114125 0.5 0.5621603265624999 0.4599609375 0.512907609375 0.4423828125 0.512907609375 0.4306640625 0.5230978265624999 0.4013671875 0.5570652171875 0.38671875 0.5893342390625 0.37890625 0.6334918484375 0.37890625 0.698029890625 0.392578125 0.80672554375 0.392578125 0.8644701093749999 0.400390625 0.8984375 0.4365234375 0.9782608703125 0.4560546875 0.9918478265624999 0.474609375 0.99014945625 0.5107421875 0.9612771734375001 0.533203125 0.9222146734375001 0.541015625 0.840692934375 0.5390625 0.7795516296875
1 0.7490234375 0.7269021734375001 0.7021484375 0.7065217390625 0.6474609375 0.723505434375 0.5751953125 0.7846467390625 0.54296875 0.8474864125 0.537109375 0.88485054375 0.537109375 0.96297554375 0.5458984375 0.9986413046875 0.751953125 0.996942934375 0.7734375 0.9595788046875 0.791015625 0.9052309781250001 0.79296875 0.840692934375 0.7490234375 0.7269021734375001
1 0.68359375 0.579144021875 0.681640625 0.487432065625 0.662109375 0.395720109375 0.6376953125 0.3396739125 0.6005859375 0.3158967390625 0.5693359375 0.319293478125 0.5458984375 0.33627717343749997 0.51953125 0.395720109375 0.505859375 0.47724184843749995 0.50390625 0.5689538046875 0.517578125 0.6402853265624999 0.5439453125 0.68953804375 0.5732421875 0.709918478125 0.587890625 0.708220109375 0.6435546875 0.682744565625 0.6591796875 0.6657608703125 0.677734375 0.6165081515625 0.68359375 0.579144021875
1 0.5986328125 0 0.5673828125 0.0373641296875 0.552734375 0.0696331515625 0.54296875 0.123980978125 0.544921875 0.188519021875 0.560546875 0.2496603265625 0.5810546875 0.2853260875 0.6044921875 0.305706521875 0.64453125 0.31080162968749997 0.6767578125 0.29891304375 0.7109375 0.2564538046875 0.724609375 0.2055027171875 0.720703125 0.1341711953125 0.705078125 0.056046195312500005 0.6787109375 0.0101902171875 0.6650390625 0 0.5986328125 0
1 0.85546875 0.5247961953125 0.853515625 0.4398777171875 0.8359375 0.3685461953125 0.8037109375 0.3158967390625 0.7802734375 0.305706521875 0.7509765625 0.3158967390625 0.7236328125 0.3430706515625 0.693359375 0.409307065625 0.681640625 0.46025815156250005 0.685546875 0.57235054375 0.677734375 0.6165081515625 0.677734375 0.643682065625 0.7021484375 0.696331521875 0.7587890625 0.7269021734375001 0.775390625 0.7252038046875 0.7958984375 0.7133152171875 0.822265625 0.6674592390625 0.841796875 0.6097146734375001 0.85546875 0.5247961953125
1 0.923828125 0.1205842390625 0.8955078125 0.061141304687499995 0.8505859375 0.0101902171875 0.8232421875 0 0.7626953125 0.0033967390625 0.7490234375 0.016983695312499998 0.732421875 0.056046195312500005 0.724609375 0.1341711953125 0.7265625 0.188519021875 0.740234375 0.22927989062499998 0.7783203125 0.2819293484375 0.8134765625 0.3125 0.845703125 0.3209918484375 0.8798828125 0.3023097828125 0.916015625 0.24626358750000002 0.927734375 0.1987092390625 0.923828125 0.1205842390625
1 1 0.7184103265624999 0.9677734375 0.6997282609375 0.9384765625 0.7065217390625 0.890625 0.776154890625 0.873046875 0.8305027171875 0.865234375 0.88485054375 0.8671875 0.9799592390624999 0.8740234375 0.9986413046875 1 0.996942934375 1 0.7184103265624999
1 0.986328125 0.5112092390625 0.974609375 0.4534646734375 0.9462890625 0.3940217390625 0.9072265625 0.36684782656250003 0.8681640625 0.36684782656250003 0.845703125 0.39232337031250003 0.85546875 0.4534646734375 0.85546875 0.5349864125 0.8359375 0.6334918484375 0.8701171875 0.682744565625 0.904296875 0.6946331515625 0.9365234375 0.682744565625 0.96484375 0.6470788046875 0.984375 0.5859375 0.986328125 0.5112092390625
1 0.85546875 0.67764945625 0.8330078125 0.6487771734375001 0.7978515625 0.7133152171875 0.7822265625 0.7269021734375001 0.75390625 0.72860054375 0.794921875 0.8440896734375001 0.79296875 0.9018342390624999 0.7578125 0.996942934375 0.8125 0.996942934375 0.845703125 0.9358016296875 0.875 0.8033288046875 0.87109375 0.721807065625 0.85546875 0.67764945625
1 1 0.0016983703124999999 0.9482421875 0 0.93359375 0.0288722828125 0.931640625 0.0934103265625 0.9716796875 0.1834239125 1 0.2055027171875 1 0.0016983703124999999
1 1 0.2428668484375 0.9931640625 0.241168478125 0.9677734375 0.2615489125 0.951171875 0.2904211953125 0.943359375 0.3209918484375 0.943359375 0.3685461953125 0.9453125 0.38892662968749997 0.9755859375 0.448369565625 1 0.4568614125 1 0.2428668484375