1 0.9216908109374999 0.3764393390625 0.9514321484374999 0.305156553125 0.957104965625 0.2647923640625 0.9506571640624999 0.2124343734375 0.9333785296875 0.17398975156250002 0.9164010296875 0.1544531140625 0.881801696875 0.14101519375 0.8569161281250001 0.14266293593749999 0.8195667437499999 0.17686021093749998 0.7960141359375 0.21814167968749998 0.786988996875 0.2683250921875 0.78905265 0.30977656875 0.8117472593749999 0.3798534453125 0.8369771406250001 0.41084024062499996 0.8693844015625001 0.4188249046875 0.8988257171875 0.40581200781250004 0.9216908109374999 0.3764393390625
1 0.8265758640625 0.407663375 0.7876344468750001 0.319867615625 0.7756865421875 0.36278001875 0.753810096875 0.3991518734375 0.674684 0.442913359375 0.674469221875 0.4514584765625 0.6926933265625 0.48317573437499994 0.7217482640624999 0.500979621875 0.7618488140624999 0.496325025 0.7859605140625 0.479132978125 0.80641875625 0.45285217031249997 0.8265758640625 0.407663375
1 0.7880640031249999 0.30277738125 0.7849253453125 0.2268736140625 0.76274665 0.1671596078125 0.73897815 0.1398083171875 0.711169815625 0.13418505 0.6829319265625 0.1456520171875 0.6504394234374999 0.187392125 0.6231481171875 0.269309603125 0.61652983125 0.31640115625 0.620054865625 0.3614881375 0.64029944375 0.4209303203125 0.6766181171875 0.44318518281249997 0.7494691265625 0.4019719109375 0.776159278125 0.3594163359375 0.7880640031249999 0.30277738125
1 0.5802145000000001 0.5256799203125 0.6067330515625 0.5053960125 0.6305436156249999 0.4692959796875 0.6410733140625 0.43647462499999995 0.61958213125 0.36485181875 0.6174321218750001 0.2959472390625 0.6121025046875 0.29176808906249996 0.57763270625 0.3195098234375 0.555411946875 0.32324714062500004 0.526872921875 0.3158061203125 0.4977748046875 0.28427568124999997 0.48458029687500004 0.3150074625 0.4769733625 0.3550998265625 0.47963928593749994 0.43436727656249996 0.5143681546875001 0.488984853125 0.551202740625 0.521602584375 0.5802145000000001 0.5256799203125
1 0.632732346875 0.2432156125 0.641241571875 0.18266933125 0.6387483625 0.1583080875 0.6093059328125 0.0941431078125 0.5778009640625 0.065704528125 0.5495198953125 0.06344494375000001 0.5270843562499999 0.075727378125 0.4984600890625 0.11801113125 0.48702809843750006 0.17128640312500001 0.48771672656250004 0.23655547968750001 0.5016430390625 0.2848193265625 0.523477421875 0.31189879375 0.56362115 0.3209707484375 0.5906556140625 0.3110497109375 0.6154548265625001 0.28194886406249997 0.632732346875 0.2432156125
0 0.4946350328125 0.1311940375 0.4743052125 0.121476625 0.45264354375 0.149303365625 0.44413431875000003 0.20984964687500002 0.45148663750000007 0.396109471875 0.46004015625 0.42646761875 0.474567625 0.43536956250000003 0.4746096890625 0.3719182390625 0.49558273125 0.27882242343749997 0.48526669531250005 0.2259207875 0.4856098953125 0.18137745 0.4946350328125 0.1311940375
0 0.41894761562499994 0.19258940156249998 0.39874732968750004 0.22405164531250002 0.3929472046875 0.3775919296875 0.4013688125 0.40779524062499994 0.4040371109375 0.44603786875000007 0.4291806359375 0.4495715609375 0.43756143906249995 0.4250235 0.44998207656250006 0.37874741562500003 0.444693409375 0.2339390671875 0.43708536249999996 0.1968535578125 0.41894761562499994 0.19258940156249998
0 0.3669013890625 0.394512153125 0.38233115 0.38296018125 0.3859403125 0.3011445171875 0.3963404765625 0.22714350625000002 0.4106952328125 0.1811392421875 0.4120270796875 0.14359509374999999 0.391525659375 0.15614935000000002 0.3663389546875 0.13888910625 0.3550353859375 0.1561661578125 0.336855575 0.2153533265625 0.3179461859375 0.3499006203125 0.321987134375 0.40535047031250004 0.33539753437500003 0.4432514484375 0.3624751765625 0.44705696250000004 0.370899159375 0.436235453125 0.3669013890625 0.394512153125
0 0.2777149859375 0.23619768749999998 0.2668409734375 0.23638450312499998 0.25046574375 0.2546638390625 0.24621113125 0.28493698125 0.2621158546875 0.42437707812500003 0.2686920765625 0.44073684843749994 0.30011068750000003 0.441722325 0.3128756390625 0.4280807796875 0.3181189 0.404806825 0.3135620390625 0.3389941046875 0.2908242515625 0.255190678125 0.2777149859375 0.23619768749999998
0 0.25093847812500003 0.2513001578125 0.2755229125 0.2307444296875 0.286954903125 0.17746915624999998 0.28446169375 0.1531079140625 0.27547862031250003 0.1398400015625 0.2588022546875 0.139211353125 0.23383144374999998 0.1905838671875 0.22055169375 0.2710404203125 0.22704875000000002 0.3244098625 0.2089832671875 0.3225636890625 0.2063017296875 0.369988665625 0.2136986234375 0.3938899703125 0.2323983578125 0.4110664671875 0.251010596875 0.4005194296875 0.24483595781249998 0.2998912171875 0.25093847812500003 0.2513001578125
2 0.183203421875 0.3824155703125 0.1737476140625 0.37251134218750004 0.1525155015625 0.383247846875 0.11770138906250001 0.3783550421875 0.0694337 0.32183470937499997 0.056410790625 0.3302948203125 0.0314399796875 0.381667334375 0.014335173437500001 0.4753067953125 0.019364770312499998 0.5377558328125 0.0400389046875 0.5801077828125 0.0758848421875 0.6057263265625 0.0976328671875 0.605352690625 0.13816297500000002 0.5836078578125 0.1585780390625 0.5436004984375 0.183203421875 0.3824155703125
2 0.186431778125 0.7173060671875 0.19292164375 0.7062127359375 0.183207878125 0.691127071875 0.184066990625 0.6569466046875 0.1757282515625 0.618043340625 0.163349678125 0.6008681015625 0.155441609375 0.62205248125 0.14843583124999998 0.62278294375 0.14233234374999998 0.603059490625 0.149509721875 0.580057359375 0.1437073703125 0.5792418921875 0.09329189843749999 0.608172728125 0.06428013906249999 0.6040953921875001 0.0573175390625 0.6185524046875 0.0603266609375 0.65327651875 0.07322114843750001 0.6808146265625 0.0852985859375 0.6790818796875 0.089596378125 0.6625352890625 0.12350819843750001 0.6878820109375 0.153122228125 0.7297753203124999 0.186431778125 0.7173060671875
2 0.0695043921875 0.7934499374999999 0.0507704765625 0.79635928125 0.060815884375 0.8552718734375 0.0733605234375 0.8708905281250001 0.10066318125 0.8920471796875 0.1291897609375 0.898827440625 0.1711283515625 0.8867092296875001 0.19360337968750002 0.8628494515625 0.2107564171875 0.8230005359374999 0.21317103906249998 0.788141940625 0.18984206406249998 0.7535542546875 0.2006929640625 0.72736805 0.196551725 0.7143159812500001 0.1726875265625 0.7310526953125 0.136391621875 0.7370361640625 0.10961866718749999 0.7291167749999999 0.09650190625 0.7487495421875 0.08769163906250001 0.8029337765625 0.0695043921875 0.7934499374999999
2 0 0.7965849140625 0.005966878125 0.7976831390625 0.035951159375 0.7714148234375 0.06843526093749999 0.73302770625 0.08281942656249999 0.712880334375 0.07287906562499999 0.6872359640625 0.0561064390625 0.6620169859375 0.05187779218750001 0.6212413999999999 0.045644015625 0.594732428125 0.025867995312499996 0.5767119046875 0.008142001562499999 0.6206369984375 0 0.6255191515625 0 0.7965849140625
2 0 0.6174128078125001 0.006752829687500001 0.613513934375 0.0240969109375 0.5723062984375 0.0174201828125 0.5291083234375 0.00861665 0.4925392796875 0 0.5035028421875001 0 0.6174128078125001