2 0.782624571875 0.4327005234375 0.7616504171875 0.4486184625 0.7699891562500001 0.487521725 0.7634572265624999 0.5620663796875001 0.7674118187500001 0.5900631296875 0.748804678125 0.8206962828125001 0.7320851359375 0.80634108125 0.69873240625 0.8050837812499999 0.6678728859375 0.828187725 0.6445350578125 0.860924075 0.6479305578125001 0.8648314031250001 0.7011824375 0.8157184734375 0.7229304625 0.8153448375 0.7486762578125 0.8566945015625 0.77975055625 0.8250454421875 0.8254353375000001 0.5982178031250001 0.8260353796875 0.481678025 0.803427128125 0.439054253125 0.782624571875 0.4327005234375
2 0.737197746875 0.6647095984375 0.7591594359375 0.57861296875 0.7695164218749999 0.49088540625 0.756106021875 0.45298442968749997 0.7270942609375 0.4489070921875 0.7018223156250001 0.48137162031249997 0.68265385625 0.533559603125 0.6684286359375 0.6207435203125 0.6411805078125 0.71638755 0.6432873390625 0.7715655796875 0.655537490625 0.8247390390625 0.6635319171875 0.8310077625 0.7037177109375 0.77662839375 0.7084450578125 0.7429915703125001 0.737197746875 0.6647095984375
2 0.6711978078125 0.3679964859375 0.639092796875 0.456097684375 0.579007853125 0.5608472828125 0.548364225 0.652583984375 0.5231345546874999 0.7121213562500001 0.5764327859375 0.667937715625 0.6245243781250001 0.5878249375 0.6895093828125 0.504344721875 0.7259553624999999 0.41342348749999996 0.72926450625 0.38987771250000003 0.7211837234375 0.356155884375 0.698919784375 0.34616665 0.6711978078125 0.3679964859375
2 0.6347271359375 0.27814018125 0.6156870984375 0.29432994375 0.56531591875 0.41416520781250005 0.540947378125 0.50335369375 0.4805624125 0.6663731828125 0.47897260937499997 0.6987358984375 0.4882136390625 0.71718524375 0.5048900046875 0.71781389375 0.5203197640624999 0.706261921875 0.54434510625 0.661616771875 0.574988734375 0.5698800703125 0.620632565625 0.483681628125 0.6565626328125 0.382397525 0.667478709375 0.318759384375 0.6521341921875 0.2805865828125 0.6347271359375 0.27814018125
2 0.46456680625 0.5511941859375 0.3850005171875 0.7970335656249999 0.381303071875 0.8318457125000001 0.42859707968749994 0.7844555828125 0.5480815781249999 0.46662501093750003 0.5786388484375 0.34743520625 0.5686239484375 0.31344155625000003 0.542019040625 0.30627235937499997 0.51674709375 0.3387368875 0.475043865625 0.49932253437499996 0.46456680625 0.5511941859375
2 0.4553701390625 0.2632235609375 0.4224049015625 0.30832735312500004 0.3848861453125 0.519152046875 0.3915498375 0.640142796875 0.42107751093749995 0.6545830031250001 0.4359913578125 0.6326681625 0.44647787812499995 0.5861202546875 0.46650545 0.4997518046875 0.4951717828125 0.3940167296875 0.502262803125 0.34356149375 0.5001991515624999 0.302110015625 0.48777739843749995 0.2712082265625 0.4553701390625 0.2632235609375
2 0.3840225765625 0.24462101406249998 0.33747645312499996 0.3512733703125 0.2819483703125 0.521835690625 0.25315250312500004 0.5863911109375 0.26114692968750003 0.5926598359375 0.2843563375 0.59592170625 0.3254876 0.534814971875 0.3782224515625 0.398161296875 0.4531348859375 0.244043753125 0.4573463203125 0.2000440609375 0.44544048125 0.1795051390625 0.42369245624999996 0.179878775 0.3840225765625 0.24462101406249998
2 0.3398855328125 0.5025372609375001 0.3168488390625 0.5541815984375 0.285344984375 0.60292089375 0.2650583421875 0.6069300328125 0.190617528125 0.6805060203125 0.0733974734375 0.7664034281250001 0.0891110515625 0.79632314375 0.12722104843749998 0.7774317328125 0.18933441875 0.7549860671874999 0.2568994390625 0.727764315625 0.33675021875 0.6581671203125 0.3769360125 0.6037877484374999 0.3869497984375 0.560603525 0.3820065578125 0.5256075890624999 0.39073056093749997 0.45651619062500004 0.3747848875 0.45770529375 0.3398855328125 0.5025372609375001
2 0.2254282984375 0.453865196875 0.07822283125 0.5961075578125 0.061890781250000006 0.6281134453125 0.060472576562500005 0.6382044921875 0.0706590765625 0.6499264765625 0.054756581250000005 0.6648421296875 0.06172029531249999 0.727562990625 0.0728522640625 0.7325576078125 0.13246558749999998 0.7083495656250001 0.1567920640625 0.682612403125 0.1854595109375 0.6540552015625 0.231490834375 0.6142178515625 0.27954151875 0.5249275515625 0.32333647656250003 0.388732515625 0.30498395 0.393013478125 0.2254282984375 0.453865196875
2 0 0.6073769312499999 0.1015606609375 0.5633712078124999 0.22349418124999998 0.45359337499999997 0.3242819453125 0.3820051515625 0.375383815625 0.263987640625 0.36545527187500004 0.25744709375 0.33940945624999996 0.27436731875000003 0.1138517640625 0.47591546874999996 0 0.5498773406249999 0 0.6073769312499999
2 0 0.5476404125000001 0.1075766765625 0.47846368281249996 0.2347966359375 0.3591384484375 0.32591381406250003 0.28619111249999996 0.3453834078125 0.2529111171875 0.3433197546875 0.211459640625 0.32702976875 0.1800142046875 0.29608389218750003 0.1756650453125 0.2570151671875 0.20104538125000002 0.1510273203125 0.3096341109375 0.058964673437500004 0.38930881093749997 0.0009422671875 0.4583320125 0 0.4678596265625 0 0.5476404125000001
2 0.015382265624999999 0.3626029796875 0.0042945890625 0.4485127875 0.0300824484375 0.426411128125 0.057503290625 0.38567330625 0.2724449265625 0.189493409375 0.2822439359375 0.1548543015625 0.2758824921875 0.1299494125 0.25529471406250004 0.115050565625 0.2287761625 0.135334471875 0.015382265624999999 0.3626029796875
2 0.024192625000000002 0.3209646828125 0.16851850468750001 0.185177865625 0.1940915859375 0.1716213234375 0.20539515625 0.154344271875 0.2048792421875 0.14398140312500002 0.18231416875 0.11508418125 0.1547637921875 0.11464235 0.0390190015625 0.1944188625 0.024192625000000002 0.3209646828125
2 0.5019262890625 0.8511720828125 0.4841328546875 0.8795424671875001 0.4909238546875 0.8873571218749999 0.52900393125 0.854977596875 0.5688885890625001 0.7816902406249999 0.6398464328125 0.59957595 0.6453044703125 0.5677568796875 0.575548940625 0.671147365625 0.54348599375 0.6957972390625 0.5182151609375001 0.80543964375 0.5019262890625 0.8511720828125
2 0 0.7151668375 0.014054875 0.7088586296875 0.050673568749999995 0.6728436015625 0.05802254531249999 0.6275698015625 0.0863888578125 0.5801046140625 0.023380034375 0.6004053296875 0.0010308531250000001 0.6401408671875 0 0.6412778234375 0 0.7151668375
2 0.50141618125 0.8445698515625001 0.5116810046875 0.7256285484375 0.489675021875 0.7208207484375 0.47703849218750005 0.698464075 0.45481884531250005 0.77937926875 0.4563665859375 0.8104678765625 0.4757036171875 0.89430036875 0.50141618125 0.8445698515625001