1 0.318359375 0.5349864125 0.302734375 0.4806385875 0.298828125 0.4398777171875 0.2802734375 0.397418478125 0.2509765625 0.370244565625 0.2119140625 0.36684782656250003 0.1650390625 0.390625 0.126953125 0.4534646734375 0.103515625 0.5349864125 0.1015625 0.5961277171875 0.109375 0.6470788046875 0.1611328125 0.682744565625 0.1806640625 0.7302989125 0.19921875 0.72860054375 0.2373046875 0.709918478125 0.2822265625 0.6657608703125 0.314453125 0.59952445625 0.318359375 0.5349864125
1 0 0.996942934375 0.09765625 0.996942934375 0.119140625 0.96297554375 0.1640625 0.8508831515624999 0.1796875 0.7727581515625 0.177734375 0.7252038046875 0.1611328125 0.6861413046875 0.1083984375 0.6521739125 0.0888671875 0.6555706515625 0.0595703125 0.682744565625 0 0.7897418484375 0 0.996942934375
1 0.126953125 0.358355978125 0.12109375 0.2632472828125 0.111328125 0.22927989062499998 0.0869140625 0.2038043484375 0.0400390625 0.1868206515625 0 0.1987092390625 0.00390625 0.565557065625 0.0615234375 0.5230978265624999 0.103515625 0.44667119531250005 0.119140625 0.3991168484375 0.126953125 0.358355978125
1 0.0009765625 0 0 0.1919157609375 0.0458984375 0.1868206515625 0.0849609375 0.20040760937500002 0.1083984375 0.22078804375 0.125 0.253057065625 0.111328125 0.1783288046875 0.119140625 0.0696331515625 0.1015625 0.0016983703124999999 0.0009765625 0
1 0.447265625 0.6640625 0.4365234375 0.6419836953125 0.4228515625 0.631793478125 0.3486328125 0.6283967390625 0.2919921875 0.658967390625 0.255859375 0.7048233703125 0.23828125 0.7591711953125 0.23828125 0.8101222828125 0.25 0.8542798906250001 0.2919921875 0.9001358703125 0.33203125 0.8984375 0.447265625 0.776154890625 0.453125 0.7421875 0.451171875 0.7014266296875 0.447265625 0.6640625
1 0.4970703125 0.801630434375 0.4736328125 0.788043478125 0.4365234375 0.79483695625 0.3857421875 0.838994565625 0.3447265625 0.8899456515624999 0.29296875 0.9935461953125 0.51953125 0.996942934375 0.537109375 0.956182065625 0.5390625 0.9018342390624999 0.5078125 0.8203125 0.4970703125 0.801630434375
1 0.6640625 0.7455842390625 0.5986328125 0.61141304375 0.5830078125 0.5944293484375 0.5712890625 0.5944293484375 0.5537109375 0.5570652171875 0.5302734375 0.56046195625 0.5107421875 0.5434782609375 0.4833984375 0.5638586953125 0.458984375 0.643682065625 0.462890625 0.7116168484375 0.4765625 0.7591711953125 0.505859375 0.8101222828125 0.5498046875 0.9137228265624999 0.5908203125 0.9544836953125 0.62109375 0.9595788046875 0.6484375 0.9391983703125 0.6796875 0.8542798906250001 0.6796875 0.8169157609375001 0.6640625 0.7455842390625
1 0.896484375 0.6606657609375 0.896484375 0.57235054375 0.884765625 0.5315896734375001 0.8662109375 0.5061141296875 0.8173828125 0.46875 0.7958984375 0.46875 0.7685546875 0.48573369531250005 0.7265625 0.541779890625 0.6875 0.6402853265624999 0.669921875 0.72860054375 0.67578125 0.7931385875 0.703125 0.8678668484375001 0.7333984375 0.9069293484375001 0.76953125 0.91202445625 0.8212890625 0.8763586953125 0.853515625 0.8237092390624999 0.87890625 0.75577445625 0.896484375 0.6606657609375
1 0.720703125 0.422894021875 0.703125 0.3515625 0.6689453125 0.28872282656250003 0.6240234375 0.241168478125 0.5888671875 0.2309782609375 0.5498046875 0.2615489125 0.529296875 0.3006114125 0.51953125 0.3413722828125 0.521484375 0.409307065625 0.533203125 0.473845109375 0.552734375 0.49082880468749995 0.544921875 0.5112092390625 0.560546875 0.5553668484375 0.5986328125 0.604619565625 0.63671875 0.6131114125 0.6669921875 0.5978260875 0.70703125 0.528192934375 0.720703125 0.47724184843749995 0.720703125 0.422894021875
1 0.517578125 0.4025135875 0.51953125 0.2904211953125 0.5078125 0.23267662968749997 0.4794921875 0.1868206515625 0.4365234375 0.163043478125 0.4189453125 0.16983695625 0.39453125 0.23947010937500002 0.333984375 0.32778532656250003 0.322265625 0.4025135875 0.326171875 0.514605978125 0.34765625 0.592730978125 0.3759765625 0.6283967390625 0.419921875 0.6266983703125 0.4560546875 0.5944293484375 0.48828125 0.541779890625 0.501953125 0.5044157609375 0.517578125 0.4025135875
1 0.416015625 0.059442934375 0.40625 0.025475543750000003 0.3876953125 0.0033967390625 0.3232421875 0.0033967390625 0.2861328125 0.030570651562500002 0.24609375 0.0798233703125 0.216796875 0.1579483703125 0.212890625 0.23607337031250003 0.224609375 0.2836277171875 0.2529296875 0.33627717343749997 0.302734375 0.33797554375 0.3544921875 0.3023097828125 0.412109375 0.1919157609375 0.41796875 0.13077445625 0.416015625 0.059442934375
1 0.23828125 0.07302989062500001 0.1923828125 0.0373641296875 0.1533203125 0.050951087500000006 0.126953125 0.096807065625 0.11328125 0.1477581515625 0.115234375 0.1953125 0.123046875 0.22248641249999998 0.1689453125 0.3023097828125 0.2119140625 0.33627717343749997 0.24609375 0.33797554375 0.22265625 0.280230978125 0.2109375 0.2258831515625 0.212890625 0.17493206562500002 0.23828125 0.07302989062500001
1 0.853515625 0.2700407609375 0.8359375 0.17493206562500002 0.8037109375 0.10529891250000001 0.7607421875 0.06793478281250001 0.7314453125 0.06793478281250001 0.7099609375 0.084918478125 0.677734375 0.161345109375 0.671875 0.2190896734375 0.673828125 0.2836277171875 0.705078125 0.3549592390625 0.7265625 0.46025815156250005 0.7490234375 0.4789402171875 0.775390625 0.47724184843749995 0.8212890625 0.45176630468749995 0.841796875 0.41610054375 0.853515625 0.3481657609375 0.853515625 0.2700407609375
1 0.4658203125 0 0.455078125 0.0424592390625 0.455078125 0.10020380468750001 0.462890625 0.1443614125 0.5029296875 0.21399456562500002 0.5322265625 0.234375 0.55859375 0.23267662968749997 0.6005859375 0.2038043484375 0.630859375 0.1477581515625 0.64453125 0.0798233703125 0.634765625 0.015285326562500002 0.6259765625 0 0.4658203125 0
1 1 0.630095109375 0.9775390625 0.6283967390625 0.9365234375 0.6521739125 0.9140625 0.6878396734375001 0.900390625 0.7421875 0.900390625 0.7931385875 0.912109375 0.8372961953125 0.9404296875 0.8899456515624999 0.9677734375 0.9137228265624999 1 0.918817934375 1 0.630095109375
1 0.96484375 0.1341711953125 0.947265625 0.0764266296875 0.9169921875 0.030570651562500002 0.8876953125 0.0101902171875 0.8408203125 0.016983695312499998 0.8115234375 0.0407608703125 0.79296875 0.0866168484375 0.818359375 0.1273777171875 0.83984375 0.1851222828125 0.849609375 0.22927989062499998 0.85546875 0.31080162968749997 0.8701171875 0.3226902171875 0.89453125 0.3209918484375 0.9228515625 0.3023097828125 0.95703125 0.24626358750000002 0.966796875 0.1851222828125 0.96484375 0.1341711953125