1 0.9437000624999999 1 0.9396627734375 0.9493813484375 0.907436328125 0.8089047828125 0.8563068156250001 0.7340448937499999 0.7926358812500001 0.682538715625 0.76439209375 0.6798530171875 0.7384242125 0.695940246875 0.700357428125 0.7506912828125001 0.679178453125 0.79753503125 0.669829634375 0.8413930875 0.667814378125 0.8991024765625 0.6756773421875 0.9537580109375 0.689988834375 0.991644684375 0.6954353249999999 1 0.9437000624999999 1
1 0.5573050953124999 0.733799953125 0.535122540625 0.753418178125 0.5104822140625 0.8154356953124999 0.5107745265625 0.8630292390625 0.5176339109375 0.8904592499999999 0.5333362765625 0.9164986609374999 0.5543333859375 0.9308271343750001 0.5900609421875 0.9150807203125 0.60848983125 0.8630427234375 0.6109792656249999 0.7917546546875001 0.6042384249999999 0.760929971875 0.5759077515625 0.7327501671875 0.5573050953124999 0.733799953125
1 0.3246139484375 0.6814896734375 0.3045887578125 0.7232754984375 0.3053552484375 0.7572903609375 0.3212630421875 0.8054292078125 0.357725428125 0.85258643125 0.39895315625 0.8472285156250001 0.42503958124999996 0.8277466171875 0.44068672343750004 0.7994031453125 0.440157321875 0.7585989421875 0.4263200078125 0.707133590625 0.3944410984375 0.6686334484375 0.3246139484375 0.6814896734375
1 0.15481178125 0.45123861718749997 0.14354268750000002 0.4661397359375 0.1157966390625 0.533147015625 0.1119479921875 0.5873935703125001 0.122118525 0.6319332578125 0.1504175375 0.6890018390625 0.20341209999999998 0.738435784375 0.260113203125 0.6537461859375 0.264436028125 0.58592095 0.25864354375 0.527938909375 0.24628398593749998 0.4901203984375 0.2210590328125 0.4569508328125 0.1969562046875 0.44761212031250003 0.15481178125 0.45123861718749997
1 0.1863107640625 0.8364040703125 0.1484810671875 0.8843657671875 0.1396064265625 0.9146451453125 0.142972796875 0.9861377015624999 0.300044309375 0.993322165625 0.2956426984375 0.9234928625000001 0.28523507656249997 0.8857425140625 0.265628840625 0.8595667765625 0.2245513171875 0.8326412453125001 0.1863107640625 0.8364040703125
1 0 0.533375465625 0.006780579687500001 0.5769234234375 0.013639965625 0.6043534359375 0.06624723437499999 0.692860165625 0.07807739062499999 0.689874475 0.114192240625 0.635055275 0.111418590625 0.5465893687500001 0.1459688 0.4526292203125 0.11663454843750001 0.39722389062499996 0.10995702968750001 0.3086216578125 0.10079007499999999 0.29130749375 0.038770665625 0.30443637031250004 0.0168252015625 0.3172652546875 0.0052004734375 0.34235038281249996 0 0.491272475 0 0.533375465625
1 0.100615578125 0.660072240625 0.070593621875 0.7083065890625 0.068578365625 0.766015978125 0.073604359375 0.78998315625 0.1058072421875 0.8471880640625 0.12461532812500001 0.8682377140625 0.15377581093749998 0.87265483125 0.18447737343749998 0.8329412375 0.2166641203125 0.8154279296875 0.2071974265625 0.74196678125 0.195485815625 0.741557803125 0.16336981718750002 0.709847 0.12324065 0.655764109375 0.100615578125 0.660072240625
1 0.236065596875 0.6987903546875 0.214207015625 0.737113346875 0.2147364171875 0.7779175484375 0.23741671250000002 0.8279923015625 0.2580581890625 0.852504784375 0.3089270484375 0.8508823546875 0.3223851671875 0.829260059375 0.3229778890625 0.8122867109374999 0.30352185781249996 0.7538275265625 0.3006848875 0.723139171875 0.28669736874999996 0.7039572640625 0.2588092140625 0.6910875562500001 0.236065596875 0.6987903546875
1 0.17749280625 0.08156041093750001 0.15128783750000002 0.10443698125 0.1250512078125 0.1562023265625 0.11144288437500001 0.21010806718750002 0.1168716375 0.3904345515625 0.1322183703125 0.426657971875 0.1568822609375 0.4479121109375 0.2218888453125 0.43318814375 0.23765453124999997 0.4014500015625 0.2383657984375 0.3810819828125 0.2228136375 0.3227591265625 0.22471035 0.26844440625 0.23062947656250002 0.2108713453125 0.2536418421875 0.1674904296875 0.2541160203125 0.15391174999999999 0.21756674999999998 0.0812604203125 0.17749280625 0.08156041093750001
1 0.2544399921875 0.17261651718749998 0.23269995625 0.20754483750000002 0.2229321828125 0.31936445625 0.229554478125 0.3535838078125 0.2485679921875 0.39673289375 0.2637092953125 0.41085687968749995 0.306533325 0.41575113750000003 0.35397249375 0.4004137 0.35802656875 0.3682665796875 0.3355598 0.22813083125000003 0.312760959375 0.1814507484375 0.286824740625 0.16864920156250002 0.2544399921875 0.17261651718749998
1 0.42550712187500006 0.0868224515625 0.39735021718749997 0.10963085937499999 0.3673282625 0.1578652078125 0.35164945937500003 0.21509745625 0.35146759375 0.2762696765625 0.3634715171875 0.3242721984375 0.3882222921875 0.37102044375 0.41862344374999994 0.3958737421875 0.447902471875 0.3968961875 0.47996324687499997 0.37422410781250004 0.5060813328125 0.3258534328125 0.5153116062499999 0.2853900453125 0.5179195859375 0.21070730625 0.5024859687500001 0.14898978125 0.48323536718750004 0.11263003437500001 0.44789510468750005 0.0893036625 0.42550712187500006 0.0868224515625
1 0.208907334375 0 0.20858166250000001 0.0027740328125 0.23099320781250002 0.08852690156250001 0.2668628703125 0.152657475 0.3072607875 0.1710622484375 0.3462994921875 0.172425509375 0.3801067734375 0.12772215625 0.3928852859375 0.09757910625 0.4040628125 0 0.208907334375 0
1 0.3603341375 0.3581507328125 0.3591486921875 0.392097434375 0.349831534375 0.4070667140625 0.28689542968750004 0.4184641765625 0.2816006859375 0.4301751125 0.27982251874999997 0.48109516093750004 0.2837816125 0.5356143703125 0.2994523171875 0.5905425546874999 0.33348859062499997 0.651210296875 0.3737679625 0.673009740625 0.4234278140625 0.622062353125 0.436561959375 0.5817352921875 0.44052915156249994 0.524094065625 0.4331403640625 0.45585985312500005 0.42553843281250003 0.4293823 0.41930305 0.40439449843749997 0.37216429375 0.3551650421875 0.3603341375 0.3581507328125
1 0.61855874375 0.266903253125 0.5866165140625 0.2861806640625 0.560379884375 0.337946009375 0.5568868703125001 0.3820085546875 0.591808178125 0.47329648750000003 0.6201388515625 0.5014762937499999 0.6567514421875 0.516350071875 0.7039535203125 0.5078019765625 0.7337383875000001 0.46635696718749997 0.7488244671875 0.42609806875 0.751550990625 0.3480206609375 0.7233705234375 0.287557409375 0.6586326890625 0.26660326093750003 0.61855874375 0.266903253125
1 0.727235365625 0.0089899859375 0.6853832546875 0.060210025 0.6711822093750001 0.131089115625 0.6695225859375 0.1786144953125 0.672003921875 0.21948685937499998 0.6872321109375 0.25910495 0.7408193953125 0.29156554687499997 0.7824027578125 0.27602362187499996 0.8121876234375 0.2345786125 0.8210622656250001 0.204299234375 0.8279297484375 0.1195688125 0.8128517656250001 0.0476672765625 0.7945178578125 0.013038946874999999 0.727235365625 0.0089899859375
1 0.8885347203125 0.035015540625 0.8743969968749999 0.048117079687499995 0.8418303828125 0.11325661406250001 0.8260330359375001 0.1738835328125 0.8223029343749999 0.2247354171875 0.8320545125000001 0.3372366671875 0.8494717234375001 0.37013358125 0.8760875499999999 0.3914558828125 0.8936549671874999 0.3920693515625 0.919061784375 0.3640666953125 0.95035606875 0.30737975156249997 0.9767429046875 0.2233309609375 0.9805915515624999 0.16908440625 0.9743248890625 0.12468104375 0.9427147281250001 0.0505027875 0.9148265734375001 0.0376330765625 0.8885347203125 0.035015540625
1 0.0801964546875 0.013585365625000002 0.060202925 0.026482415625 0.0416554921875 0.0819150828125 0.0186431265625 0.1252959984375 0.022602220312499997 0.1798152046875 0.03635265 0.205786453125 0.082250740625 0.234579725 0.10694629062500001 0.22694509062499998 0.123099271875 0.1561341640625 0.14853775 0.09924273125000001 0.1493675625 0.0754800421875 0.1304725921875 0.0289362859375 0.1103921796875 0.016339228125 0.0801964546875 0.013585365625000002
1 1 0.4168382109375 0.9668249250000001 0.3674340265625 0.94088870625 0.3546324796875 0.9241194390624999 0.35914509843750003 0.8935364218749999 0.3954640203125 0.8662093296875 0.3945097375 0.8482546187500001 0.43296905625 0.8418613140625 0.5041207984375 0.8519133015625 0.55205515625 0.8708082718749999 0.5985989125 0.9123283125 0.6408345390625 0.9512484718750001 0.6455924703125 0.99641173125 0.6114821046875 1 0.5087275234375 1 0.4168382109375
1 0.7160207656249999 0.49802694374999995 0.7018830406250001 0.5111284828125 0.6820080546875 0.5206308625 0.6296614375 0.50860645 0.6186294328125 0.5167182265625 0.6162033203124999 0.5302287421874999 0.6119121562500001 0.5691652015625001 0.6063803234375 0.5876654796875 0.622730634375 0.651114421875 0.6557949890625 0.655667865625 0.687081175 0.71114135625 0.704292959375 0.7219388328125 0.779920690625 0.654904215625 0.79802560625 0.5841614515625 0.801637165625 0.5367042343749999 0.791822265625 0.48198053906249994 0.7567507531250001 0.4229760515625 0.7160207656249999 0.49802694374999995
1 0.45942412031249996 0.5706378234375 0.454927528125 0.587474846875 0.4380397171875 0.595382134375 0.418931221875 0.6388993765625 0.4176272328125 0.6762407453125 0.4434684703125 0.7757086203125 0.43802352187500004 0.8197030015625 0.4648447765625 0.8631247406250001 0.5018130000000001 0.867814509375 0.5107193031249999 0.80864635625 0.523853446875 0.768319296875 0.551449290625 0.7335954640625 0.571324275 0.7240930828125001 0.5881671921875 0.7007201640625 0.587967625 0.6499153875 0.583162528125 0.608946959375 0.5687324921875 0.57445495625 0.5390109468750001 0.5581224125 0.45942412031249996 0.5706378234375
1 0.626397415625 0.6580400890625 0.60433340625 0.6742636453124999 0.58626015 0.7161176328125001 0.6095015078125 0.7781078109374999 0.6105603109375 0.859716215625 0.62478491875 0.8721087828125 0.6546566687500001 0.8561578796875 0.6660443078125 0.8378620921875 0.6841492234375 0.7671193281249999 0.6766418921875 0.702279784375 0.650737334375 0.6605894625000001 0.626397415625 0.6580400890625
1 0.4229691015625 0.8310731234375 0.3829820421875 0.8568672218750001 0.347965753125 0.852245615625 0.3106654578125 0.9410115156250001 0.30888729062500003 0.9919315640624999 0.4561991265625 0.9987752125 0.4639199828125 0.9735537578125 0.46309826875000004 0.8851560140625001 0.43754934375000004 0.8332816812500001 0.4229691015625 0.8310731234375
1 0 0.9828443874999999 0.087283371875 0.985892390625 0.141660253125 0.9851093750000001 0.13458043125000002 0.890677965625 0.063283621875 0.7777269140625 0.050892404687500004 0.76879718125 0.0265524859375 0.76624780625 0 0.7788222031250001 0 0.9828443874999999
1 0.5110204421875 0.3243265046875 0.48386711718750003 0.374360434375 0.45098611406250005 0.424092840625 0.44733892812500003 0.4720174140625 0.45536449218749997 0.5134850531249999 0.46374910468749997 0.5446684078125 0.49966125000000006 0.5562193140625 0.528927296875 0.5390768312499999 0.54776704375 0.5312377046875 0.576398125 0.49485061874999997 0.5834393765625 0.461108409375 0.5567683265625 0.385403225 0.5606169734375 0.33115666875 0.5473090609375 0.3204955171875 0.5110204421875 0.3243265046875
1 0.487028790625 0.004000596875 0.4595514921875 0.035329759375000006 0.4503212171875 0.075793146875 0.49275795312500004 0.11976019062500001 0.51336776875 0.1731614484375 0.5207565562500001 0.2413956625 0.5169079078125 0.2956422171875 0.527228646875 0.3078984609375 0.5641968703125 0.312588228125 0.59685036875 0.2729428 0.64221905625 0.26093186875 0.6518918484375 0.2357785796875 0.65414419375 0.1712798515625 0.6458070515625 0.1302029953125 0.6177451281249999 0.066345075 0.570843459375 0.010326278125000001 0.548574021875 0.0044503984375 0.487028790625 0.004000596875