1 0.056746874999999995 0.15476354375 0.02853845 0.1764267203125 0.0066775296875 0.21943856875 0.00008175 0.2651912765625 0.0061231765625 0.3158206078125 0.03165178125 0.37711979218749997 0.05362830625 0.40974939218750006 0.08435497812500001 0.42895632343749995 0.1061062125 0.42895034687500005 0.13817279531249999 0.4066761 0.1617664046875 0.34963350000000004 0.1702912640625 0.30357525625 0.16511618125 0.24593055000000003 0.151554828125 0.210248578125 0.11341791718750001 0.162983134375 0.08691328125 0.15170519531249999 0.056746874999999995 0.15476354375
1 0.20374964218749997 0.1589932328125 0.176297875 0.2166469046875 0.16810799375000002 0.252334853125 0.1747385890625 0.34413982656250003 0.1967440140625 0.3956797890625 0.21905551562499997 0.41793909375 0.27119844375 0.44751034375 0.302595071875 0.44597668749999997 0.3164336015625 0.43346763906249997 0.33896447812499997 0.3697152015625 0.3411707328125 0.321218646875 0.33426296093749996 0.277604690625 0.31452159218750003 0.2153888984375 0.29464163593750003 0.17726861562500001 0.26301971874999996 0.14616669531249998 0.237577815625 0.141598596875 0.20374964218749997 0.1589932328125
1 0.1341471484375 0.41247231875 0.1507003140625 0.45455859375 0.172145471875 0.483833275 0.20533258906250001 0.5060895890625 0.24883505625 0.5060776359375 0.2861286078125 0.4606214984375 0.2852333625 0.44872651250000006 0.26487984062500003 0.44507203281249996 0.2078160203125 0.409402015625 0.182847684375 0.3703681125 0.172613121875 0.33072014843750003 0.1341471484375 0.41247231875
1 0.339911609375 0.3007835921875 0.34036218906250004 0.3660547453125 0.31906153593750003 0.43133187656249994 0.3377401703125 0.4868378296875 0.36111440625 0.5158069734375 0.387451553125 0.5322700593749999 0.40867142031250003 0.5289091625 0.461565090625 0.4758235875 0.4828946453125 0.42945682031250004 0.48510090000000006 0.380960265625 0.47659902656249997 0.3272815515625 0.4593470046875 0.287025503125 0.4255477328125 0.3233305015625 0.394682471875 0.328219078125 0.345167478125 0.29651206406249997 0.339911609375 0.3007835921875
1 0.3721916515625 0.07385028125000001 0.339790090625 0.10649482343750001 0.3153301359375 0.1705527984375 0.33073978125000003 0.26784546875 0.353247671875 0.3038299875 0.3801161859375 0.3236479921875 0.421689575 0.3239415734375 0.43938626249999996 0.3108214546875 0.45951449375 0.28184035625 0.468905696875 0.22876673749999998 0.46937926250000006 0.1943009328125 0.4532996625 0.11774885312500001 0.4288626921875 0.08206986875 0.39796853125 0.068048084375 0.3721916515625 0.07385028125000001
0 0.461743734375 0.13360684218750002 0.4709733640625 0.20436569062499998 0.46144357343750003 0.2815348203125 0.48065357343750004 0.34039569375 0.4863600234375 0.40139531875 0.47573859843750005 0.4529442453125 0.4542126546875 0.48558579999999996 0.46774510625000004 0.502357409375 0.48790223906249996 0.49228667187499997 0.49226286249999995 0.476120159375 0.48222468906250004 0.450197409375 0.508307646875 0.41511455625 0.515319190625 0.2970753203125 0.50563898125 0.16104531875 0.4899810609375 0.13085402968749998 0.4761136296875 0.1244527140625 0.461743734375 0.13360684218750002
0 0.5190328453124999 0.2019124375 0.513274509375 0.22173940781249998 0.5167169031250001 0.2934148640625 0.511773025 0.3870530546875 0.533275984375 0.454148459375 0.562212165625 0.4495654171875 0.5572623734375 0.4245562890625 0.5685826546875 0.371177134375 0.5638233375 0.24124589843750002 0.553253796875 0.21196823125000003 0.5346329640625 0.194283 0.5190328453124999 0.2019124375
0 0.5403623984375 0.15554566875 0.5435506015625 0.1756751859375 0.5710660859375001 0.27448955937499997 0.5784244390625 0.38337466875000004 0.5940534578125 0.39465559375 0.59671029375 0.4114301921875 0.5891903671875001 0.42637755000000005 0.5913158359375 0.4397972296875 0.6037855546875 0.449859 0.6269345000000001 0.4461925671875 0.637082359375 0.42910944375 0.6441517046875 0.34889093125000004 0.62096794375 0.21499968281249998 0.5926150156250001 0.142111046875 0.56334385625 0.1570643828125 0.5450869015625 0.147919221875 0.5403623984375 0.15554566875
0 0.680463309375 0.234808721875 0.6572046765625 0.28148102656249996 0.6460807843749999 0.3485853953125 0.6475940984374999 0.42056638749999997 0.6660474421875 0.443436765625 0.691656834375 0.44281971562500005 0.6990092703124999 0.43305750468750004 0.7058822265625 0.33911377656249997 0.7137371296875 0.3137961234375 0.7080306796875 0.2527964984375 0.6894098468750001 0.23511126875000002 0.680463309375 0.234808721875
0 0.7050158828125 0.3461291546875 0.706667784375 0.39401463593749997 0.7163420796875 0.41139731875 0.7309083656250001 0.4159684046875 0.7452782609375 0.406814278125 0.75802515625 0.368685028125 0.7532493312499999 0.3334148796875 0.734647221875 0.30927219687499996 0.73776231875 0.26085203749999997 0.7255907671874999 0.20165593125 0.7040677984375 0.14394078593749998 0.6867768125 0.14320654531250002 0.6777078999999999 0.143948346875 0.6717908312499999 0.16711239218750001 0.675383775 0.1998836828125 0.6836125796875 0.22914227656250002 0.707629815625 0.24964891718749999 0.713917328125 0.3069987515625 0.7050158828125 0.3461291546875
2 0.8875795109375 0.3189334546875 0.872539659375 0.34882817187500004 0.84679168125 0.3735407328125 0.8125996296875 0.3823953015625 0.7853961375 0.372947590625 0.7805041453125 0.38575918593749997 0.7955788140625 0.49342214999999995 0.82113631875 0.5736316968749999 0.8650315656249999 0.601070171875 0.898357271875 0.599230978125 0.9279634078125 0.573907346875 0.943702115625 0.542182403125 0.9514992171875001 0.47904402343749997 0.935223228125 0.38876672968750003 0.9216618750000001 0.3530847578125 0.89652605 0.319236003125 0.8875795109375 0.3189334546875
2 1 0.46460445781250004 0.97721238125 0.3167737828125 0.956858859375 0.3131193046875 0.942125084375 0.3137333640625 0.934634059375 0.3475910859375 0.9435287109375 0.4287202296875 0.9597469000000001 0.48117679999999996 1 0.5330963203125 1 0.46460445781250004
2 0.825467653125 0.602177859375 0.8211070296875 0.6183443750000001 0.8121604906250001 0.6180418265625 0.806344353125 0.6000480718750001 0.79320468125 0.6107268921875 0.78560396875 0.6875904859374999 0.7780840421875 0.70253784375 0.785297890625 0.7168711421875 0.8028559906250001 0.7278465328125 0.82547356875 0.7208251796875 0.8438402109375 0.6869644703125 0.871182290625 0.672316671875 0.8857196765625 0.6579773953125 0.8932685015624999 0.6619403984375001 0.9043116078125 0.6567522625 0.909734965625 0.6472955875 0.9118026328125 0.622894540625 0.9029946828125001 0.598496484375 0.8682712640625001 0.603996134375 0.8212167171875 0.575338503125 0.825467653125 0.602177859375
2 0.7873677390625 0.8690967984375 0.8223345390624999 0.89064760625 0.8500897000000001 0.8994488374999999 0.8817739671875 0.8826225109375001 0.913164375 0.8588968234375001 0.925325203125 0.7944576203125 0.89700543125 0.787135021875 0.8790986125 0.7774685578125 0.8755057531249999 0.744697259375 0.85428365 0.721664078125 0.8364676093750001 0.725180471875 0.803551528125 0.72414255625 0.76812743125 0.704747934375 0.7643335734375001 0.726186515625 0.7753178796875 0.7501466328124999 0.7562440890625 0.7885916953125001 0.7601986468749999 0.8261678375000001 0.7873677390625 0.8690967984375
2 1 0.64234681875 0.9919356140625 0.6324869015625 0.961616321875 0.61506209375 0.931530225 0.6344137187500001 0.9172210812499999 0.6373746375 0.8997618265625 0.66583973125 0.877937284375 0.6894395203125 0.8799203406249999 0.712046925 0.89438826875 0.720174296875 0.9072529515625 0.7459203046875 0.9344271281250001 0.7687053828125 0.952814425 0.791492903125 0.9836073046875 0.794256325 1 0.7785236359375001 1 0.64234681875
2 1 0.5370025578125001 0.980207634375 0.5155695484375 0.9552920968749999 0.4868700796875 0.947625071875 0.5242031015624999 0.9464465437499999 0.5646759625 0.960356503125 0.6020644703125 0.9768914390625 0.6181995296875 0.9974232359374999 0.6066125421875 1 0.6085553890625001 1 0.5370025578125001