1 0.73522393125 0.3932747765625 0.751326515625 0.370089896875 0.771396946875 0.303288075 0.766025475 0.231918153125 0.74030048125 0.1568937546875 0.6858067937500001 0.0812672484375 0.6339988421875 0.041325703125 0.5899650078125 0.0379827390625 0.5684101640625 0.05171392968750001 0.557927325 0.0791673484375 0.5546583359375 0.1209540625 0.5594984421875 0.1889690640625 0.5707957375 0.2353268671875 0.6080952046875 0.30851805 0.6399135125 0.353345184375 0.6892610171875 0.3902373453125 0.7166319984375 0.3944999078125 0.73522393125 0.3932747765625
1 0.393280434375 0.5815574203125 0.4218238375 0.5495239515625 0.4459488140625 0.495836271875 0.46246716406250005 0.40036486406250005 0.46274434062500003 0.35217384531249996 0.45038430937499996 0.2991062015625 0.407661484375 0.23537169531250002 0.3851824953125 0.2182975390625 0.3427427609375 0.2250193328125 0.296502671875 0.270172921875 0.2699172484375 0.3208112171875 0.2571992546875 0.37785082812500004 0.2636334609375 0.45593058906249995 0.27420300000000003 0.48520825624999997 0.32643263125 0.57151059375 0.363645396875 0.587970690625 0.393280434375 0.5815574203125
1 0.46064914375 0 0.328222446875 0.020974328125 0.3247281671875 0.030125468750000002 0.3304346171875 0.09112509375 0.35456550937500003 0.1560847328125 0.3962256 0.21310940312499999 0.43782788906250003 0.2323133453125 0.477974665625 0.217357021875 0.5164695390625 0.1545152140625 0.520408484375 0.0919879078125 0.5108438765625001 0.0315993546875 0.49828149687499995 0 0.46064914375 0
1 0.6429749578124999 0.63486485 0.6627104109374999 0.5784333234375 0.6679892656249999 0.4744248390625 0.6606887140625 0.403360453125 0.6485250734375 0.36401802499999997 0.6165392765625 0.324376040625 0.5862861703125 0.270703303125 0.558632096875 0.19598443906250002 0.5417728546875 0.183178821875 0.5244111453125 0.1859286453125 0.4832305359375 0.21308549375000002 0.46349508281249996 0.269517021875 0.45935974843749994 0.3183191125 0.47854676406249996 0.47691694375000004 0.4982881328125 0.5391327359375 0.5266121609375001 0.593111009375 0.571067675 0.6428147656250001 0.6096781515624999 0.65561440625 0.6429749578124999 0.63486485
1 0.8245973703124999 0.7952480828125 0.843298990625 0.7510170765625 0.8904632250000001 0.7366688359375 0.8993519624999999 0.699150659375 0.8948468343749999 0.6207653640624999 0.8805577250000001 0.568003259375 0.8560918546874999 0.5134139140625 0.8163608421875 0.4560837078125 0.7729969640625 0.432000153125 0.7333526531250001 0.43140103593749995 0.7070733062500001 0.45275867343750004 0.693263678125 0.484178084375 0.6756825953125001 0.5729396515625 0.6840458796875 0.650713875 0.7190523890625 0.715670528125 0.7784380671875 0.7784854375 0.8117926750000001 0.79555660625 0.8245973703124999 0.7952480828125
1 0.41801232656250004 0.9249873453124999 0.4562011234375 0.8914261937499999 0.5291074234375001 0.733718075 0.5357032015625001 0.6879653671875 0.5310594875 0.63367558125 0.5148412984374999 0.5812190109375 0.494793853125 0.548283875 0.46991221875000005 0.5659810578125 0.4404446703125 0.5672091796875 0.42867380781250003 0.55531718125 0.42115388125 0.570264540625 0.39713859218750003 0.5809463484374999 0.3437713546875 0.6684977265625001 0.324035903125 0.724929253125 0.3132469875 0.781663328125 0.3217488609375 0.8353420437500001 0.352729725 0.9060949140625001 0.3725807796875 0.9253048359375 0.394164525 0.93048400625 0.41801232656250004 0.9249873453124999
1 0.27614982499999996 0.8408446796875 0.31251923125 0.7645831953125 0.3203163328125 0.7014448171875001 0.310751725 0.6410562625 0.2769176375 0.5398035796875 0.24154725 0.4663068609375 0.2083312296875 0.4251401828125 0.15918011406250002 0.40197323437500004 0.11028318906250001 0.43035222656250005 0.0878909015625 0.47000915625 0.083420590625 0.529181540625 0.0963697890625 0.623424828125 0.1187679921875 0.70241521875 0.15413838124999998 0.7759119375 0.202117075 0.8353749171875 0.2354716828125 0.8524460859375 0.27614982499999996 0.8408446796875
1 1 0.4710859046875 0.9754057328125001 0.30536705625 0.9310080203125001 0.2934840234375 0.8824460734375 0.3114927203125 0.86863644375 0.3429121296875 0.8629648109374999 0.4194701875 0.8841616921875 0.515846246875 0.9408097484375 0.62380279375 1 0.6732482984375 1 0.4710859046875
1 0.73376909375 0.93344074375 0.7584543390625 0.902018346875 0.7656103859375001 0.8785309203124999 0.7667539078125001 0.8233245265625 0.746481171875 0.7577538140625 0.71220241875 0.7098772953125 0.6384468453125 0.6562165140625 0.6114397421875 0.6604940187499999 0.5759885671875 0.6489135328125 0.554433721875 0.662644725 0.543142340625 0.7349342421875 0.5541046609375 0.7916623406250001 0.667984025 0.93010375625 0.7002758984375 0.9404650859375 0.73376909375 0.93344074375
1 0.5214220359375 1 0.685068559375 0.9755449515624999 0.6841733125 0.9636499640625 0.6544515734374999 0.9133321453125 0.5843288671875 0.8264247156250001 0.5525394593749999 0.8005079421874999 0.5079742578124999 0.7938100578125 0.48801351562499995 0.8176060078124999 0.4607581359375 0.8889848953125 0.46646458593749995 0.9499845203125 0.4907841046875 1 0.5214220359375 1
1 0.7913636046875 0.39813944375 0.832544215625 0.3709825953125 0.8708427000000001 0.29441557500000004 0.8751744234375 0.2593386984375 0.8687980171874999 0.2190796625 0.8511821171875 0.170283546875 0.8193638109375 0.12545641406250002 0.7998766328125 0.114786559375 0.7632241359374999 0.12059174531250001 0.7387063796875 0.1468289953125 0.7649627406249999 0.2252083140625 0.7731296359375001 0.2892573234375 0.7651361453125001 0.3386704859375 0.73978094375 0.390833475 0.75155180625 0.4027254734375 0.7913636046875 0.39813944375
1 0.11966847656249999 0.2586312875 0.1384049125 0.3519579640625 0.177073190625 0.40257833125 0.21727776875 0.425442728125 0.2416569375 0.4233009890625 0.2549640984375 0.407437021875 0.2643264015625 0.3354530390625 0.30365871875 0.2466854953125 0.3028731609375 0.19178463750000002 0.2887226390625 0.114927021875 0.2637254015625 0.05698275625 0.24334297968750002 0.034417915625 0.1719670640625 0.04572275 0.15619945625 0.058537332812499995 0.1270149984375 0.1302217546875 0.11921789687499999 0.1933601328125 0.11966847656249999 0.2586312875
1 0.3329564 1 0.33268819375 0.9918070984374999 0.3171977625 0.9564306625000001 0.29242581562500003 0.9311219734374999 0.231030271875 0.9305288328125 0.1977912671875 0.9890991124999999 0.196120121875 1 0.3329564 1
1 1 0.8793573859375 0.934358471875 0.7641073125 0.9006399859374999 0.7384960765625 0.86591656875 0.743995725 0.8371767765625 0.7623039796875 0.82442988125 0.8004332296875001 0.831926821875 0.885222828125 0.8555263484375001 0.9468275484375 1 0.9254667234375 1 0.8793573859375