1 0.8222328265625001 0.881560775 0.8681616921875 0.85564905 0.8896327109375 0.8288744265625001 0.9025403421875 0.799492028125 0.9115838859375 0.73213355625 0.9040228578124999 0.6732762234375 0.8889428453124999 0.63924448125 0.8358080078125001 0.602920740625 0.7678231125 0.5957752390625 0.6966427140625 0.6190329234374999 0.644782234375 0.6733525296875 0.6332740625 0.7267901609375 0.630224940625 0.8118559187500001 0.642297359375 0.8558178968749999 0.6848428125 0.8807823000000001 0.7516789671875 0.8895147890624999 0.8222328265625001 0.881560775
1 1 0.407632321875 0.9000533984375 0.34668360625 0.8571949359375 0.40878026093750003 0.8548559265625 0.4870897546875 0.8361002546874999 0.5534274406249999 0.8321946390624999 0.5905868875 0.8982999171875001 0.6436433984375001 0.9126698171875001 0.684431403125 0.9144035687500001 0.7426762640625 0.9503488234375 0.72766929375 0.9847274734375 0.6715122703125 1 0.5262038859375 1 0.407632321875
1 1 0.13050402187500001 0.9704603593750001 0.1252485703125 0.9356638453125001 0.13866855625000002 0.8922624156250001 0.2246162890625 0.8837618375 0.2681236828125 0.8867486671875 0.29576120625 0.9219422828124999 0.3626460171875 1 0.4046953109375 1 0.13050402187500001
1 0.7709552890625 0.3604384421875 0.8216462640625 0.3452735828125 0.857507946875 0.321719203125 0.8835739281249999 0.2885966296875 0.8866022843750001 0.2410986328125 0.9111852328125 0.1753734171875 0.9143807374999999 0.1449702359375 0.90821916875 0.11016813437499999 0.8726704968749999 0.04666145625 0.78208660625 0.030309806249999998 0.7350925734375 0.0663559265625 0.7072513125000001 0.11636915625 0.6939678609375 0.18669744531250002 0.7038263703125 0.2423808046875 0.7022182375 0.2763662765625 0.7174653953125001 0.3274928328125 0.746852496875 0.3561974125 0.7709552890625 0.3604384421875
1 0.59605393125 0.49233533749999997 0.6091287078125001 0.48004775625 0.627842853125 0.488845590625 0.6717457203125 0.4541823 0.6952635 0.39859147968749997 0.7002342828125 0.351297640625 0.69461568125 0.2926444625 0.6610301984375 0.1917741796875 0.63508931875 0.158308640625 0.5538624999999999 0.146355909375 0.51908675 0.122208134375 0.5028372328125 0.127331140625 0.48101115937500005 0.1574838953125 0.46173328593749996 0.21010489843750002 0.451812484375 0.26712481875 0.45743108593750004 0.325777996875 0.5014388078125 0.4209128 0.5270246328125 0.45775647187499996 0.5430862390625 0.47310641249999996 0.56127818125 0.4681875640625 0.5738935656249999 0.48829846562499996 0.59605393125 0.49233533749999997
1 0.7418614671875 0.599877459375 0.8015544578125 0.5924896484375 0.8169267171874999 0.5770280921875 0.8398179593749999 0.5367409421875 0.85326855625 0.4835074671875 0.8564640593749999 0.453104284375 0.8510126031249999 0.4115459203125 0.8391073296875 0.38467875625 0.798859359375 0.3565403796875 0.7585906234375 0.3659697609375 0.7031167765624999 0.407955515625 0.632333478125 0.5115179953125 0.6307253453125 0.545503465625 0.6388293390625 0.5805097234375001 0.65232198125 0.6109591765625 0.6711196984375001 0.6283044171875 0.7418614671875 0.599877459375
1 0.45271205625000005 0.716350953125 0.4833730015625 0.6768804312500001 0.5030059312499999 0.620881296875 0.5102741953125001 0.5704134828125 0.5095848468749999 0.5396019843750001 0.5012929421875 0.5250686734375 0.508373296875 0.4950738046875 0.5057415234375 0.46405814999999995 0.488301221875 0.387085215625 0.46033434218749997 0.34486811093749997 0.4276681640625 0.3380193078125 0.3863342609375 0.3575830859375 0.36415313125000004 0.3911139734375 0.340447440625 0.46717773906250004 0.32749828124999997 0.57169565625 0.33487140000000004 0.6510259359375 0.35277109375000004 0.6956003859375001 0.374304921875 0.7149409296875 0.4174769125 0.7246016625 0.45271205625000005 0.716350953125
1 0.571952690625 0.9645496515625 0.593778765625 0.9343968953124999 0.6123465265625 0.8885321562499999 0.6268622921875 0.8251642875 0.6260057984375 0.777257975 0.6391428671875 0.6522671124999999 0.6374091156249999 0.59402225 0.6193422734375 0.532352984375 0.5988736140625 0.502878046875 0.5591478453125001 0.48845635156249995 0.5360894578125001 0.5116486874999999 0.526356565625 0.5481956625 0.5122166203125 0.570617640625 0.5072458375 0.6179114796875 0.4902654453125 0.6673585078125 0.47516518750000003 0.829712975 0.49603094687500005 0.9394927078125 0.539015028125 0.9696263875 0.571952690625 0.9645496515625
1 0.4760429609375 0.9988699734375001 0.4837498546875 0.9535714359374999 0.484313584375 0.8921525984375 0.476919703125 0.8503900765625 0.4441907140625 0.79742610625 0.3661594 0.7550701921874999 0.313358853125 0.75293608125 0.27785222656249997 0.7731123281250001 0.253373615625 0.809817190625 0.22436284999999997 0.8989851671875 0.220812290625 0.9327664828125 0.226618803125 0.9709467140625 0.4760429609375 0.9988699734375001
1 0.256652690625 0.7879614140625 0.3101841140625 0.7457715031250001 0.3291905046875 0.7050760390625 0.33610371250000004 0.65798635625 0.32660025937500003 0.5989248640625 0.3296493796875 0.51385910625 0.3111439109375 0.44702056562500003 0.2725876453125 0.393444125 0.2328618765625 0.3790224296875 0.20583506406250002 0.39325904375 0.170746303125 0.4561723296875 0.1580058171875 0.5026495390625 0.1510718453125 0.5873069828124999 0.1542258203125 0.6320393203125 0.1716661234375 0.7090122546875001 0.19150824375 0.7537908625 0.2240700859375 0.78966001875 0.256652690625 0.7879614140625
1 0.1645011609375 0.412822821875 0.1984204171875 0.38906428437499996 0.23791623281250002 0.340275996875 0.269558771875 0.2821236734375 0.278790225 0.19429225625 0.269119625 0.11813594999999999 0.2466249671875 0.0799094484375 0.2081315109375 0.072448175 0.1455980734375 0.1068610375 0.10733457187499999 0.16260974374999998 0.079221828125 0.22454851250000002 0.0714105984375 0.2988674046875 0.0823342765625 0.3444163703125 0.11347589375 0.393798053125 0.14004331406249998 0.411959921875 0.1645011609375 0.412822821875
1 0.37344739374999997 0.3493977234375 0.40701159374999996 0.329017315625 0.43767253906250003 0.2895467953125 0.45129028125000004 0.2534081359375 0.4633621828125 0.13855166562500001 0.4424756578125 0.06633969375 0.4126499265625 0.0324658390625 0.376098896875 0.025208721875 0.351724621875 0.0328932296875 0.3102863828125 0.081477359375 0.2970236953125 0.1142378875 0.28069112343749997 0.269631934375 0.2982357625 0.317584515625 0.3260354953125 0.34270680625 0.37344739374999997 0.3493977234375
1 0.48429340468750004 0 0.487255784375 0.0420149546875 0.521029175 0.12241229218750001 0.5705506453125 0.146402178125 0.6222024515625 0.15012327812499998 0.661948984375 0.1269772109375 0.7040973359375 0.07163681875 0.7133080265625 0.0213731625 0.5099559640625 0 0.48429340468750004 0
1 0.1023030484375 0.7990622078125 0.122792471875 0.7909693859375 0.16989084375000002 0.7259029124999999 0.1503617328125 0.594063246875 0.160136153125 0.4823807515625 0.14486823124999998 0.4688219546875 0.109549515625 0.46852525937499995 0.07368783281249999 0.4920796390625 0.049564276562499995 0.52540636875 0.0242712171875 0.5978878453124999 0.0171700984375 0.665450475 0.0203240734375 0.7101828109375 0.042630821875 0.7688822578125001 0.066545703125 0.793596234375 0.1023030484375 0.7990622078125
1 0 0.949149128125 0.145391984375 0.9589939812500001 0.1316486234375 0.9029023078125 0.111451446875 0.86150183125 0.07456612500000001 0.820055084375 0.045429740625 0.816992728125 0 0.857211575 0 0.949149128125