0 0.7602451625 0.5283189562499999 0.7843889640625 0.75803189375 0.7890882640625 0.7934001953125 0.8158228296875001 0.7581435109375 0.8185179296875 0.522194240625 0.7993864375 0.41491066249999997 0.77066791875 0.375235984375 0.74435121875 0.3677556328125 0.7262636140625001 0.3918571375 0.7421788375 0.43116977187499994 0.7602451625 0.5283189562499999
0 0.69050626875 0.3973231109375 0.6718964609375 0.4351412984375 0.6582569203124999 0.6790717734375 0.6773676484375 0.748787590625 0.6906303359375 0.7815481203125 0.69875509375 0.784109621875 0.7275156578125 0.7401013734374999 0.72749489375 0.7025336140625 0.74685685625 0.5877887609375 0.749467865625 0.5192053453125001 0.74253389375 0.434547903125 0.7342212265625 0.4115134546875 0.7134603187499999 0.39149509375 0.69050626875 0.3973231109375
0 0.6213311046875 0.3277461046875 0.6021362859375 0.42539614062500003 0.5645823812499999 0.53522214375 0.559318834375 0.597253453125 0.5403882265625 0.687582821875 0.5550368812500001 0.6779665640625 0.58521766875 0.647470840625 0.613163784375 0.5676859765625 0.66502478125 0.46318713593750005 0.683342340625 0.37587565 0.6817342078124999 0.341890178125 0.6676778359375 0.31092079375 0.6433035609375 0.303236284375 0.6213311046875 0.3277461046875
0 0.561845753125 0.69603589375 0.554326253125 0.8300287484375 0.5372202421875001 0.8728120546874999 0.5394341515625001 0.8845334359375 0.5460551125 0.8821298203125 0.56996999375 0.8574158437499999 0.59545148125 0.7915518203125 0.6322537484375 0.5998340328125 0.6372458125 0.5258771859375 0.6147511531250001 0.5641036875000001 0.5871600953125 0.6472666828125 0.5581280484375 0.67934939375 0.561845753125 0.69603589375
0 0.5162522140625 0.31829764531250004 0.5016736390625 0.30104494375 0.4799519015625 0.299912540625 0.464161778125 0.3271880203125 0.4507942375 0.4242255859375 0.44786970000000004 0.5645663890625 0.44014152656250005 0.6405185375 0.4308467453125 0.757620734375 0.43811501093749994 0.8080885500000001 0.44413019687500005 0.8279490234375 0.4518998984375 0.8271323953125 0.47658770156249997 0.7630595140625 0.48732346875 0.697037603125 0.49979298906249997 0.572770828125 0.4975790796875 0.561049446875 0.5107166671875001 0.5272218625 0.516690325 0.4719468171875 0.5263401609375 0.35822275000000003 0.5162522140625 0.31829764531250004
0 0.38193260156250003 0.2828911890625 0.36367785 0.3240875078125 0.363217940625 0.45050747187500007 0.3850434984375 0.639478675 0.3987448140625 0.6670699265625 0.4052822015625 0.67321371875 0.4096892546875 0.659088721875 0.42002792187500004 0.67337160625 0.43732184218750003 0.651061246875 0.444715725 0.609298725 0.44628233125000005 0.568148678125 0.45271589843750004 0.38645366718749996 0.44774511562499997 0.339159828125 0.43642485468750003 0.3061951421875 0.406829078125 0.2768590140625 0.38193260156250003 0.2828911890625
0 0.34197739375 0.20170441718749998 0.333330434375 0.2128595984375 0.31332116718749997 0.2747330203125 0.28971929687500003 0.3865080546875 0.2656367515625 0.5871352937500001 0.24236917343750003 0.6647206984375 0.24819645 0.664108228125 0.26116688906249996 0.6473754578124999 0.286773478125 0.6480995453125 0.3097903375 0.5961563609375 0.340243125 0.4187677296875 0.37971869375 0.2711698078125 0.3770453921875 0.2270499421875 0.36175670625 0.2030409765625 0.34197739375 0.20170441718749998
0 0.2131134421875 0.7525255843750001 0.14393747968749998 0.829274996875 0.0902466203125 0.8769971125 0.12452711718750001 0.882361646875 0.1945904125 0.8356780765625 0.289598915625 0.7888874796875001 0.35215363437499997 0.7020496546875 0.37870028906250003 0.6463200234375 0.36245129062500003 0.482378571875 0.3432149453125 0.5048930890625 0.32019808437499997 0.5568362734375001 0.288910084375 0.6608805296875 0.27301562343749997 0.6591356546875 0.2131134421875 0.7525255843750001
0 0.0829231296875 0.6985564 0.0760514484375 0.7266022359375001 0.0820666359375 0.7464627109374999 0.0783696953125 0.767343971875 0.0875596203125 0.7800398687500001 0.10030010625 0.8265170812499999 0.1084248640625 0.8290785828124999 0.1623533875 0.7909636984375 0.185234265625 0.7504342390625001 0.2022255390625 0.7218794296875 0.2376070640625 0.6754675640625 0.26651400937499997 0.5767967421875 0.2818867859375 0.43343984999999996 0.1971717 0.5243145484375 0.0829231296875 0.6985564
0 0.01429093125 0.6528304703125001 0.0241281609375 0.7183977968749999 0.1034753625 0.6605340546875 0.19875906875 0.520732259375 0.27958930312499997 0.4302658765625 0.30803685625 0.29919656875 0.2987633578125 0.2950480796875 0.2756421609375 0.3179709109375 0.0923014828125 0.5729067953125 0.01429093125 0.6528304703125001
0 0.2689376265625 0.32892193281250004 0.277668159375 0.3092193453125 0.2734074890625 0.26868176875 0.24274654375 0.22921124843750001 0.21166773437500003 0.2324777625 0.17478241249999998 0.2739245078125 0.1026199015625 0.39080347031249996 0.025152317187500002 0.49457822343749996 0.0021354578125 0.5465214078125 0.012787134375 0.6478653515625 0.0186144109375 0.6472528796875 0.0903590578125 0.573110953125 0.2045240546875 0.40741650781249994 0.2689376265625 0.32892193281250004
0 0 0.5041478203125 0.004955140625 0.5359787 0.021267465625000002 0.4949865390625 0.0990901078125 0.39458991718749997 0.1334900375 0.3294962515625 0.1920763328125 0.25161414843749996 0.1956897015625 0.23928029374999998 0.187899234375 0.2025291640625 0.1733206609375 0.18527646250000002 0.15583883125 0.1871138765625 0.0667131140625 0.3436199625 0 0.44722097187500004 0 0.5041478203125
0 0 0.410836746875 0.11648888125000001 0.24248146249999997 0.11709465625 0.220217371875 0.094391325 0.2004031671875 0.07108221718749999 0.202853053125 0.017070121875 0.249515346875 0 0.2711934015625 0 0.410836746875
0 0.545081575 0.2824926640625 0.5209575015625 0.4079843828125 0.515171753125 0.48373237500000005 0.5155475734375 0.524678265625 0.5043524125000001 0.5583016921875 0.49704210312499997 0.59151680625 0.49179932031250007 0.691115875 0.5074430609375 0.7185029703125 0.5257185765625 0.7148744109375 0.5496962671875 0.64404526875 0.5635860109374999 0.53329101875 0.5947904375 0.4377941703125 0.6051711484375 0.36839412656250003 0.604774565625 0.289880475 0.580295953125 0.2531756140625 0.557341903125 0.25900363125000003 0.545081575 0.2824926640625