1 0.44925740156250005 0.704922296875 0.4611512515625 0.672160196875 0.46707789375 0.6078651859375 0.45762722812499995 0.524570834375 0.4284425484375 0.43372008281249996 0.399212540625 0.39933085625000003 0.3693717359375 0.3939557421875 0.33317004687499996 0.40833309843750004 0.29311150937499997 0.47014836562499995 0.2705656828125 0.525558303125 0.26505299843749996 0.5864818953125 0.2739381984375 0.6423288281249999 0.302143453125 0.7091035890625 0.3398244203125 0.7547972046875 0.3827556203125 0.7737574859375 0.428433021875 0.7382989890625 0.44925740156250005 0.704922296875
1 0.5831700125 0.7521649296875 0.651807196875 0.6579250765625 0.66548810625 0.5945821671875 0.6705665484375001 0.48911603281250005 0.660287965625 0.4125645234375 0.6334760953125 0.3664943390625 0.6075124234375 0.3615952765625 0.56937216875 0.3757346078125 0.5247398046875 0.42672153437500004 0.49679223749999996 0.47804597343750005 0.4727420859375 0.5777604281250001 0.4610200265625 0.6892553265625 0.46977400156250004 0.7621973859375 0.49464730625 0.8080295468750001 0.53522598125 0.830123221875 0.55744374375 0.817451103125 0.5831700125 0.7521649296875
1 0.8227088468750001 0.5882195859375 0.8698249609375001 0.5170041375000001 0.8936126625 0.4514799390625 0.9021745624999999 0.3977752375 0.8988223296875001 0.328918675 0.850555 0.29732533125 0.8307350921875001 0.250402528125 0.8179274296875001 0.25054106875 0.7707910328125 0.27384255468749996 0.7352204234374999 0.3071197625 0.7062278171874999 0.342915771875 0.686448475 0.39182089375 0.680107875 0.4594873265625 0.693435675 0.5432577281250001 0.7140178875000001 0.5919852546875 0.7371494625 0.6119366953125 0.7825644125 0.6106684546875 0.8227088468750001 0.5882195859375
1 1 0.4018278921875 0.9429703593750001 0.442140184375 0.882021828125 0.5458797078125001 0.85879959375 0.6388513203125 0.8639591671875 0.7250410375 0.887721821875 0.7638923296875 0.9547437406249999 0.7789660828125 0.9703178859375001 0.772322728125 1 0.5199722484375 1 0.4018278921875
1 0.7508864562500001 0.8446251296874999 0.7674650734374999 0.757682278125 0.757469225 0.6948544765625 0.7330098781250001 0.6456508984375 0.6950008484375 0.6426951015625 0.6345772171874999 0.6780541125 0.5953465953125 0.7331265390625 0.5642185859375 0.7943272125 0.54973004375 0.912326925 0.5533447265625 0.9469932328124999 0.57364420625 0.981997053125 0.6057719234375 0.9927863359375 0.6641913749999999 0.9657368609375 0.724463496875 0.899559015625 0.7508864562500001 0.8446251296874999
1 1 0.0631360453125 0.892057015625 0.047463659375 0.8458547140625001 0.15130266718750002 0.8327392703125 0.242092990625 0.8371818703124999 0.2700164578125 0.8524935671874999 0.2975633578125 0.9066422093750001 0.321323215625 0.9546721359375001 0.2827313234375 1 0.2085176546875 1 0.0631360453125
1 0.7747134953125 0.21785708124999997 0.7781563874999999 0.173790590625 0.7737137875 0.1458671234375 0.743438740625 0.095949465625 0.712073328125 0.08696490625 0.678224165625 0.0982088671875 0.640997721875 0.14497175625 0.568680240625 0.21309286562500002 0.5545853734375 0.2798071953125 0.5580688312500001 0.33156863125 0.566454178125 0.3514205875 0.6517511125000001 0.361893734375 0.7195806640625 0.3223106828125 0.75327831875 0.2802478859375 0.7747134953125 0.21785708124999997
1 0.520862671875 0.42624548281249997 0.54271180625 0.3604832578125 0.5418433234375 0.271398171875 0.47371551875 0.0970541 0.4317434609375 0.05425585000000001 0.40190265625 0.0488807375 0.3714510546875 0.072519734375 0.3327202875 0.1635871390625 0.333154528125 0.20812968281250002 0.346613553125 0.2748049546875 0.37288024062499997 0.3413416875 0.4100160234375 0.40750185468750005 0.4323196828125 0.43419613437500004 0.48078385 0.4401467859375 0.49463654999999995 0.4555366765625 0.520862671875 0.42624548281249997
1 0.22162194375 0.531526634375 0.26002464999999997 0.48319704999999996 0.3132845265625 0.36995785937500003 0.33567884375 0.2837290859375 0.33385122031250003 0.21848196875 0.314924840625 0.1562687609375 0.284998140625 0.111527246875 0.24934163593749997 0.1054380546875 0.21231203125000003 0.1265582515625 0.1672657078125 0.1809166 0.13572374062499998 0.24548869375 0.1094522890625 0.331241415625 0.0984066390625 0.40517463749999993 0.1002342640625 0.470421753125 0.1162426515625 0.508320940625 0.166382934375 0.548699875 0.1939368265625 0.54866081875 0.22162194375 0.531526634375
1 0.2881547640625 0.863098278125 0.30623770625 0.7318509109375 0.26977833281249997 0.6281290687500001 0.263725228125 0.5572297578125001 0.2444707859375 0.5377543671875 0.221970290625 0.536702778125 0.17248136875 0.5631376593749999 0.1477798546875 0.5960383 0.1358860046875 0.6288003984375 0.123467253125 0.7299430109375 0.12862682812499998 0.8161327265624999 0.15670085625000002 0.9000026125 0.1913326078125 0.9384773390625 0.227751415625 0.9463712546874999 0.2617318046875 0.9180321640625 0.2881547640625 0.863098278125
1 0.49511439687500003 1 0.5147046171875 0.9251375828124999 0.5113523843750001 0.8562810203125 0.46888047187500004 0.7774877921875001 0.425883659375 0.7670750749999999 0.3849769203125 0.7877192187500001 0.345332340625 0.8461630671875 0.32707760625 0.898677634375 0.323786221875 0.9735629609374999 0.3275977421875 0.9825865765625 0.46941868906249995 1 0.49511439687500003 1
1 0.866069525 0.8040118625 0.8602335421875 0.755383821875 0.8181755875000001 0.6732191734375 0.7764862625 0.64414463125 0.7505225906249999 0.63924556875 0.7376493156249999 0.6479316749999999 0.7605184406250001 0.7020733703125 0.7677478078125 0.7714059859375 0.7536529390625 0.8381203140625001 0.7287545890625 0.896663646875 0.7645626015625 0.9335716749999999 0.8103915109375001 0.9289320125 0.834679065625 0.89940279375 0.8599913750000001 0.837488040625 0.866069525 0.8040118625
1 0.9415613328125 1 0.9694899687499999 0.77906556875 0.8965867390625 0.7718252999999999 0.8631312515625 0.731783878125 0.8595368515624999 0.7450315359374999 0.8673114 0.7938976015625 0.8522573921875001 0.8844498984375001 0.8587900656249999 0.943430228125 0.8792692578124999 1 0.9415613328125 1
1 0.48179784843749995 0.0552683828125 0.478768915625 0.0959634546875 0.50795359375 0.1868142078125 0.532609778125 0.2103750953125 0.5749755125 0.2018879609375 0.625771921875 0.1567912546875 0.6704042859375 0.105804328125 0.7152334875 0.0291747078125 0.5082208078125 0.0003345 0.48179784843749995 0.0552683828125
1 0.10351612031249999 0.7001153343750001 0.065375865625 0.7142546640625 0.018673709375 0.7820986921874999 0.0029230078125 0.862298703125 0.006820425 0.91068871875 0.019365637499999998 0.9447404328125 0.16323353125 0.9589829421875 0.173123203125 0.9345303796875 0.130848128125 0.8300944609375 0.12401243749999999 0.7094764609374999 0.10351612031249999 0.7001153343750001
1 0.1007185984375 0.306213315625 0.10886654062500001 0.2558800375 0.104555165625 0.2108614421875 0.08286230312500001 0.1551530484375 0.064435778125 0.1289348203125 0.0427631984375 0.12114038906249999 0.008404653125 0.40096827968750004 0.0149826578125 0.4034870796875 0.05471313437500001 0.3844096328125 0.08370573906249999 0.348613625 0.1007185984375 0.306213315625