1 0.014684032812500001 0.9292232109375 0.028347579687500003 0.92874606875 0.0541652546875 0.9125498515625001 0.0790345734375 0.8691962765625 0.08920510625 0.824656590625 0.087782571875 0.78392055 0.07648181875 0.7401306578125 0.04415229375 0.6817804609375 0.0061171687500000006 0.6559182 0.014684032812500001 0.9292232109375
1 0.162445753125 0.5994769421874999 0.11116603750000001 0.642053384375 0.091796890625 0.6750184609375001 0.0848189609375 0.6990538015625 0.0828118015625 0.7535048468750001 0.09908332656249999 0.82771044375 0.1252014125 0.8760811203125 0.1634736265625 0.9087327203125 0.19366935000000002 0.9059788578125 0.21741654531250001 0.8864561343749999 0.23666714687499998 0.8500963875 0.25263016562499996 0.747574659375 0.251681809375 0.7204173 0.23795494218750002 0.663116890625 0.20781444218749998 0.6114878703125 0.19172478125 0.5984544953125 0.162445753125 0.5994769421874999
1 0.0328832 0.66687934375 0.08245616875 0.7433208375 0.08824865312499999 0.685338796875 0.10738071093749998 0.6455843796875 0.1769074515625 0.5938737140625 0.15735643906250002 0.56566656875 0.1313885578125 0.5495793390625 0.0905164640625 0.5544054328125 0.0527817484375 0.5931100640625 0.0328832 0.66687934375
1 0.2220942734375 0.5447124203125 0.2116866515625 0.5824627687499999 0.21287209687500003 0.6164094671875 0.24002542187499998 0.666443396875 0.2550246171875 0.7321964000000001 0.2814033546875 0.7040847578125 0.31032675 0.6928783015625 0.333868515625 0.6954550140625 0.3769612953125 0.7262388734375 0.3849428046875 0.6749780078125001 0.3809756125 0.6173367828125 0.37174533906249996 0.5768733953125 0.350123846875 0.5453397437499999 0.3118516328125 0.5126881421875 0.2701497265625 0.4937515484375 0.2451302015625 0.504821678125 0.2220942734375 0.5447124203125
1 0.283355290625 0.7040165953125 0.26638059531249997 0.7216034109375 0.2474856265625 0.7681471671875 0.248497303125 0.8530820796875 0.25932387968750004 0.8832932937500001 0.289108746875 0.9247383031249999 0.3211695203125 0.9474103828124999 0.345746528125 0.9516503500000001 0.3736346828125 0.938780640625 0.3930038296875 0.9058155640625 0.39950758125 0.8682015421875 0.390451075 0.7767499421874999 0.37536499375 0.7364910453125 0.353862046875 0.7083520640625001 0.32996464531249997 0.6955913406249999 0.283355290625 0.7040165953125
0 0.36650581875 0.5107795765625001 0.3489384015625 0.5113930437499999 0.338973296875 0.5338332953125 0.37162679375 0.5734787265625 0.38328318125 0.627452628125 0.379505953125 0.7431440593749999 0.39713669218750003 0.80030814375 0.40145951718750006 0.8681333796875 0.41065813125000006 0.8797079890624999 0.425238371875 0.8774994328125001 0.44345373437499996 0.8394764312499999 0.441438478125 0.7817670421875 0.42362587500000004 0.6634307374999999 0.40747289531249997 0.592619809375 0.39608525625 0.574324021875 0.37322309531250003 0.563226553125 0.3757044328125 0.5223541875 0.36650581875 0.5107795765625001
0 0.4168217140625 0.6364778671875 0.44339041406249996 0.7816988796875 0.4567299875 0.7999265046875 0.4713102296875 0.797717946875 0.480714271875 0.787193121875 0.48733656875 0.75297376875 0.47029045468749997 0.6006226015625 0.4536080734375 0.5706158765625 0.4496725421875 0.5418634265625 0.42831979843749995 0.546007890625 0.41368433437499996 0.6025993296875 0.4168217140625 0.6364778671875
0 0.492765321875 0.572647284375 0.49335804375 0.589620634375 0.4823577 0.6103976328125 0.4902920828125 0.725680084375 0.47858856875000005 0.8382494953125 0.51256961875 0.8319646374999999 0.5333612999999999 0.8397356 0.550154128125 0.7609765609375 0.55363904375 0.692878671875 0.5490791296875 0.6182640968750001 0.5376598312499999 0.571079534375 0.5218941453125 0.5393413921875 0.49066318124999997 0.5404320015625 0.48448340312499993 0.5593412578125 0.492765321875 0.572647284375
0 0.5730398515624999 0.688802371875 0.6008727828125 0.73031554375 0.6115491546875 0.7282433125 0.626334825 0.7039353187499999 0.6251493796875 0.6699886187499999 0.59745855625 0.548598459375 0.5799780234374999 0.5237178218749999 0.5566733453125 0.5279304484375 0.5429229140625 0.5539016953125 0.5510310656249999 0.618195934375 0.5730398515624999 0.688802371875
0 0.610242109375 0.592312428125 0.624912290625 0.6631992796875 0.62645336875 0.7073299890625 0.607763828125 0.731774309375 0.602856378125 0.7591361578125 0.6086569609375 0.81331455 0.6306024265625 0.8261434359375001 0.6456251859375 0.8086247828124999 0.6558062328125 0.7328178484375 0.6454072359375 0.6611030515625 0.6622372078125001 0.6117768890625 0.6546842203125001 0.5763449328125 0.6418877046875 0.5603168578125 0.6188055718750001 0.5549447921875 0.610242109375 0.592312428125
2 0.6896891546874999 0.3635413828125 0.67629435625 0.399696640625 0.672809440625 0.46779452812500005 0.6800325578125 0.562708959375 0.68520875625 0.5710252265625 0.71022828125 0.559955096875 0.7475521390625001 0.5654493375 0.8029492515625 0.6127975671875 0.8178534671875 0.5918842421875 0.8316907812500001 0.540418890625 0.8299678374999999 0.4351159578125 0.8167151468749999 0.391394228125 0.79290463125 0.3531394 0.753036115625 0.3307399703125 0.72387563125 0.3351570875 0.6896891546874999 0.3635413828125
2 0.7274790921875 0.2704538703125 0.6897996 0.2547756171875 0.6573831921875 0.22191952812500002 0.6247930171875 0.24005165 0.620328084375 0.252103403125 0.6305619375 0.2653412671875 0.6487853984374999 0.3394787015625 0.6617693390625 0.34752231718750004 0.66874726875 0.3234869734375 0.6820868421874999 0.34171459843749996 0.6849871328125 0.36880379375 0.721923696875 0.33522525000000003 0.7627957921874999 0.3303991546875 0.7685013921875 0.2979112203125 0.7597452953125 0.2710265140625 0.7301975171875 0.23637084375 0.7178063 0.2453005796875 0.7280401546874999 0.25853844375 0.7274790921875 0.2704538703125
2 0.9611067156249999 0.6246797734375 0.9722400375 0.6043836265625 0.9731322359375 0.5508088640625 0.9922192125 0.48698834062499996 0.998811578125 0.4572405296875 0.9962399765625 0.4099647609375 0.9570972203125001 0.351609903125 0.93215071875 0.33806547343750004 0.8818188109375 0.35492516093750004 0.8589034671875 0.389423178125 0.8316001984374999 0.45415565625000004 0.8352729374999999 0.5254189 0.84508615625 0.5916626328125 0.8534739921875 0.605785265625 0.87642380625 0.59605989375 0.9013814734375 0.598620628125 0.9313094875000001 0.6078723453125 0.9611067156249999 0.6246797734375
2 0.933631925 0.3352679125 0.9528674765625 0.3435201390625 0.97739723125 0.3790457703125 0.9680261437500001 0.3141595875 0.9515122249999999 0.27080305 0.9072106328125 0.2455782921875 0.8853958375 0.2538911109375 0.878300803125 0.276791925 0.840513209375 0.2911541953125 0.824182803125 0.3095723203125 0.81586993125 0.34281252812499996 0.8091086031250001 0.36767936875 0.8320646578125 0.43354578281249995 0.84682916875 0.40419899531250003 0.8676623265625001 0.36777573750000003 0.8772904171875 0.349591625 0.8876208671875 0.2950007921875 0.91211255 0.295518440625 0.933631925 0.3352679125
2 0.70983656875 0.132340796875 0.7328598234375 0.14732530625 0.7543521171875 0.1410831453125 0.742377671875 0.09207643125000001 0.715745734375 0.06417524062499999 0.6871790390625 0.0486978375 0.6525805046875 0.0526518984375 0.61623900625 0.0745146453125 0.5952269984375 0.11712225937500001 0.5876324859375 0.170931090625 0.6104065921874999 0.2126961390625 0.6158925921875 0.24545447812500001 0.648446384375 0.2168593921875 0.67183824375 0.208491503125 0.6957441453125 0.20353797343750002 0.7107368265625 0.1920311125 0.70983656875 0.132340796875
2 0.760238725 0.26443980625 0.7727495453125 0.294893471875 0.786535640625 0.2827422703125 0.8057582421875 0.2793251671875 0.8127734203125 0.3106572234375 0.8494484968749999 0.27574011249999997 0.8593271781249999 0.25342853125000003 0.89134973125 0.2399784390625 0.873180353125 0.1753751578125 0.8390208953125 0.1353806484375 0.7943616046875001 0.1225245671875 0.7687975234375 0.159113034375 0.76500009375 0.1860174484375 0.732553234375 0.20637128906250002 0.7256498296875 0.23475712031249998 0.760238725 0.26443980625