1 0.40243951874999995 0.5832019359375 0.40825565625 0.601195690625 0.43858955 0.59295219375 0.43931730625 0.610032328125 0.412310203125 0.6143098328125001 0.39103253437499996 0.5798500046874999 0.38507780937499997 0.5859517609375 0.39511598281250004 0.611874509375 0.3839053890625 0.62224779375 0.370875403125 0.589920740625 0.34199702187500003 0.63232450625 0.329250128125 0.6704537546875 0.3293079296875 0.708274478125 0.3448561625 0.7814716390625 0.37773720312500003 0.8330086124999999 0.413188378125 0.8445890984375 0.4675375625 0.8256637937500001 0.51218355 0.77044544375 0.526663134375 0.7182854453124999 0.5235557187500001 0.63623969375 0.5040107390624999 0.5877491140625 0.4880178421875 0.5679281203125 0.47205384375000004 0.567017490625 0.469986178125 0.5914185375 0.458943071875 0.5966066734375 0.45505601406249996 0.5783073828124999 0.44118858281250006 0.5719060671875 0.433974734375 0.5575727703125 0.40243951874999995 0.5832019359375
1 0.593013709375 0.288208796875 0.5887397875 0.3611063984375 0.6078112015625 0.44406278125 0.6144936828125 0.4550411578125 0.6311565359375 0.4541215625 0.6224352875 0.486454590625 0.626686225 0.5132939484375 0.6538089296875 0.5846578906250001 0.69656065625 0.6673027625 0.7440079828124999 0.723410821875 0.7943604203125 0.7291920984375 0.8258956375000001 0.70356293125 0.838307553125 0.675803978125 0.8397860515625 0.6102272875 0.81254774375 0.4632218953125 0.790877296875 0.4013116390625 0.733559284375 0.3140956828125 0.7038664453125001 0.282688228125 0.6584348999999999 0.2830057171875 0.6099826390625 0.25800854218749997 0.593013709375 0.288208796875
1 0.5864579859375 0.01584026875 0.5626679859375 0.059157654687500005 0.5567999625 0.12199049531249999 0.5668959359375 0.18573396874999998 0.5867758921874999 0.2238542515625 0.6194605453124999 0.2616660109375 0.6642221359375 0.282089109375 0.70666186875 0.275367315625 0.73623910625 0.2311333234375 0.7397852703125001 0.1411555890625 0.7339402328125 0.1042514734375 0.7129975421875 0.05942135 0.6852337828125 0.0277083578125 0.6227466046875 0.001495015625 0.5864579859375 0.01584026875
1 0.44281682499999997 0.1452022703125 0.40770654375 0.2418988109375 0.4137479703125 0.292528140625 0.433824315625 0.34437363906249996 0.46072173125000004 0.38310200625 0.4944402171875 0.40871324062500003 0.5214473203125001 0.4044357359375 0.54054171875 0.38765516093749997 0.55555266875 0.33885008125 0.5565576015625 0.307739196875 0.5434698140625 0.23759142031249997 0.524456203125 0.1924557609375 0.506002859375 0.16958538437499998 0.4575506 0.14458821093750002 0.44281682499999997 0.1452022703125
1 0.8563103171875 0.6334032015625 0.84303205625 0.6681775296875 0.8327745078125 0.728266525 0.840941403125 0.7923155328125 0.8624154609374999 0.8405005750000001 0.8882501421875 0.872519103125 0.91651636875 0.8886766515625 0.943523471875 0.884399146875 0.9606887921875 0.8679241078125 0.9795579 0.8185079562500001 0.9775132187500001 0.74317204375 0.9667472890625 0.7001691609375 0.9408837078125 0.649240271875 0.9136513140625 0.6208821999999999 0.884351253125 0.6169251734375 0.8563103171875 0.6334032015625
1 0.7347264671875 0.7334785703125 0.7252196609375 0.7109107390625 0.6920036421875 0.6697440609374999 0.6781362125 0.663342746875 0.645174384375 0.6737220078124999 0.6290717984375 0.6969068859374999 0.617722615625 0.731375678125 0.6127209375 0.7871931453125 0.630591028125 0.8875351984375 0.6577137343749999 0.9588991421875 0.6737066328125 0.978720134375 0.7450825484375 0.9674153000000001 0.760624865625 0.921965140625 0.7435403328125 0.8765239453125 0.7297247890625 0.7892960343750001 0.7347264671875 0.7334785703125
1 0.7480625296875 0.7365249640625 0.7309261109375 0.7719103656249999 0.74194623125 0.8664591875 0.7590307640625 0.9119003812500001 0.7818736328125 0.93751460625 0.80082944375 0.944829540625 0.8739380484374999 0.91949395625 0.8774323265625 0.9103428156250001 0.8723150453124999 0.890518834375 0.82424965 0.7743247671875 0.7934940765625 0.7362074734374999 0.7705126203125 0.734688759375 0.7480625296875 0.7365249640625
1 0.44405363906249995 0.8397005203125 0.40547206406249997 0.8458112421875 0.37633949218749996 0.83666906875 0.39244799218750004 0.932131509375 0.4163535953125 0.9644555734375 0.4465489015625 0.9803075874999999 0.485996821875 0.9671814890625001 0.50659861875 0.9037345859375 0.5065408171875 0.8659138625 0.493118053125 0.80613638125 0.44405363906249995 0.8397005203125
1 0.3216031953125 1 0.3323115734375 0.9519734218749999 0.33697827343750003 0.9065262515624999 0.33060186874999997 0.8662672140625001 0.31122437812500003 0.8125914890624999 0.288941778125 0.809242546875 0.2462767546875 0.7833287640625 0.2240230546875 0.798890184375 0.20375623437499998 0.8519667906249999 0.193302296875 0.898330571875 0.1984773796875 0.9559752765624999 0.21536552343749998 0.9876912578124999 0.2263745796875 1 0.3216031953125 1
1 0.779204290625 0.1091191296875 0.7715168765625 0.1292516359375 0.765648853125 0.192084478125 0.7893061796875 0.2915099234375 0.8233885437499999 0.325661225 0.840750253125 0.3229114015625 0.8580830609375001 0.3012512140625 0.8671392875 0.258547890625 0.866885096875 0.20700195156249998 0.8621027921875 0.176807675 0.8420264468750001 0.1249621765625 0.81356383125 0.0950794140625 0.779204290625 0.1091191296875
1 0.6788711359375 0 0.6804803796875001 0.01642444375 0.738497246875 0.10181017187500001 0.7825310812499999 0.1051531375 0.83735383125 0.0517620296875 0.84807269375 0 0.6788711359375 0
1 0.8536278218750001 0 0.8413794765624999 0.045965809375 0.8395082 0.0840920703125 0.8469473390625 0.13106094375 0.8689527640625 0.18260090625 0.9019723921875 0.2100423703125 0.9231922593749999 0.20668147343749999 0.9548949640625001 0.1758671578125 0.9270403421875001 0 0.8536278218750001 0
1 0.8635064203124999 0.29179453906249997 0.8465374890625 0.3219947921875 0.8132117828125001 0.3238339859375 0.8013312328125 0.354947859375 0.8082390046875 0.3985618140625 0.8353617109375 0.46992575781249996 0.8636568390624999 0.50499366875 0.8919230656250001 0.52115121875 0.9343627984375 0.514429425 0.9616759781249999 0.4808712640625 0.9257742234374999 0.404019625 0.9010541625 0.297884340625 0.8820983515625 0.29056940625 0.8635064203124999 0.29179453906249997
1 1 0.46609565000000003 0.9607400015625001 0.21277127343750002 0.93163633125 0.22253946249999998 0.9150023781250001 0.24236942187500002 0.9050509078125 0.273177759375 0.9042423640624999 0.31801385937500004 0.9447878359375 0.4491552828125 0.9686934375 0.48147934687499994 1 0.4997715078125 1 0.46609565000000003
1 0.5377581265625 0.6322707125 0.5270788984375 0.645998915625 0.5297935359375 0.7005942390625 0.5148114859375 0.76830968125 0.5174683203125 0.785084278125 0.5310007734375 0.8018558875 0.5669833140625 0.81679129375 0.6123859609375 0.7975634406250001 0.618531159375 0.6865395796875 0.5875791968749999 0.63469706875 0.5693222421875 0.6255519078125 0.5377581265625 0.6322707125
1 1 0.77632610625 0.985986190625 0.7779403953124999 0.9778252109375 0.83253870625 0.94388735 0.8929392140625 0.9472719421875 0.926793946875 0.9534230578124999 0.93441740625 1 0.9255502390625001 1 0.77632610625