1 0.13061559843749998 0.5811750953125 0.1011742828125 0.5941879921875 0.07830918906249999 0.6235606609375 0.0485678515625 0.694843446875 0.042895034375 0.7352076359375 0.0493428359375 0.7875656265625001 0.0666214703125 0.8260102484375 0.08359897031249999 0.8455468859374999 0.11819830312499999 0.85898480625 0.143083871875 0.8573370640625001 0.18043325625 0.8231397890625001 0.2039858640625 0.7818583203125 0.21301100312500001 0.7316749078125 0.21094735 0.69022343125 0.188252740625 0.6201465546875 0.163022859375 0.589159759375 0.13061559843749998 0.5811750953125
1 0.21403948593750002 0.520867021875 0.19358124375000002 0.5471478296875001 0.1734241359375 0.592336625 0.212365553125 0.680132384375 0.22431345781249998 0.63721998125 0.24618990312500003 0.6008481265625 0.325316 0.557086640625 0.325530778125 0.5485415234375 0.3073066734375 0.5168242656250001 0.27825173593749997 0.499020378125 0.2381511859375 0.503674975 0.21403948593750002 0.520867021875
1 0.25053087343749997 0.5980280890625 0.22384072187499998 0.6405836640625 0.211935996875 0.6972226187499999 0.21507465468750003 0.7731263859374999 0.23725334999999997 0.8328403921875 0.26102185 0.8601916828125 0.28883018437499997 0.8658149500000001 0.3170680734375 0.8543479828124999 0.3495605765625 0.812607875 0.3768518828125 0.730690396875 0.38347016875 0.68359884375 0.379945134375 0.6385118624999999 0.35970055625 0.5790696796875 0.3233818828125 0.5568148171875 0.25053087343749997 0.5980280890625
1 0.4856318453125 0.5110151468749999 0.44879725937500003 0.47839741562500004 0.4197855 0.47432007968749995 0.3932669484375 0.4946039875 0.369456384375 0.5307040203125 0.3589266859375 0.563525375 0.38041786875 0.63514818125 0.38256787812500004 0.7040527609375 0.3878974953125 0.7082319109374999 0.42236729375 0.6804901765625 0.44458805312500005 0.676752859375 0.473127078125 0.6841938796875 0.5022251953125 0.71572431875 0.515419703125 0.6849925375 0.5230266375 0.6449001734375 0.5203607140625001 0.5656327234375 0.4856318453125 0.5110151468749999
1 0.4093443859375 0.6889502890625 0.3845451734375 0.7180511359375 0.367267653125 0.7567843875 0.358758428125 0.81733066875 0.3612516375 0.8416919125 0.3906940671875 0.9058568921875001 0.42219903593749997 0.9342954718750001 0.45048010468750005 0.9365550562499999 0.47291564375000006 0.924272621875 0.5015399109375 0.88198886875 0.5129719015624999 0.828713596875 0.5122832734375 0.7634445203125 0.49835696093750004 0.7151806734374999 0.476522578125 0.68810120625 0.43637885 0.6790292515624999 0.4093443859375 0.6889502890625
0 0.5147333046875 0.7740792125 0.5143901046875 0.8186225500000001 0.5053649671875 0.8688059625 0.5256947875 0.878523375 0.54735645625 0.850696634375 0.55586568125 0.790150353125 0.5485133624999999 0.603890528125 0.53995984375 0.57353238125 0.5254323750000001 0.5646304375 0.5253903109375 0.6280817609375 0.5044172687499999 0.7211775765625 0.5147333046875 0.7740792125
0 0.555306590625 0.7660609328125 0.5629146375 0.8031464421875001 0.5810523843750001 0.8074105984375001 0.6012526703125001 0.7759483546875 0.6070527953125 0.6224080703125 0.5986311875 0.5922047593750001 0.5959628890625 0.5539621312499999 0.5708193640625 0.5504284390625 0.5624385609375 0.5749765 0.5500179234375 0.621252584375 0.555306590625 0.7660609328125
0 0.6375248234375 0.5529430375 0.6291008406249999 0.563764546875 0.6330986109375 0.605487846875 0.61766885 0.61703981875 0.6140596875 0.6988554828125 0.6036595234375 0.77285649375 0.5893047671875 0.8188607578125 0.5879729203124999 0.8564049062500001 0.608474340625 0.84385065 0.6336610453125 0.8611108937499999 0.6449646140625 0.8438338421875 0.663144425 0.7846466734375 0.6820538140625 0.6500993796875 0.678012865625 0.5946495296875 0.664602465625 0.5567485515625 0.6375248234375 0.5529430375
0 0.6864379609375 0.6610058953125 0.7091757484375 0.744809321875 0.7222850140625 0.7638023125 0.7331590265625 0.763615496875 0.74953425625 0.7453361609375 0.75378886875 0.71506301875 0.7378841453125 0.575622921875 0.7313079234375001 0.5592631515625001 0.6998893125000001 0.558277675 0.6871243609375 0.5719192203125 0.6818811 0.595193175 0.6864379609375 0.6610058953125
0 0.7489894031250001 0.5994805703125 0.7551640421875 0.7001087828125 0.7490615218750001 0.7486998421875 0.7244770875000001 0.7692555703124999 0.713045096875 0.8225308437500001 0.71553830625 0.8468920859375 0.7245213796875001 0.8601599984374999 0.7411977453125 0.8607886468749999 0.76616855625 0.8094161328125 0.7794483062500001 0.7289595796875 0.77295125 0.6755901375 0.7910167328125 0.6774363109375 0.7936982703125001 0.630011334375 0.7863013765625 0.6061100296874999 0.7676016421875 0.5889335328125 0.7489894031250001 0.5994805703125
2 0.861837025 0.4163921421875 0.8414219609375 0.45639950156250003 0.8167965781250001 0.6175844296874999 0.8262523859375 0.6274886578125 0.8474844984375001 0.616752153125 0.8822986109375 0.6216449578125001 0.9305663 0.678165290625 0.943589209375 0.6697051796875 0.9685600203125 0.618332665625 0.9856648265624999 0.5246932046875 0.9806352296874999 0.46224416718750005 0.9599610953125 0.4198922171875 0.9241151578125001 0.39427367343749997 0.9023671328124999 0.394647309375 0.861837025 0.4163921421875
2 0.8764918015625 0.3121179890625 0.8468777718749999 0.27022467968749997 0.813568221875 0.2826939328125 0.8070783562500001 0.2937872640625 0.8167921218749999 0.308872928125 0.815933009375 0.3430533953125 0.8242717484375 0.381956659375 0.8366503218749999 0.39913189843749997 0.844558390625 0.37794751875 0.8515641687500001 0.37721705625 0.85766765625 0.396940509375 0.8504902781249999 0.419942640625 0.8562926296875 0.4207581078125 0.9067081015625 0.391827271875 0.9357198609375 0.39590460781250003 0.9426824609375 0.3814475953125 0.9396733390625001 0.34672348125 0.9267788515625 0.3191853734375 0.9147014140625 0.3209181203125 0.910403621875 0.3374647109375 0.8764918015625 0.3121179890625
2 0.90349809375 0.2512504578125 0.9123083609375 0.1970662234375 0.9304956078125001 0.2065500625 0.9492295234375 0.20364071875 0.939184115625 0.1447281265625 0.9266394765625 0.129109471875 0.8993368187499999 0.1079528203125 0.8708102390624999 0.101172559375 0.8288716484374999 0.11329077031250001 0.8063966203125 0.13715054843750002 0.7892435828125001 0.1769994640625 0.7868289609375 0.211858059375 0.8101579359375 0.24644574531250002 0.7993070359375001 0.27263194999999996 0.803448275 0.28568401875 0.8273124734374999 0.2689473046875 0.8636083781250001 0.2629638359375 0.8903813328125001 0.270883225 0.90349809375 0.2512504578125
2 1 0.2034150859375 0.994033121875 0.20231686093749998 0.9640488406250001 0.2285851765625 0.9315647390624999 0.26697229375 0.9171805734375 0.287119665625 0.927120934375 0.3127640359375 0.9438935609374999 0.33798301406250003 0.9481222078125 0.3787586 0.954355984375 0.40526757187499995 0.9741320046874999 0.4232880953125 0.9918579984375 0.37936300156249997 1 0.3744808484375 1 0.2034150859375
2 1 0.38258719218750004 0.9932471703125 0.386486065625 0.9759030890625 0.42769370156250003 0.9825798171875 0.47089167656250003 0.9913833500000001 0.5074607203125 1 0.4964971578125 1 0.38258719218750004