1 0.8229190640624999 0.8329590124999999 0.8153121296875 0.7928666468750001 0.8204269703125 0.78014238125 0.88021300625 0.749444215625 0.87032875625 0.6650803359374999 0.8468625062499999 0.596345765625 0.806203978125 0.5386027125 0.770530753125 0.50931505 0.7429803765624999 0.50975688125 0.702921890625 0.5685536078125 0.6979354718749999 0.6172760953124999 0.7035651109375001 0.6713668328125 0.7313291515625 0.7566479953125 0.7467157328125 0.7819265171875001 0.8137212125 0.8376818078125 0.8229190640624999 0.8329590124999999
1 1 0.492619303125 0.9553900828125 0.43531307343750003 0.91051900625 0.4107482046875 0.899859771875 0.419106503125 0.86263769375 0.498085325 0.8686968875 0.569266296875 0.8811175265625 0.6155423812499999 0.9036814859375 0.6638230375 0.9193260234375 0.683920125 0.9547844703124999 0.704662671875 1 0.6935222421875 1 0.492619303125
1 0.3406839734375 0.5662959546875 0.363463825 0.5459438515625 0.383192490625 0.49686453750000004 0.3601126171875 0.45894674999999996 0.376316246875 0.45495441875 0.389811890625 0.46677821406250003 0.38805048750000004 0.41214382812499994 0.39772107343749996 0.4107847171875 0.40348024687499995 0.42369579999999996 0.40954055624999997 0.4176989 0.40829506562500006 0.3527016453125 0.3939834875 0.29297083125 0.3762332328125 0.250873896875 0.319672209375 0.178215190625 0.265173725 0.14128288125 0.20091829843750003 0.1331627890625 0.17577477187499999 0.13669648125 0.1341264828125 0.163130490625 0.110917075 0.1663923609375 0.086332640625 0.14583663125 0.06888240625 0.16200958593749998 0.06514259375 0.19855145000000002 0.095013465625 0.2286545828125 0.107347746875 0.30238377031249997 0.167775890625 0.45167670781249997 0.20267524531249997 0.496508675 0.24316217343750002 0.53198005625 0.31627113906250004 0.5680118921874999 0.3406839734375 0.5662959546875
1 0.5631871375 0.97065051875 0.6004944578125 0.9413964703125 0.617816271875 0.8892252968750001 0.613132103125 0.8418619218750001 0.595381846875 0.7997649874999999 0.5732474437499999 0.768574565625 0.535898059375 0.734377290625 0.50018165625 0.718816178125 0.44456498906249997 0.7300627125 0.42466472343749995 0.7568703593749999 0.4107384109375 0.80513420625 0.409620228125 0.8533130468750001 0.4167112484375 0.90376828125 0.4311091828125 0.9360459921875 0.45350154218750005 0.9620549781250001 0.5155648953124999 0.9756283281250001 0.5631871375 0.97065051875
1 0.7024956765625 0.31992974687500003 0.733441553125 0.3155805875 0.7576407234375 0.22814165625 0.7439745953125 0.11686831718749999 0.71659693125 0.06240394375 0.689863603125 0.0335749203125 0.644433434375 0.0330994734375 0.6216535828125 0.053451576562500006 0.603859034375 0.1022590671875 0.5954771171875 0.1548888828125 0.5934134640625001 0.196340359375 0.603813628125 0.2703413703125 0.614343328125 0.3031627265625 0.6468358296875001 0.34490283437499997 0.6625235468749999 0.3512733703125 0.7024956765625 0.31992974687500003
1 0.9031279640625 0.30202308125 0.9339885984375 0.2479491484375 0.9379863687500001 0.20622585 0.9227293218750001 0.139767671875 0.8987039796875 0.0951225203125 0.867156946875 0.060109778125 0.8053515499999999 0.04135499375 0.7787466421875 0.048524190625000005 0.757083859375 0.0978753265625 0.754547471875 0.1359631234375 0.7788728359375 0.2388781609375 0.8123108078125 0.28734563281250003 0.8719241312499999 0.311553675 0.9031279640625 0.30202308125
1 0.4072997328125 0.822768084375 0.41662712031250004 0.776865634375 0.4353671375 0.7347855062499999 0.4552242234375 0.7217044125000001 0.5161273296875 0.72000528125 0.5197807859375 0.7109165203125001 0.5142375046875001 0.629372678125 0.5061146578125 0.59964318125 0.49743271875 0.59400310625 0.49197468125 0.5621840359375 0.45956742031250003 0.5701687 0.4296965484375 0.54006556875 0.4040802890625 0.5402355796875 0.394925615625 0.531231821875 0.367332059375 0.54540020625 0.32538263437500003 0.590742203125 0.3212553296875 0.6736451578125 0.3264554109375 0.7106456624999999 0.3460966046875 0.7661973265625 0.3862823984375 0.8205766953125 0.4000359984375 0.82721905625 0.4072997328125 0.822768084375
1 0.8488774093749999 0.9545102156249999 0.8453534890625001 0.9224193234375001 0.8165576203124999 0.8578639015625 0.7821310015625 0.8163956156250001 0.7502828328125 0.800290859375 0.7174028390625 0.8049118406250001 0.688304721875 0.8364422812500001 0.674894321875 0.874343259375 0.6708533734375 0.9297931109375 0.677471659375 0.9768846625000001 0.8488774093749999 0.9545102156249999
1 0.3571789546875 1 0.35696727500000003 0.9979177703125 0.34166704999999997 0.9451861421875 0.3197906046875 0.9088142875 0.28506285 0.8862539890625 0.263787559375 0.8892440359375 0.24117930625 0.9318678078125 0.22509649375000002 1 0.3571789546875 1
1 0.9745950359375 0.93684175625 0.9683210624999999 0.8571156656250001 0.9414593124999999 0.7922884203125 0.9002416921874999 0.758634790625 0.85575699375 0.76488670625 0.8208997046875 0.7835060640625 0.821028125 0.819504284375 0.8650810390625001 0.9505178828125 0.9745950359375 0.93684175625
1 1 0.7010967015625 0.9453286609375 0.7145669015625 0.935356940625 0.734834 0.9332932875 0.7762854765625 0.9635505375 0.83720539375 0.9791939609375 0.9344803578124999 1 0.931556259375 1 0.7010967015625
1 0.66737263125 0.883975665625 0.7051106218750001 0.7946339765625 0.706787896875 0.7223657125 0.69875140625 0.6651831140625 0.67734769375 0.632174940625 0.6439949656249999 0.633432240625 0.6008852921875001 0.66350175625 0.5795236453125 0.6939449062499999 0.5631904796875 0.73911689375 0.5636200359375 0.7562071265625 0.5925022609374999 0.7933094453125 0.6150662203125 0.8415901 0.6245640921875 0.8951371937499999 0.66737263125 0.883975665625
1 0.7676511671874999 0.5028595078125 0.7976947531249999 0.4780564328125 0.8062482703124999 0.4476982859375 0.8010481890625 0.41069777968750004 0.784243403125 0.3753282109375 0.7517509 0.333588103125 0.7281119359375 0.3197597390625 0.708298028125 0.3191142796875 0.6811772078125 0.336646346875 0.6547007203125 0.3798137640625 0.657966684375 0.41708609062499996 0.6843557 0.478549653125 0.7248426296875 0.5140210359374999 0.7676511671874999 0.5028595078125
1 0.8813777109375 0.45600519687499996 0.896722228125 0.417832396875 0.8905766765625 0.3741045265625 0.835949771875 0.301173996875 0.7881127515624999 0.2976066890625 0.7740580171875 0.309872315625 0.766493146875 0.333231275 0.76932955625 0.35341337031250003 0.7919366937500001 0.387967471875 0.8091710359375 0.44042727656249997 0.8622513156249999 0.4672685375 0.8813777109375 0.45600519687499996
1 1 0.465652059375 0.968501575 0.26196433125 0.9337306421875 0.25313058437499997 0.9036006999999999 0.3053867640625 0.8617376312499999 0.32327565625 0.8901039421875 0.37074084375 0.9023098015625 0.40847181250000003 0.9158486234375 0.40656905468750004 0.950576378125 0.429129353125 0.991278084375 0.473145853125 1 0.4719200671875 1 0.465652059375
1 0.4933541625 0.277290134375 0.50642025 0.27202369531250004 0.5518072390625 0.28622569375 0.5701177000000001 0.2270553328125 0.5649176171875 0.1900548265625 0.5524538015625 0.15750529375 0.5228408859375 0.122220728125 0.4866517484375 0.1032959328125 0.44990351874999995 0.1084605609375 0.4271236671875 0.128812665625 0.41517465 0.1630781359375 0.4115632578125 0.23561822187499998 0.42497254375000004 0.27489512031249996 0.46786632343749995 0.3134583625 0.4933541625 0.277290134375
1 0.236623559375 0.920502653125 0.2623693546875 0.8791529890625001 0.2836446453125 0.8761629421875 0.295636840625 0.8281709171875 0.29580955468750003 0.7732647109374999 0.2805093296875 0.7205330828125 0.25214301875 0.673067896875 0.21045266406250002 0.6360505843750001 0.1810113484375 0.6230376859375 0.1524723234375 0.6304787046875 0.11903323750000001 0.659189109375 0.1041614546875 0.7007255906250001 0.0991750359375 0.7494480765625 0.108672909375 0.802995171875 0.13123686875 0.8512758265624999 0.1776977484375 0.9082034109375 0.208342490625 0.9227622390624999 0.236623559375 0.920502653125
1 0 0.4917065921875 0.018976164062500002 0.58578313125 0.033374096874999995 0.61806084375 0.06492113125 0.6530735859375 0.0970272546875 0.6639969078125 0.1815272609375 0.6126748171874999 0.1910694265625 0.575317484375 0.1884057328125 0.5002291828125001 0.1333924484375 0.39648186875 0.08370766874999999 0.36573328125 0.052761790625000006 0.370082440625 0.0275750875 0.38734268437499997 0.0187204359375 0.4366088171875 0.0183340578125 0.40579202968750006 0.0078896015625 0.422695446875 0 0.4848342328125 0 0.4917065921875
1 0.5187102375 0.43665730937499997 0.532507015625 0.4295731171875 0.535000225 0.4052118734375 0.5444128546875 0.40903419531249996 0.5503868062499999 0.43049039687499996 0.5658597453125 0.4283158171875 0.56040170625 0.396496746875 0.57737920625 0.376960109375 0.5630676296875 0.317229296875 0.5397298 0.28449294687500004 0.5223659234375 0.273212796875 0.48510178125000003 0.28874029375 0.4706595546875 0.347367009375 0.4844120390625 0.43118724375 0.5063748421875001 0.440105996875 0.5176784109375 0.457383046875 0.5187102375 0.43665730937499997