1 0.814453125 0.28158967343749997 0.822265625 0.2408288046875 0.818359375 0.1830842390625 0.80859375 0.1525135875 0.7802734375 0.11005434843749999 0.7451171875 0.0896739125 0.71484375 0.09137228281250001 0.6826171875 0.11684782656249999 0.658203125 0.16610054375 0.65234375 0.22044837031250003 0.66015625 0.264605978125 0.681640625 0.315557065625 0.7138671875 0.3580163046875 0.7392578125 0.368206521875 0.7744140625 0.3580163046875 0.796875 0.329144021875 0.814453125 0.28158967343749997
1 0.654296875 0.3325407609375 0.662109375 0.2849864125 0.65234375 0.20686141249999998 0.642578125 0.1762907609375 0.6025390625 0.11684782656249999 0.56640625 0.1049592390625 0.5380859375 0.11684782656249999 0.513671875 0.1525135875 0.4921875 0.2544157609375 0.494140625 0.3053668484375 0.50390625 0.3461277171875 0.5263671875 0.3919836953125 0.5537109375 0.4157608703125 0.5810546875 0.4123641296875 0.6357421875 0.368206521875 0.654296875 0.3325407609375
1 0.49609375 0.2340353265625 0.494140625 0.145720109375 0.4599609375 0.0862771734375 0.4228515625 0.0591032609375 0.39453125 0.057404890625 0.3759765625 0.0658967390625 0.349609375 0.108355978125 0.34375 0.15591032656249998 0.349609375 0.22384510937500002 0.365234375 0.27139945625 0.3974609375 0.3070652171875 0.4287109375 0.3138586953125 0.4580078125 0.303668478125 0.486328125 0.264605978125 0.49609375 0.2340353265625
1 0.5107421875 0.4904891296875 0.533203125 0.44463315156250005 0.537109375 0.41066576093749996 0.505859375 0.3529211953125 0.490234375 0.278192934375 0.482421875 0.2747961953125 0.4599609375 0.303668478125 0.4365234375 0.3138586953125 0.4091796875 0.3138586953125 0.3720703125 0.2866847828125 0.36328125 0.3631114125 0.375 0.43104619531250005 0.3994140625 0.46671195625 0.4560546875 0.510869565625 0.4833984375 0.5142663046875 0.5107421875 0.4904891296875
1 0.662109375 0.28158967343749997 0.658203125 0.3189538046875 0.6435546875 0.3580163046875 0.572265625 0.4242527171875 0.6162109375 0.46671195625 0.6552734375 0.4633152171875 0.6884765625 0.43614130468749995 0.705078125 0.4038722828125 0.71484375 0.35971467343749997 0.6845703125 0.3240489125 0.662109375 0.28158967343749997
0 0.328125 0.12533967343750002 0.30859375 0.15930706562500002 0.30859375 0.20686141249999998 0.34765625 0.40047554375 0.3603515625 0.4293478265625 0.3720703125 0.43614130468749995 0.36328125 0.37669837031250003 0.369140625 0.28158967343749997 0.345703125 0.20686141249999998 0.34375 0.1287364125 0.328125 0.12533967343750002
0 0.2978515625 0.2017663046875 0.28515625 0.2034646734375 0.26953125 0.23063858750000002 0.267578125 0.2680027171875 0.2890625 0.4038722828125 0.3046875 0.43104619531250005 0.302734375 0.4514266296875 0.3076171875 0.459918478125 0.3330078125 0.459918478125 0.34375 0.3868885875 0.30859375 0.21365489062499998 0.2978515625 0.2017663046875
0 0.265625 0.2680027171875 0.2734375 0.1694972828125 0.271484375 0.15591032656249998 0.265625 0.15591032656249998 0.2470703125 0.1711956515625 0.2216796875 0.16100543437499998 0.205078125 0.2476222828125 0.2109375 0.3868885875 0.23046875 0.4514266296875 0.2412109375 0.4633152171875 0.275390625 0.4548233703125 0.263671875 0.41066576093749996 0.279296875 0.40047554375 0.265625 0.2680027171875
0 0.13671875 0.2680027171875 0.125 0.2849864125 0.125 0.3189538046875 0.162109375 0.44463315156250005 0.1748046875 0.47010869531250005 0.2099609375 0.4633152171875 0.21875 0.44463315156250005 0.21875 0.4242527171875 0.1875 0.3189538046875 0.1533203125 0.2697010875 0.13671875 0.2680027171875
0 0.12890625 0.342730978125 0.123046875 0.291779890625 0.1357421875 0.2663043484375 0.1484375 0.264605978125 0.150390625 0.2034646734375 0.1416015625 0.1813858703125 0.119140625 0.172894021875 0.107421875 0.1898777171875 0.099609375 0.23063858750000002 0.099609375 0.342730978125 0.09375 0.356317934375 0.103515625 0.4140625 0.1220703125 0.446331521875 0.1474609375 0.44972826093749996 0.154296875 0.4378396734375 0.15234375 0.4038722828125 0.12890625 0.342730978125
2 0 0.4242527171875 0.0009765625 0.6569293484375 0.0400390625 0.6501358703125 0.07421875 0.6178668484375 0.083984375 0.5329483703125 0.083984375 0.42764945625 0.072265625 0.41066576093749996 0.0458984375 0.4293478265625 0 0.4242527171875
2 0 0.6993885875 0.005859375 0.7163722828125 0.0283203125 0.7486413046875 0.044921875 0.7503396734375001 0.0224609375 0.7927989125 0.0009765625 0.7961956515625 0.0009765625 0.8131793484375001 0.0400390625 0.799592390625 0.0673828125 0.765625 0.0966796875 0.8029891296875 0.1025390625 0.772418478125 0.1279296875 0.765625 0.140625 0.746942934375 0.12890625 0.7299592390625 0.125 0.6993885875 0.1025390625 0.6501358703125 0.0927734375 0.6467391296875 0.0830078125 0.667119565625 0.07421875 0.6518342390625 0.07421875 0.628057065625 0.068359375 0.628057065625 0.0380859375 0.653532609375 0 0.66202445625 0 0.6993885875
2 0.1032986109375 0.8158212546874999 0.140625 0.835446859375 0.15972222187500001 0.835446859375 0.17795138906250002 0.8203502421875 0.17534722187500001 0.8128019328124999 0.16840277812499999 0.8007246390624999 0.1614583328125 0.791666665625 0.15798611093749998 0.7675120765625 0.1510416671875 0.7463768125 0.14149305625 0.7373188390625 0.13107638906250002 0.734299515625 0.14236111093749998 0.7554347828125 0.1354166671875 0.7569444453124999 0.09635416718749999 0.764492753125 0.074652778125 0.7750603859375 0.078125 0.7841183593750001 0.08767361093750001 0.7886473421875 0.09461805625 0.8007246390624999 0.1032986109375 0.8158212546874999
2 0.050347221875 0.7826086953125 0.0416666671875 0.7946859890625 0.026909721874999997 0.8128019328124999 0.0173611109375 0.81733091875 0.0182291671875 0.8188405781249999 0.02256944375 0.8445048312500001 0.026909721874999997 0.8656400984375001 0.0338541671875 0.8852657015625001 0.043402778125 0.9124396140625001 0.053819443749999994 0.92904589375 0.0703125 0.935084540625 0.10243055625 0.9335748796875001 0.125 0.9335748796875001 0.1432291671875 0.9305555546875001 0.15451388906250002 0.9245169078125001 0.1666666671875 0.9109299515625 0.17621527812499999 0.8882850250000001 0.1822916671875 0.8611111109375 0.1848958328125 0.8369565218749999 0.1822916671875 0.8263888890625 0.17795138906250002 0.8188405781249999 0.16493055625 0.8278985515624999 0.1484375 0.8263888890625 0.1232638890625 0.8278985515624999 0.10243055625 0.8158212546874999 0.0859375 0.7946859890625 0.078125 0.7871376828125001 0.05729166718749999 0.779589371875 0.050347221875 0.7826086953125
2 0.050347221875 0.7810990328125 0.05989583281250001 0.773550725 0.046875 0.7720410625 0.03038194375 0.7614734296875 0.02430555625 0.7478864734374999 0.0173611109375 0.7373188390625 0.0078125 0.720712559375 0.004340278125 0.7222222234375 0.0017361109374999999 0.7493961359375 0.0017361109374999999 0.778079709375 0.0008680562500000001 0.8022342984374999 0.019965278125 0.8037439624999999 0.050347221875 0.7810990328125