1 0.4457157921875 0.9137116765625001 0.459939309375 0.89983710625 0.4901823890625 0.8176295484375 0.49569613749999997 0.74648463125 0.4938160046875 0.6335771953125 0.48573277499999995 0.5610031765625 0.46530564218750003 0.45639271875 0.43610645000000003 0.40721519375000004 0.41810241875000004 0.391661096875 0.387023609375 0.3883945828125 0.35222709375 0.40181456718749997 0.3231535203125 0.444867378125 0.30527510625 0.5215436140625 0.29621079687499996 0.626469846875 0.30022126718750003 0.719108496875 0.3563849796875 0.8667526859375 0.398053175 0.8813785375000001 0.43520997968749997 0.9108997453125 0.4457157921875 0.9137116765625001
1 0.7305204421875 0.6704099046875001 0.775384140625 0.654632575 0.8096584531250001 0.62749590625 0.836079490625 0.5909952015625 0.8495300875 0.537761728125 0.8504488734375 0.4729647578125 0.8272648671875 0.403926759375 0.8053759828124999 0.3879643484375 0.7386234015625 0.38777926875 0.6880995734375001 0.42003894218750004 0.6570835734375 0.46288759375 0.63745064375 0.5188867296875 0.6319368937500001 0.590031646875 0.650713846875 0.6449446484375 0.6808110625 0.6668929640625 0.7305204421875 0.6704099046875001
1 0.8818624906249999 0.66923935 0.958828121875 0.5629112109375 0.956906459375 0.52513929375 0.9469436124999999 0.49847628593750004 0.8971714234375 0.4488441765625 0.8735072609375001 0.449772421875 0.8569862609375001 0.4668209671875 0.8523218796875 0.49501020156250003 0.8535498359375 0.5323894124999999 0.8381054890625 0.599746765625 0.829709246875 0.6142338078125 0.8373746125 0.6440707890625 0.8589920125000001 0.6719587406249999 0.8818624906249999 0.66923935
1 1 0.1880102359375 0.9919734234375 0.182156875 0.9702516859375001 0.1832892765625 0.944895815625 0.2096555875 0.8876051609375001 0.3436675171875 0.8806711890625 0.4283249609375 0.950389834375 0.493715325 0.9812179249999999 0.4713396171875 1 0.4417062515625 1 0.1880102359375
1 0.7707673796875001 0.3809113890625 0.8276199234374999 0.400548628125 0.8374363875 0.3725490609375 0.8429501359374999 0.30140414375 0.8167585374999999 0.2422963828125 0.7588408249999999 0.23279353593750002 0.73277484375 0.265916109375 0.7149171937500001 0.3050245859375 0.7004014296875 0.36839245468750004 0.700735721875 0.4025820828125 0.7707673796875001 0.3809113890625
1 0.7496737312499999 0.8431954625 0.764335878125 0.83449016875 0.8413015093749999 0.7281620296875 0.8499692328125 0.70174945 0.839129128125 0.6647478921875 0.8108907671875001 0.6344563265625001 0.7831538421875 0.655449203125 0.7123285 0.675328753125 0.69616255625 0.6889991671875 0.6873069218750001 0.73588469375 0.6943457484375 0.78102534375 0.7083605921875 0.8251914796875001 0.725570940625 0.8389544328125 0.7496737312499999 0.8431954625
1 0.5701955890625 0.149780309375 0.592063709375 0.20331048125 0.5944868078125001 0.2923668421875 0.61955043125 0.3154938296875 0.647015871875 0.3064264921875 0.68544651875 0.26777259999999997 0.7075648390625 0.1881265453125 0.71414375625 0.10684723437500002 0.7008597875 0.018357075 0.6095657859375 0.0087616890625 0.6038220828124999 0.016696625 0.59548865 0.0772988328125 0.572325925 0.12951152187499998 0.5701955890625 0.149780309375
1 0.8613507531250001 0.2384445890625 0.8927010453124999 0.2297855640625 0.9115195249999999 0.209563046875 0.9244271562499999 0.18018064843749998 0.9389636859375001 0.0792450203125 0.93006600625 0.04244761875 0.84654170625 0.0336688609375 0.840798003125 0.041603796875 0.8278280796875 0.1836894734375 0.8425530359375 0.221099346875 0.8613507531250001 0.2384445890625
1 0.4797963140625 0.472128715625 0.5005140546875 0.4825841515625 0.5302679265625 0.4712251390625 0.5549677 0.4400201234375 0.5677837015625 0.4199828265625 0.5829578734374999 0.3833722328125 0.5927115296875 0.3092574984375 0.5918757984374999 0.2237834265625 0.5844819171875 0.1820209078125 0.56869179375 0.154745428125 0.516246303125 0.14923318593749998 0.47781565625000005 0.187887078125 0.47409795 0.204573578125 0.4811367765625 0.24971422968749998 0.4715502671875 0.34092377812499997 0.4508521703125 0.40705730781250005 0.46990060624999996 0.4500447703125 0.4797963140625 0.472128715625
1 0.4669800234375 0 0.4623593078125 0.0359827796875 0.468332965625 0.0912578265625 0.485000346875 0.1288718578125 0.50026826875 0.1424306515625 0.5603998890625 0.14021211718749998 0.593546225 0.077094675 0.6002922875000001 0.0129101796875 0.5104903609375 0 0.4669800234375 0
1 0.4525438765625 0.38161924375 0.46854267343749995 0.350854015625 0.480781721875 0.2530923609375 0.47374289531249997 0.207951709375 0.44347853437499996 0.1689085796875 0.36471634375 0.1708766875 0.3568423046875 0.1990804109375 0.376538559375 0.34801489218750004 0.3955034234375 0.3824549484375 0.4289632859375 0.391094896875 0.4525438765625 0.38161924375
1 0.302735959375 0 0.2983183015625 0.008495028125 0.290527834375 0.045246159375 0.2927837875 0.1172077046875 0.30696577812500003 0.17846865625 0.351704375 0.22927943750000002 0.3585968203125 0.219757515625 0.356320103125 0.185363728125 0.367013825 0.1677027125 0.437212628125 0.1631268328125 0.4409718625 0.07130481250000001 0.430403240625 0.0223777140625 0.4180806625 0 0.302735959375 0
1 0.2965653359375 0.46427326718749995 0.3367712625 0.40872871875000005 0.3526864875 0.3694160828125 0.3606648640625 0.31219200625 0.3571558328125 0.2708378 0.33643645312500003 0.21572064218749998 0.3136703125 0.1894196796875 0.2868314109375 0.18318334687499999 0.2621020796875 0.1942459875 0.2291436546875 0.23689048281249997 0.2155259109375 0.2730291421875 0.20700456875 0.354104296875 0.21809539218750001 0.4167480765625 0.2331754046875 0.45077981874999995 0.2694549515625 0.469962475 0.2965653359375 0.46427326718749995
1 0.2127898 0.2710338421875 0.2470848765625 0.2063294125 0.2851604671875 0.17105365156250002 0.2920736765625 0.1239639671875 0.28248665 0.05635506875 0.2575901734375 0.050322895312500004 0.21042899375 0.0692742 0.16704832812499998 0.117654171875 0.16103314062500002 0.1375146484375 0.1728340765625 0.1934021640625 0.1660880140625 0.2575866625 0.1922168046875 0.27057925625 0.2127898 0.2710338421875
1 0.16521075624999998 0.2472481109375 0.1721239640625 0.200158428125 0.16754976562499999 0.168938615625 0.15829703125 0.1355193453125 0.1291814109375 0.09488922968749999 0.06808895937500001 0.07822180625 0.040268462500000005 0.090667275 0.0196752203125 0.28659889843749997 0.057103507812499996 0.30419456718750004 0.10875531406250001 0.307915665625 0.14497205156249998 0.2809831546875 0.16521075624999998 0.2472481109375
1 0 0.7683574234375 0.0205332640625 0.810960553125 0.0394145546875 0.8368532015625 0.069866825 0.8554233874999999 0.11798883593750001 0.8553580390625 0.15023714999999999 0.8194698062500001 0.1642099484375 0.7799530156250001 0.168825675 0.73603730625 0.16481520624999998 0.6433986578125 0.146393309375 0.585107525 0.116212521875 0.5546118015625 0.0881620703125 0.503847290625 0.0682156125 0.48808903593749997 0.0263595078125 0.4939361296875 0 0.5232708765625 0 0.7683574234375
1 0.6509650828125 0.8294053171875 0.669971475 0.7887098515625001 0.6777827046875 0.7143909609375 0.6637678609375001 0.670224825 0.6322711859375 0.624221275 0.618089196875 0.5629603249999999 0.596722515625 0.5607145953125 0.5535089953125001 0.6261893828125 0.5465750234375 0.7108468265625 0.565874178125 0.7794765109374999 0.6064772046875 0.8042367562500001 0.6280946046875 0.8321247078124999 0.6509650828125 0.8294053171875
1 0.2561102421875 0.9706309390625 0.268140615625 0.9309099921874999 0.27346645468749997 0.8802380187500001 0.27014533281249997 0.8184108671875 0.252767840625 0.7875531 0.2220440875 0.7809084546875 0.19138314218750002 0.820378975 0.167844596875 0.91353755625 0.1741733125 0.9654344703125 0.2561102421875 0.9706309390625
1 0.6383252609375 1 0.6456812890625 0.9637602171875 0.6455349078125 0.9090976421875 0.63655365625 0.8637528328125 0.6131817390625 0.8151877796875 0.5971201328125 0.7998378390625 0.57222365625 0.793805665625 0.5474943265625 0.8048683046875 0.5187758078125 0.8445429828125001 0.5101080828125 0.8709555640625 0.5033412562499999 0.972707821875 0.5100282796875 1 0.6383252609375 1
1 0.4639497796875 0.9924757546875 0.45148062343750006 0.946099546875 0.4270016484375 0.9049138421875 0.39964054375 0.8849608265625 0.3533773859375 0.8766829234375001 0.311772 0.9081722390625 0.288776421875 0.9774797421875 0.4639497796875 0.9924757546875
1 0.2004894953125 0.799135671875 0.22045671718749998 0.777326165625 0.255420378125 0.78100099375 0.2730065453125 0.7538180546875 0.279919753125 0.7067283734375 0.27342389218749996 0.63773664375 0.249529775 0.575454909375 0.23152574218750002 0.5599008109375 0.1767827703125 0.5575625421875 0.1491294203125 0.587102825 0.1664025765625 0.6469809468750001 0.1700579890625 0.7429977265625001 0.1654422625 0.7869134359375 0.18574377656250002 0.7992935578125 0.2004894953125 0.799135671875
1 0.16525486875 0.9662048296875 0.16782383437499998 0.951105315625 0.163604690625 0.9165073734375 0.15169941874999998 0.889640209375 0.11621355625 0.872248696875 0.077177134375 0.8886385000000001 0.0304338203125 0.950326840625 0.16525486875 0.9662048296875
1 0.513930125 0.8252487109375 0.5328321796875 0.8135735984375 0.5497082343749999 0.7931469250000001 0.5518385703125 0.772878134375 0.539536196875 0.6657061750000001 0.5237460734375 0.6384306953125 0.49726222656249996 0.6288162328125 0.493712184375 0.8214159953125 0.513930125 0.8252487109375
1 0.61297203125 0.555591590625 0.6333778828125001 0.538951359375 0.639936034375 0.495239809375 0.6765285921874999 0.42736140625 0.67230945 0.3927634625 0.661281434375 0.37623485 0.6280930546875 0.3556693640625 0.588973059375 0.363511759375 0.56863001875 0.42626715624999995 0.5636592359375 0.47356099687500003 0.5583333968749999 0.52423296875 0.58074448125 0.5539120625 0.61297203125 0.555591590625
1 0.23965050156249998 0.5573393078125 0.2604114078125 0.537320946875 0.2758044296875 0.4842916296875 0.23440771875 0.4577402390625 0.21297822812499997 0.40937934218749994 0.20470708750000002 0.35727827031250003 0.20712967031249999 0.287516184375 0.1615766234375 0.27248201875 0.0920464046875 0.34543715625 0.08548825156249999 0.3891487078125 0.0870548578125 0.43029875781250004 0.098333590625 0.472469590625 0.11694339843749998 0.510287778125 0.15815220000000002 0.5573121140625 0.23965050156249998 0.5573393078125