0 1 0.8667683875 0.9872264515625 0.8738528359375 0.9638460453125001 0.8754877531249999 0.9475090171874999 0.8238521265625 0.9074625703124999 0.7551467421875 0.8740248703125 0.6689540593750001 0.8261849546875 0.6007936453125 0.7733163921874999 0.4887194328125 0.7510814515625001 0.4647365 0.7845584078125001 0.59348935625 0.791008721875 0.6577339453125 0.8108606609375 0.71763636875 0.8851084531250001 0.8554558703125 0.936845103125 0.923343796875 0.974008959375 0.908827428125 1 0.8893932015624999 1 0.8667683875
0 0.8294222578125 0.8150843906249999 0.752411053125 0.46975107656250004 0.714365784375 0.37366548437499997 0.6943161546875001 0.3529347734375 0.67678085 0.3541609609375 0.6624707015625 0.38750944375 0.664840146875 0.4213940921875 0.7215526328124999 0.56043978125 0.765574325 0.71399303125 0.8005393140624999 0.766028578125 0.8240510437499999 0.8222700484375001 0.8294222578125 0.8150843906249999
0 0.798655903125 0.921089309375 0.80393505 0.8985874359375 0.7895071328125 0.8042553937499999 0.7725513390625001 0.7577705859375 0.7578336671875 0.6872940421875 0.68811493125 0.4742470984375 0.66469526875 0.433321840625 0.6364703484375 0.42167538593750004 0.6631273140625 0.6768913859375 0.7406923296875 0.8621493953125 0.7704309828125 0.909442853125 0.7878214109375 0.9201444140625 0.798655903125 0.921089309375
0 0.65637228125 0.9582790171875001 0.6692079515625 0.9318437093749999 0.6682601734375 0.9182898484375001 0.63395320625 0.9036636578125 0.6698795296875 0.8994489281250001 0.671261940625 0.8772195421875001 0.6576504796875 0.73856496875 0.654965578125 0.61617150625 0.626505121875 0.3491639984375 0.6049945703125 0.26554232187500004 0.57838900625 0.2350549453125 0.5525863421875 0.230049175 0.5303906578124999 0.24862641718749998 0.5084711734375 0.3131523 0.517764821875 0.418058465625 0.5434875640625 0.5899164703124999 0.5479366999999999 0.6815412640625 0.5824535015625 0.8391641953125 0.604872575 0.8937795562499999 0.6278711609375 0.900683921875 0.61565425625 0.9219684125000001 0.6416410531250001 0.9576066093750001 0.65637228125 0.9582790171875001
0 0.5336915078125 0.8698142359375 0.543828721875 0.7907896 0.5409596859375 0.6377637093749999 0.5295335375 0.5023613578125 0.5021521828125 0.3067840984375 0.481154775 0.2724995265625 0.4653308921875 0.27020100625 0.450072965625 0.28999562968750003 0.46026158125 0.43569961875 0.49846387343750004 0.702025909375 0.5014385296875 0.8005638765624999 0.5266088718749999 0.880524603125 0.5336915078125 0.8698142359375
0 0.49116999375 0.821712125 0.4998327296875 0.7496006609375 0.46310491562499995 0.476361196875 0.4450443203125 0.24608183125 0.42989201406250005 0.2113885296875 0.40019261562499997 0.20665524687499998 0.3871200015625 0.22970209062500002 0.3821698671875 0.2709086421875 0.397676884375 0.4366709328125 0.46110232812499996 0.7557139875 0.48166510156250003 0.8257818046875001 0.49116999375 0.821712125
0 0.30594377968750003 0.7767788312499999 0.3131320359375 0.711580540625 0.3921215375 0.413224165625 0.38022149843749997 0.2710448859375 0.358460446875 0.25383888125 0.335316984375 0.2588622625 0.31321336718750004 0.29275571875 0.26874207656250004 0.4967624375 0.2462823375 0.6515594890624999 0.25847213125 0.769883271875 0.300335621875 0.780576025 0.30594377968750003 0.7767788312499999
0 0.38965720625 0.8679684765625 0.456257815625 0.7424326156250001 0.4274412390625 0.5963287046875 0.3702927109375 0.745038846875 0.35574561718750003 0.774998865625 0.327559953125 0.8059125843749999 0.3140527046875 0.8647426734374999 0.3196080515625 0.8881894421875 0.33177214374999997 0.8941489140625001 0.38965720625 0.8679684765625
0 0.24659558124999997 0.64472751875 0.2678177859375 0.5002321046875 0.3022046734375 0.348006059375 0.29189688125 0.32659413125 0.26851647343749996 0.3282290484375 0.2421735546875 0.41349444999999996 0.22956127343750002 0.5131223609375 0.199071121875 0.6650759203125001 0.1986229328125 0.7706633015625 0.214480140625 0.7834182249999999 0.24659558124999997 0.64472751875
0 0.0892403765625 0.8276850625 0.1490345515625 0.7588082078125 0.19804704374999998 0.661742496875 0.2310122640625 0.4891856625 0.2292615859375 0.45015019531249995 0.19442791875 0.4559910359375 0.11025274843749999 0.5401929109375 0.014557953125 0.7256488078125 0.020481565625 0.810360428125 0.0508389875 0.8525030687499999 0.0616734796875 0.8534479640624999 0.07560180625 0.8286387640624999 0.0892403765625 0.8276850625
0 0.2751938 0.3090344390625 0.280907578125 0.2507493234375 0.254538959375 0.22365041093750002 0.23576612031250002 0.2351782359375 0.1571462953125 0.342826878125 0.0801850828125 0.47419477499999996 0.015256640625000002 0.553645753125 0.0041323921875 0.576556353125 0.014084064062500002 0.7188718781250001 0.062951678125 0.6337339140625 0.0797368953125 0.5797821562500001 0.262358128125 0.33546975 0.2751938 0.3090344390625
0 0 0.5141050765624999 0.0022368359375 0.5494486359375 0.0277104890625 0.5357497265625 0.083607928125 0.467145359375 0.175353178125 0.30920590937500003 0.1443241796875 0.2994580515625 0.1063046125 0.31573677187500004 0 0.39658546562499997 0 0.5141050765624999
0 0.387314871875 0.6944755546875 0.4256377484375 0.5845371984375001 0.39534669375 0.44534646093749997 0.37247943125 0.49631848281249996 0.311894503125 0.7218821796875 0.3114598703125 0.757665425 0.312884675 0.76553380625 0.3188992265625 0.7836815015624999 0.3305030703125 0.7856208687499999 0.387314871875 0.6944755546875
0 0 0.34686101406250003 0.027896031249999998 0.3144095671875 0.051513384375000006 0.316163115625 0.0592147859375 0.300301928125 0.0367429015625 0.2729305296875 0.0114141265625 0.274701690625 0 0.2865102109375 0 0.34686101406250003
0 0 0.39568745625 0.036057768750000004 0.375129446875 0.0659548546875 0.3406910203125 0.051750328125 0.31955157968750003 0.0242362421875 0.31807051875000003 0 0.3517845171875 0 0.39568745625