1 0.312757765625 0.20293322656249999 0.3249904140625 0.28355562343749996 0.341095890625 0.31865632499999996 0.385822246875 0.36423152187499996 0.416289609375 0.379554140625 0.445577296875 0.3881864875 0.4968437109375 0.3808714046875 0.5203099921875001 0.35086512187499996 0.5275168578125 0.296132696875 0.514386490625 0.2329142890625 0.48202159843750003 0.1730874453125 0.4047504875 0.12290335 0.3574079484375 0.1243528375 0.3249912109375 0.154212759375 0.312757765625 0.20293322656249999
1 0.75404916875 0.11304965781250001 0.7200168578125 0.12249961093749999 0.7031416828125 0.1392717171875 0.6805471953125 0.19671739375 0.6664413453125 0.2854331203125 0.664594065625 0.40992785937500004 0.6775445703125 0.5283642125 0.7041391046875 0.5892085234375 0.7154489109375 0.602735428125 0.7307595609375 0.60520945625 0.761329815625 0.5705014109375 0.8095700718750001 0.551647934375 0.8490656578125 0.4325867703125 0.8514768515625001 0.356280546875 0.8281912296874999 0.20172602187500002 0.809136565625 0.14989964375 0.7902868890625 0.1273548046875 0.75404916875 0.11304965781250001
1 0.77228069375 0.5651213375 0.7366068890624999 0.5990047046875 0.71534601875 0.652766090625 0.712063028125 0.7016329203125 0.728886359375 0.774547578125 0.75704541875 0.8161457562500001 0.7975659421875 0.8434922874999999 0.827084540625 0.83656279375 0.870529125 0.7961355171875 0.8870453734374999 0.760456434375 0.8922518171875 0.711250446875 0.8803011250000001 0.654722309375 0.85563004375 0.5935388390624999 0.8323436234375 0.568327178125 0.8088262953124999 0.5586773609375 0.77228069375 0.5651213375
1 1 0.7278707171875001 0.9849364703125 0.7138779078125 0.9423385546875 0.6972450953125 0.8986889828125 0.70839083125 0.8889688265625001 0.7601172765624999 0.8697083781250001 0.8083522249999999 0.8822489062500001 0.8682254984375 0.9241540921875 0.931543840625 1 0.917079428125 1 0.7278707171875001
1 0.5507077265625 0 0.5507278999999999 0.0678459109375 0.57819423125 0.156129615625 0.6158166140625 0.20640657343750002 0.6579016625 0.2145069703125 0.6773670984375 0.1955535625 0.69626861875 0.1284116375 0.670853759375 0.07425759374999999 0.661848684375 0 0.5507077265625 0
1 0.778175384375 0 0.7760797390625 0.0074154640625 0.7748741421875 0.045568576562500004 0.7825420296875001 0.08905533125000001 0.7942107640625 0.1214892125 0.8330128218749999 0.1784564390625 0.8577098265625 0.1947965265625 0.8756877078124999 0.189901971875 0.9015133390625 0.17327622812500001 0.916260075 0.12756173906249998 0.916593878125 0.061969234375 0.9059768015625 0.0017568046875 0.905170715625 0 0.778175384375 0
1 0.6627699109375 0 0.6751365625 0.08729897812500001 0.705962853125 0.12152857343750001 0.7258641859375 0.11629486250000001 0.7503562031250001 0.103353409375 0.7643591609375 0.064668346875 0.7663556203125 0 0.6627699109375 0
1 0.8840718578125 0.5298884109374999 0.8858154484374999 0.5847671984375 0.8959966265625001 0.63125993125 0.9321314546874999 0.69559574375 0.9711133750000001 0.6973450265625 0.9871167562500001 0.6531335265625 0.9890661312500001 0.6079509875 0.980654465625 0.5714936609375 0.9553935453125 0.50696505625 0.92574693125 0.4794257296875 0.9059225671875 0.4794721609375 0.8928942953125001 0.495565953125 0.8840718578125 0.5298884109374999
1 0.87086531875 0.34251441875 0.8660947734375 0.405440103125 0.8705055937499999 0.45295030468749997 0.8886114921875 0.48252457031249996 0.9232336406250001 0.4764197515625 0.9535470625 0.50211693125 0.9644209703125 0.5019241375 0.9878102828124999 0.4771051359375 0.976167471875 0.3998278734375 0.9796044015625001 0.34058648125 0.9695771625 0.283719184375 0.961370484375 0.276543396875 0.9255686624999999 0.2759579453125 0.889458959375 0.29612161718749996 0.87086531875 0.34251441875
1 0.5878350250000001 0.49761904531249995 0.55808551875 0.5201103828125 0.5402356546875 0.5594737578125 0.5331057593749999 0.6090188999999999 0.5361829640625 0.6602133953125 0.6126843765625 0.7622703 0.6229684468750001 0.7587323703125 0.6462807890625 0.7391006499999999 0.6666439421875 0.702743253125 0.6712605468749999 0.6501921296875001 0.6668497265625 0.602681928125 0.6522318046875 0.553522371875 0.6353825515625 0.525451096875 0.6082492265624999 0.5009177484375 0.5878350250000001 0.49761904531249995
1 0.513206815625 0.2262240171875 0.5290044125 0.28207384375 0.5730898828125001 0.28464780312500004 0.5947096828125 0.249793396875 0.599172346875 0.2076168359375 0.5583957890625 0.1113326640625 0.5419054625 0.10216836562500001 0.5092067671875 0.107934028125 0.4800470984375 0.1337705015625 0.47448172812499995 0.1640695109375 0.513206815625 0.2262240171875