1 0.22411499531249998 0.6000576484375 0.20233486093750003 0.6189620328125 0.1720817546875 0.6726347703125 0.15692630000000002 0.7183815 0.15387668593749998 0.762606528125 0.1610038328125 0.805004315625 0.1781402515625 0.8403897171875 0.2130022578125 0.8699848765624999 0.241239584375 0.8727376890625 0.265283775 0.864509134375 0.30588113125 0.8141943062499999 0.31837974999999996 0.785222175 0.323751221875 0.713852253125 0.31329728437500004 0.6674884734375001 0.2839164375 0.609529265625 0.26236159375 0.595798075 0.22411499531249998 0.6000576484375
1 0.43377242968749996 0.5747997640625 0.3602132453125 0.6147353328125 0.33225309531249997 0.6601735390625 0.322884878125 0.7068368781250001 0.3219029296875 0.7754629515625 0.3405756484375 0.8386043171875001 0.37191447499999997 0.8779586984375 0.404009959375 0.8813225843750001 0.4335064078125 0.86364034375 0.4604038234375 0.8249119765625 0.48612881874999997 0.749887578125 0.49303659062499994 0.7062736234375 0.4916966796875 0.6647924421875 0.47302396093750004 0.6016510765625 0.46024816562500004 0.582432190625 0.43377242968749996 0.5747997640625
1 0.29977074843749996 0.5656127625 0.2832175828125 0.6076990390625 0.323612634375 0.6897567453125 0.3387680875 0.6440100140625 0.362673690625 0.61168595 0.43553402031250005 0.569920153125 0.41839760156250005 0.534534753125 0.3954450453125 0.5171431046875 0.35826118125 0.5146928390625 0.318755459375 0.5393874671875001 0.29977074843749996 0.5656127625
1 0.5934702046875 0.52787273125 0.5552814078125 0.49431157968750006 0.5296720171875 0.4936945296875 0.50772439375 0.5074137671875001 0.4843501578125 0.5363829109375 0.4667342578125 0.585179025 0.489963990625 0.6507616921875 0.49177746562499997 0.7267086765624999 0.4970333359375 0.7309802046875 0.5193448375 0.7087209 0.5509378546875 0.69652934375 0.5798740359375001 0.701112384375 0.6084174390625 0.733145853125 0.621083546875 0.70935886875 0.6315144984375001 0.655985690625 0.6286382890625 0.5867485453125 0.5934702046875 0.52787273125
1 0.530052965625 0.703538740625 0.507573975 0.7206128984375 0.482074271875 0.7630017203125 0.468258728125 0.8502296312500001 0.49411639375 0.9179480625 0.5245888765625 0.9502870671875 0.552294834375 0.9563948015625 0.58072855 0.9454224 0.607625965625 0.9066940328124999 0.6247683 0.8234321140624999 0.6228970234375 0.785305853125 0.6084174390625 0.733145853125 0.593712565625 0.71362143125 0.5740868 0.7001957765625 0.530052965625 0.703538740625
0 0.6616171859375 0.815512084375 0.6812429515625 0.828937740625 0.7003951515625 0.8078975906249999 0.7106297140625 0.768249628125 0.70926681875 0.6270314890625001 0.6975537578125001 0.6011027640625 0.7011058390625 0.572433178125 0.6740987359374999 0.5681556734375001 0.6525957765625 0.635251078125 0.6616171859375 0.815512084375
0 0.7465373843750001 0.57275066875 0.7296781421875 0.5855562875 0.73434484375 0.6310034578125 0.717849478125 0.635269009375 0.7130901609375 0.7652002437500001 0.6966755828125 0.8313820281250001 0.6897678109375 0.8749959828125 0.6950236796875 0.8792675109375001 0.7157410796875 0.867072965625 0.739225003125 0.88110969375 0.7518911109374999 0.8573227078125001 0.7702347671875 0.791446459375 0.7819248421875 0.717638228125 0.7834381578125 0.645657234375 0.7719503859375 0.5870929328125001 0.7465373843750001 0.57275066875
0 0.8270732984375 0.78841201875 0.8379489140624999 0.7884150078125 0.8541093015625 0.7737791625 0.855622615625 0.7017981703125 0.835275009375 0.586805328125 0.804941115625 0.5785618312499999 0.786487771875 0.6014322078125 0.785505825 0.6700582796875 0.807643921875 0.7612611484375 0.8270732984375 0.78841201875
0 0.6124430859375 0.7389420734375001 0.6252996671875 0.8200771937500001 0.6136095921875 0.8938854265625 0.6285108546875 0.899684634375 0.6471316875 0.8819994046874999 0.6566384937499999 0.859431575 0.6611436203125 0.7810462796875 0.6513944546875 0.6178654078125 0.6428406953125 0.590717525 0.630399878125 0.581868934375 0.6325772328125 0.6492758515625 0.6124430859375 0.7389420734375001
0 0.8927657703125 0.69910118125 0.8947440078125 0.6563498953125 0.8867317453125001 0.63632694375 0.8758848499999999 0.616549678125 0.8597627359375 0.6174691296875 0.8481741734374999 0.6427226484374999 0.8573485812499999 0.6907132812500001 0.8571011140625 0.767374859375 0.84849013125 0.7844691390625 0.8253117078125 0.79329163125 0.816809834375 0.8469703453124999 0.8215054359374999 0.873507153125 0.844290503125 0.8857136546875 0.8536009203124999 0.8768710390625 0.872279553125 0.8213650859375001 0.8866264640624999 0.73078225625 0.87232283125 0.7222578093750001 0.8652533546875001 0.71141378125 0.8715223890624999 0.6894852484375 0.881557171875 0.6841287953124999 0.8927657703125 0.69910118125
2 1 0.428188609375 0.971800853125 0.43647490156249996 0.9538788765625 0.45599035781249997 0.9439792921875 0.5060086171875 0.9314806734375001 0.5349807484375 0.9155396609374999 0.6356283390625 0.9174398390625 0.6548442375 0.9258550109374999 0.657896609375 0.9548200921875001 0.6435692875 0.98305741875 0.6463221015625 1 0.5362736906250001 1 0.428188609375
2 1 0.3519463671875 0.9775651046875 0.3376545515625 0.9520135140624999 0.299216778125 0.9390413296875 0.29372310625 0.9176250734375 0.30408742499999997 0.9084821468750001 0.3181151875 0.9193288624999999 0.3370285375 0.9184047171874999 0.3678338859375 0.9293900203125001 0.41084274687500005 0.9400692484375 0.42457095 0.955363290625 0.402919728125 0.9593311359375001 0.446536671875 0.9976066343750001 0.42336673593749996 1 0.4232857984375 1 0.3519463671875
2 1 0.13797483906250002 0.976262790625 0.124007959375 0.9549961281250001 0.12966933125 0.9327355734375 0.13656245312499998 0.909576803125 0.1516484 0.8935272609375 0.17480623906249998 0.8811376734374999 0.20229205781249998 0.8928581453125 0.2420755265625 0.9132990859375001 0.26684532031249997 0.89820369375 0.2915434859375 0.90061403125 0.3141521234375 0.9113885171874999 0.3116910796875 0.94018878125 0.291247346875 0.966656015625 0.29057721718749996 0.9958788234375 0.29520565468750004 1 0.29129177031250003 1 0.13797483906250002