0 0.5785637203125 0.49039879375 0.5873407359375 0.4674677625 0.5504153703125 0.42637202968750004 0.5340044890625 0.3732523703125 0.532313809375 0.2642894328125 0.5123075874999999 0.2148940390625 0.5013111140625 0.1340229671875 0.48291174375 0.1254035609375 0.466880734375 0.1438546640625 0.46205841718749996 0.178373703125 0.48468625000000004 0.302553446875 0.515562321875 0.4089629921875 0.53013361875 0.42985131093750006 0.5515995515625 0.4399072828125 0.5550254703124999 0.45665612656250004 0.5487229265625 0.47425609687500003 0.5588107484375 0.4887172421875 0.5785637203125 0.49039879375
0 0.49441294999999996 0.4585493203125 0.5013708968749999 0.45964543593749996 0.5051989703124999 0.447376521875 0.4987698015625 0.4411195734375 0.507652925 0.3857869765625 0.470686528125 0.2321742671875 0.46000661562499995 0.21094549687500003 0.443024159375 0.20731669687499998 0.43111726875 0.21688269999999998 0.42487803749999997 0.2464111328125 0.45211597187499997 0.400874971875 0.4751254421875 0.4397784734375 0.476076890625 0.4618583734375 0.489696740625 0.4606667921875 0.4857420421875 0.44907878281249997 0.4921079 0.44340727187500006 0.49712015468750004 0.44467361250000004 0.49441294999999996 0.4585493203125
0 0.4280935046875 0.1711161046875 0.39643364062500003 0.1790005546875 0.37331806093750003 0.172498621875 0.36261586874999996 0.2518583671875 0.3693821140625 0.3740161046875 0.3942944828125 0.4570794078125 0.41051542812499997 0.47441368749999996 0.433863740625 0.472370975 0.44488249375000005 0.4526535296875 0.4299518390625 0.41645293906249997 0.44103390468750003 0.40866395468750005 0.42394710468749996 0.28058971875 0.4280935046875 0.1711161046875
0 0.3135713953125 0.285131771875 0.30466775468749996 0.2842058828125 0.288636746875 0.302656984375 0.29278138125000003 0.3500303734375 0.3124915578125 0.3960419546875 0.3303826671875 0.46608068124999996 0.3449539640625 0.48696900000000004 0.3738433109375 0.48103179531249995 0.3830857921875 0.4410114703125 0.37340012499999997 0.39753257343750004 0.34100103125 0.31853398906249997 0.3135713953125 0.285131771875
0 0.319343396875 0.4295396375 0.31024982031250004 0.3928283671875 0.2996332203125 0.38352805624999997 0.2936695171875 0.3601818140625 0.288636746875 0.302656984375 0.30796705 0.277097803125 0.3086019375 0.23953540312500002 0.3017500984375 0.20603771875 0.289716584375 0.19174680156249999 0.274975865625 0.191331590625 0.26283624375 0.209442240625 0.256364278125 0.2475153203125 0.26494959218749997 0.3456459125 0.2567013546875 0.363416109375 0.2662603984375 0.3830380859375 0.2593657625 0.3938704296875 0.261734125 0.42094093906249996 0.2861605109375 0.4648350484375 0.3117505625 0.46600592343749997 0.319343396875 0.4295396375
1 0.81959865625 0.3209884046875 0.8280163140625 0.28274509999999997 0.82522528125 0.22843385781249997 0.8127057859375 0.1749737453125 0.7725872328125 0.108584525 0.73714209375 0.0844078609375 0.707131878125 0.0887382703125 0.6844389671875 0.10947707031250001 0.6687673171874999 0.14324044687499998 0.657895703125 0.2430732984375 0.6611522015625 0.280295246875 0.677563084375 0.3334149078125 0.71036433125 0.3833957390625 0.731005440625 0.39522873281250004 0.754353753125 0.3931860203125 0.8016852671875 0.35153819375 0.81959865625 0.3209884046875
1 0.8408559 0.08215350625 0.820531353125 0.12996281406250001 0.815709034375 0.16448185312500002 0.827763065625 0.235031259375 0.853606365625 0.283915975 0.88522343125 0.32036155312500003 0.9175386968750001 0.3311731890625 0.9477816453125 0.31829813281249997 0.9692903749999999 0.28402407812499997 0.979653725 0.245610546875 0.968404003125 0.11702563437499999 0.9509988765624999 0.0861561 0.9213908156249999 0.06146875625 0.86908984375 0.0575202140625 0.8408559 0.08215350625
1 0.6603068624999999 0.2258137796875 0.6551474671874999 0.1444320296875 0.644996334375 0.11804242499999999 0.6150289140625 0.0780428078125 0.5734506515625 0.050993007812500005 0.5509271625000001 0.051258700000000004 0.52569646875 0.0654001 0.508079125 0.0993337015625 0.5042715671875 0.167861103125 0.5120115421875 0.211510225 0.534555546875 0.2675030203125 0.5552599687499999 0.291264475 0.58397989375 0.30580037656250003 0.6261930437500001 0.2952877765625 0.6405744046875 0.2803907140625 0.6603068624999999 0.2258137796875
1 0.6924714578125 0.47020401562499997 0.7072549734375 0.4262891984375 0.7072977703125 0.381959171875 0.6778591296875 0.3367987203125 0.6580223281250001 0.26693021875 0.6518892046875 0.264057084375 0.6131652859375001 0.3032469859375 0.5800885078125 0.3061408296875 0.5382142 0.275707215625 0.5319749671875 0.3052356484375 0.5331163531249999 0.36310092968749996 0.554898846875 0.4327992046875 0.584274175 0.46603119375 0.6461975015625 0.501530175 0.667600121875 0.49965768906249997 0.6924714578125 0.47020401562499997
1 0.855319325 0.2922903953125 0.8286512015625 0.24518269843749999 0.828312359375 0.28612891406249996 0.8105255953125001 0.3405356234375 0.7440965109375 0.39919798281249996 0.769284409375 0.4293866125 0.793816903125 0.44087915312500003 0.8304890203124999 0.43426104531250004 0.861197434375 0.40429669375 0.879576290625 0.3566576125 0.8843986078125001 0.322138571875 0.855319325 0.2922903953125
2 0.2588557359375 0.61213675625 0.246591253125 0.44954348125 0.179612875 0.4571081875 0.123759359375 0.41255388281250005 0.10802439687500001 0.4343887984375 0.096899534375 0.4865078078125 0.10383520156249999 0.588192440625 0.12413746875000001 0.640971646875 0.151567103125 0.6743738640625 0.182232721875 0.6887395421875 0.20947242031250002 0.6863563765625 0.2460179140625 0.655881346875 0.2553870203125 0.63971794375 0.2588557359375 0.61213675625
2 0 0.5218304687499999 0.01720819375 0.7185210296875 0.0428615578125 0.731620365625 0.053584265625 0.7085191078124999 0.0545151984375 0.6743405203124999 0.0644763953125 0.66494474375 0.0944027828125 0.592427384375 0.09892905468749999 0.55452453125 0.0946577953125 0.48329422031249997 0.08108074374999999 0.44015577656250005 0.0687511828125 0.4224810453125 0.0323751109375 0.4324829671875 0 0.4258741328125 0 0.5218304687499999
2 0.250373 0.7952986046875 0.266826678125 0.8040882375 0.3012570578125 0.794256540625 0.3253035703125 0.7665798875000001 0.2923123859375 0.680813675 0.2763874859375 0.666863209375 0.2723266796875 0.6876767703125 0.264543909375 0.6883576734375 0.2564017796875 0.673726303125 0.25627515624999997 0.649869384375 0.250438078125 0.6503800625 0.2153094984375 0.6858456984375 0.17834133593749998 0.68907999375 0.1731596609375 0.7082867578125 0.18166114687499998 0.738230403125 0.198770228125 0.7657161218749999 0.224190859375 0.7873601031249999 0.22996462499999998 0.7749209640625 0.2160692453125 0.8289872218750001 0.22939305000000001 0.824411825 0.250373 0.7952986046875
2 0.10053590625 0.5953005203124999 0.082389784375 0.6343949546875 0.114598940625 0.677608159375 0.1268651890625 0.68335443125 0.1292130359375 0.6541664500000001 0.10053590625 0.5953005203124999
2 0.1239252515625 0.7057747828125 0.07054620625 0.65588941875 0.055107289062499995 0.6811081484375 0.0464568984375 0.7278960999999999 0.033133093749999995 0.7324714953125 0.0175042390625 0.7219048421875 0.0236578796875 0.7810364671875 0.0511936234375 0.782037115625 0.067816721875 0.770353640625 0.0751340265625 0.7867620296875 0.0962833984375 0.7371757015625 0.1239252515625 0.7057747828125
2 0.18897845156249998 0.7546387921875 0.172926928125 0.7168314062500001 0.142980025 0.7330902765625 0.13088319843750001 0.7068708984375001 0.12422129687500001 0.7091585968749999 0.06293109218750001 0.79294421875 0.0723207140625 0.8330393031250001 0.098396746875 0.8733793734375 0.1458120890625 0.8999184937500001 0.2079476328125 0.870614340625 0.242441325 0.8727111046875 0.23358048125000003 0.8274551859375 0.19667562968750002 0.8426179421875 0.22366207968750002 0.7925209375 0.18897845156249998 0.7546387921875
2 0.27714546875 0.9668517375000001 0.308276553125 0.9641281203125001 0.3415227515625 0.9407611703125 0.3637929921875 0.8927816359375 0.3671350828125 0.8413435296875 0.340826315625 0.8095481078125 0.3395155109375 0.77215593125 0.32919495625 0.7662394359375 0.2796850171875 0.816602134375 0.26263924843750003 0.801044875 0.24707370625 0.802406684375 0.2344053046875 0.8256781671875 0.241912546875 0.8778719374999999 0.217676096875 0.8697632093750001 0.201877821875 0.879669665625 0.21350918281250003 0.9229783359375 0.23675138593749998 0.9533371921875 0.27714546875 0.9668517375000001