1 0.267578125 0.385529890625 0.2080078125 0.2819293484375 0.1552734375 0.227581521875 0.1142578125 0.2038043484375 0.0673828125 0.2173913046875 0.041015625 0.2632472828125 0.029296875 0.307404890625 0.029296875 0.36514945625 0.041015625 0.4059103265625 0.0888671875 0.4925271734375 0.1162109375 0.526494565625 0.1962890625 0.6012228265624999 0.23046875 0.606317934375 0.25 0.579144021875 0.28515625 0.487432065625 0.283203125 0.4398777171875 0.267578125 0.385529890625
1 0.0419921875 0 0.03125 0.025475543750000003 0.013671875 0.123980978125 0.01953125 0.2122961953125 0.041015625 0.253057065625 0.0712890625 0.2105978265625 0.1025390625 0.20040760937500002 0.1669921875 0.2309782609375 0.1875 0.1205842390625 0.212890625 0.0696331515625 0.21484375 0.0356657609375 0.20703125 0.008491848437500001 0.2001953125 0 0.0419921875 0
1 0 0.528192934375 0.0400390625 0.5876358703125 0.08203125 0.606317934375 0.123046875 0.5383831515625 0.041015625 0.409307065625 0.0263671875 0.35326087031250003 0.0126953125 0.34986412968749997 0 0.371942934375 0 0.528192934375
1 0.345703125 0.280230978125 0.341796875 0.21569293437499998 0.326171875 0.1647418484375 0.2900390625 0.09171195625 0.2607421875 0.06793478281250001 0.2197265625 0.071331521875 0.193359375 0.110394021875 0.181640625 0.1681385875 0.1875 0.253057065625 0.2236328125 0.3023097828125 0.2802734375 0.411005434375 0.310546875 0.41610054375 0.3525390625 0.383831521875 0.361328125 0.358355978125 0.361328125 0.331182065625 0.345703125 0.280230978125
1 0 0.9799592390624999 0.009765625 0.9799592390624999 0.0322265625 0.9646739125 0.05859375 0.918817934375 0.087890625 0.8203125 0.072265625 0.7421875 0.06640625 0.6640625 0.0400390625 0.6351902171875 0.0205078125 0.6283967390625 0 0.6334918484375 0 0.9799592390624999
1 0.2265625 0.6742527171875 0.2001953125 0.6080163046875 0.1396484375 0.553668478125 0.1259765625 0.553668478125 0.1064453125 0.567255434375 0.08984375 0.5961277171875 0.078125 0.6368885875 0.072265625 0.684442934375 0.07421875 0.7455842390625 0.0859375 0.799932065625 0.1083984375 0.84578804375 0.1337890625 0.87296195625 0.15625 0.878057065625 0.1982421875 0.859375 0.224609375 0.8101222828125 0.232421875 0.7727581515625 0.2265625 0.6742527171875
1 0.1337890625 0.879755434375 0.1044921875 0.8933423906250001 0.0771484375 0.9205163046875 0.046875 0.9867527171875 0.0478515625 0.9986413046875 0.263671875 0.996942934375 0.259765625 0.9425951093749999 0.25 0.9052309781250001 0.2158203125 0.8695652171875 0.1337890625 0.879755434375
1 0.435546875 0.49422554375 0.435546875 0.450067934375 0.427734375 0.42629076093749996 0.4052734375 0.397418478125 0.3544921875 0.3872282609375 0.3212890625 0.4177989125 0.240234375 0.6131114125 0.23046875 0.6946331515625 0.240234375 0.7693614125 0.2626953125 0.7982336953125 0.3125 0.80672554375 0.373046875 0.7387907609375 0.412109375 0.6233016296875 0.41796875 0.5621603265624999 0.435546875 0.49422554375
1 0.615234375 0.2836277171875 0.615234375 0.2122961953125 0.6025390625 0.1732336953125 0.5576171875 0.15625 0.4931640625 0.08831521718749999 0.4501953125 0.08831521718749999 0.4267578125 0.098505434375 0.3759765625 0.1460597828125 0.349609375 0.2055027171875 0.345703125 0.266644021875 0.36328125 0.331182065625 0.4033203125 0.390625 0.4482421875 0.4177989125 0.482421875 0.4194972828125 0.5263671875 0.397418478125 0.5634765625 0.397418478125 0.5908203125 0.36684782656250003 0.615234375 0.2836277171875
1 0.25 0.0016983703124999999 0.263671875 0.0424592390625 0.3017578125 0.10869565156250001 0.3251953125 0.13247282656249998 0.3515625 0.13756793437499998 0.3818359375 0.12228260937499999 0.4248046875 0.057744565625 0.439453125 0.0016983703124999999 0.25 0.0016983703124999999
1 0.6689453125 0 0.466796875 0.0016983703124999999 0.482421875 0.056046195312500005 0.5166015625 0.1154891296875 0.5693359375 0.1596467390625 0.60546875 0.1647418484375 0.6474609375 0.14266304375 0.671875 0.10699728281250001 0.67578125 0.032269021875 0.6689453125 0
1 0.865234375 0.08322010937499999 0.8688970453125 0.060993518749999996 0.8701171875 0 0.68359375 0.0016983703124999999 0.677734375 0.025475543750000003 0.67578125 0.1205842390625 0.685546875 0.1647418484375 0.7099609375 0.20040760937500002 0.75 0.2258831515625 0.7900390625 0.2173913046875 0.8134765625 0.1970108703125 0.83984375 0.1545516296875 0.865234375 0.08322010937499999
1 0.9306640625 0 0.87109375 0.0016983703124999999 0.869140625 0.0628396734375 0.853515625 0.123980978125 0.88671875 0.13077445625 0.9072265625 0.1154891296875 0.92578125 0.0798233703125 0.931640625 0.0492527171875 0.9306640625 0
1 0.78515625 0.331182065625 0.771484375 0.2734375 0.7431640625 0.2241847828125 0.7138671875 0.20720108750000002 0.6748046875 0.20720108750000002 0.6376953125 0.241168478125 0.6171875 0.2836277171875 0.603515625 0.344769021875 0.603515625 0.4059103265625 0.6171875 0.4568614125 0.6396484375 0.49932065156250005 0.6728515625 0.5298913046875 0.70703125 0.5383831515625 0.7333984375 0.526494565625 0.759765625 0.47724184843749995 0.78515625 0.38892662968749997 0.78515625 0.331182065625
1 0.947265625 0.2055027171875 0.93359375 0.1681385875 0.8935546875 0.13247282656249998 0.8564453125 0.1460597828125 0.8212890625 0.1868206515625 0.79296875 0.2258831515625 0.77734375 0.2734375 0.787109375 0.33797554375 0.7880258437500001 0.3875478859375 0.79749371875 0.4081290671875 0.8330078125 0.40421195625 0.87890625 0.436480978125 0.9296875 0.3685461953125 0.947265625 0.3040081515625 0.951171875 0.2564538046875 0.947265625 0.2055027171875
1 1 0.4025135875 0.9677734375 0.3736413046875 0.9306640625 0.370244565625 0.8916015625 0.4279891296875 0.884765625 0.450067934375 0.91796875 0.5383831515625 0.927734375 0.6368885875 0.9609375 0.6402853265624999 1 0.6029211953125 1 0.4025135875
1 0.62109375 0.5587635875 0.62109375 0.5044157609375 0.609375 0.46025815156250005 0.5849609375 0.4177989125 0.5556640625 0.397418478125 0.5185546875 0.40421195625 0.4599609375 0.46875 0.427734375 0.5349864125 0.4140625 0.6029211953125 0.41796875 0.6606657609375 0.4345703125 0.709918478125 0.4912109375 0.7642663046875 0.521484375 0.7693614125 0.5537109375 0.747282609375 0.587890625 0.6912364125 0.607421875 0.6334918484375 0.62109375 0.5587635875
1 0.4931640625 0.8118206515624999 0.4052734375 0.760869565625 0.3642578125 0.760869565625 0.3447265625 0.774456521875 0.326171875 0.80672554375 0.29296875 0.8984375 0.29296875 0.96297554375 0.3037109375 0.9986413046875 0.55078125 0.996942934375 0.556640625 0.9697690218749999 0.5546875 0.9222146734375001 0.5283203125 0.8559782609375001 0.4931640625 0.8118206515624999
1 0.759765625 0.7795516296875 0.7578125 0.7048233703125 0.748046875 0.670855978125 0.7236328125 0.6351902171875 0.6982421875 0.6216032609375 0.6552734375 0.6216032609375 0.6279296875 0.63858695625 0.6044921875 0.658967390625 0.580078125 0.7116168484375 0.537109375 0.776154890625 0.53515625 0.8542798906250001 0.568359375 0.9459918484375001 0.5908203125 0.9748641296875 0.638671875 0.9765625 0.6806640625 0.9544836953125 0.7060546875 0.9273097828125 0.751953125 0.8305027171875 0.759765625 0.7795516296875
1 0.921875 0.5587635875 0.900390625 0.487432065625 0.8740234375 0.43817934843749995 0.8427734375 0.411005434375 0.8173828125 0.40760869531250005 0.7626953125 0.47214673906250004 0.75 0.5044157609375 0.744140625 0.551970109375 0.748046875 0.6131114125 0.763671875 0.6912364125 0.7900390625 0.7540760875 0.8173828125 0.7778532609375 0.873046875 0.7795516296875 0.8974609375 0.760869565625 0.923828125 0.7048233703125 0.927734375 0.6233016296875 0.921875 0.5587635875
1 0.7763671875 0.8050271734375001 0.7607421875 0.8050271734375001 0.73046875 0.8882472828125 0.666015625 0.9765625 0.6708984375 0.9986413046875 0.8359375 0.996942934375 0.837890625 0.9290081515624999 0.830078125 0.8882472828125 0.8037109375 0.8322010875 0.7763671875 0.8050271734375001
1 1 0.9493885875 0.9912109375 0.9341032609375001 0.9521484375 0.8899456515624999 0.9111328125 0.8627717390624999 0.8701171875 0.87296195625 0.841796875 0.9324048906250001 0.8427734375 0.9986413046875 1 0.996942934375 1 0.9493885875
1 1 0.6368885875 0.9931640625 0.6351902171875 0.9697265625 0.6521739125 0.951171875 0.684442934375 0.939453125 0.7795516296875 0.953125 0.8712635875 1 0.9425951093749999 1 0.6368885875
1 0.943359375 0.72860054375 0.943359375 0.698029890625 0.9306640625 0.669157609375 0.91796875 0.7252038046875 0.8818359375 0.7778532609375 0.8251953125 0.78125 0.7939453125 0.760869565625 0.787109375 0.7659646734375001 0.78515625 0.8033288046875 0.8310546875 0.8865489125 0.8515625 0.8882472828125 0.8779296875 0.8627717390624999 0.9111328125 0.859375 0.923828125 0.840692934375 0.943359375 0.72860054375
1 0.705078125 0.5553668484375 0.7001953125 0.5434782609375 0.6494140625 0.512907609375 0.6142578125 0.45516304375 0.623046875 0.5451766296875 0.603515625 0.6470788046875 0.611328125 0.65047554375 0.6513671875 0.6216032609375 0.6982421875 0.6216032609375 0.705078125 0.6097146734375001 0.705078125 0.5553668484375
1 0.9345703125 0 0.921875 0.0900135875 0.8984375 0.123980978125 0.9375 0.17493206562500002 0.955078125 0.2258831515625 0.99609375 0.17153532656249998 0.998046875 0.1171875 0.990234375 0.032269021875 0.986328125 0.0118885875 0.9755859375 0 0.9345703125 0