1 0.6159916937500001 0.9272458171875 0.6478185937500001 0.8940407609375001 0.6724904734375 0.825881365625 0.665130465625 0.7616454874999999 0.65287189375 0.7258664718750001 0.6328425421875 0.6966313625 0.6056322468750001 0.6772852968749999 0.5621366140624999 0.6780564734375 0.5362340125 0.699869496875 0.52297483125 0.7315251328125 0.5170246109375001 0.7877605453125 0.5335400625 0.8814243265625 0.56805931875 0.9253501703125 0.5960903609375 0.9324795296874999 0.6159916937500001 0.9272458171875
1 0.9280528421875 0.8411787640625 0.95780235 0.818687425 0.9815765109375001 0.7679320187500001 0.9854493390625001 0.722410325 0.9760119375 0.6688881640625 0.95311036875 0.6177400984375 0.921104403125 0.5768202328125 0.8995105265625 0.566831259375 0.8739158046875 0.567895159375 0.847423365625 0.5863630484375 0.820828034375 0.6548616015625 0.815031753125 0.700722453125 0.8231355390624999 0.7579289046875 0.8336245968749999 0.7836725140625 0.8681438531250001 0.8275983578125 0.903714765625 0.8437456531249999 0.9280528421875 0.8411787640625
1 0.7673805375 0.852263928125 0.7829220984374999 0.8391761140625 0.805285675 0.7972922796875 0.816929284375 0.745226678125 0.8153396328125 0.6799733296875 0.8026451640625 0.6304746171875 0.7719728140625 0.5858704593749999 0.70408805625 0.5495524234375 0.679083171875 0.553961459375 0.6587969890625 0.5851315765625 0.644640090625 0.6341912 0.645050065625 0.692754278125 0.6773890359375 0.797424503125 0.7074715484375 0.8386835250000001 0.737272103125 0.8558482890624999 0.7673805375 0.852263928125
1 0.8500136250000001 0.584181746875 0.8327284734375 0.542390775 0.8082623796874999 0.5104888437499999 0.7625613359375001 0.4875049171875 0.73178609375 0.4929314234375 0.7143210796874999 0.50635839375 0.695881378125 0.5423766343749999 0.6983176984374999 0.55056989375 0.73396558125 0.5615299078125 0.778922846875 0.5915432593750001 0.8026451640625 0.6304746171875 0.8129802828124999 0.6665927890625001 0.8500136250000001 0.584181746875
1 0.644460228125 0.6894091437500001 0.6453838671875001 0.6271617734375 0.66479825625 0.5685522625 0.656976428125 0.5354400703125 0.6282275312500001 0.49049675625000005 0.59658049375 0.4684838671875 0.571575609375 0.472892903125 0.52938766875 0.5148231703125 0.5004329859375 0.56994118125 0.500253125 0.6251591234375 0.5091006874999999 0.6753361499999999 0.527052646875 0.7152849765625 0.5460052156249999 0.6877991515625 0.571164040625 0.6730155546875001 0.6075557 0.6769461406249999 0.6385359296875001 0.7008011749999999 0.644460228125 0.6894091437500001
0 0.46886132500000005 0.801426740625 0.4744266953125 0.77112773125 0.4728888890625 0.6161876187499999 0.45021822968749997 0.5494777125 0.42328989375 0.5542259046875 0.4267519484375 0.579483996875 0.416518925 0.622678025 0.42398102968750007 0.76622610625 0.44895999218749993 0.806660453125 0.46886132500000005 0.801426740625
0 0.44716455625 0.8414684296875 0.4251607046875 0.7729163765625 0.411004603125 0.6926331359375 0.40631182499999996 0.6210286734375 0.38930863125 0.603331959375 0.39243768125 0.5648396906250001 0.379794259375 0.55499708125 0.356712828125 0.5590669593750001 0.346120878125 0.5833540125 0.3419401703125 0.6496248296875 0.366123509375 0.786775365625 0.396334040625 0.862503209375 0.427263221875 0.8467021421875 0.44375354843750003 0.8558664390624999 0.44716455625 0.8414684296875
0 0.329321875 0.7242817015624999 0.34076049531249997 0.642934559375 0.3353239390625 0.578359525 0.32150084375 0.56182664375 0.2868786953125 0.5679314625 0.2796459078125 0.66750726875 0.2722340546875 0.692958153125 0.281517515625 0.7568548749999999 0.301777778125 0.770528140625 0.329321875 0.7242817015624999
0 0.2803896859375 0.660477840625 0.28085150468750003 0.62935415625 0.2761328046875 0.6025930765624999 0.259052640625 0.5900836421875 0.2409977890625 0.600165478125 0.229637253125 0.654455096875 0.2351354328125 0.686086271875 0.247725134375 0.6888832984375 0.25505355937499996 0.7781519515624999 0.28069600625 0.8536014296875001 0.2970151828125 0.8661901484375001 0.3139643484375 0.855538746875 0.317238596875 0.82639984375 0.303522715625 0.7758751296875 0.2791769671875 0.7627523593750001 0.2704645421875 0.6829227484375 0.2803896859375 0.660477840625
0 0.5273338078124999 0.8687220999999999 0.5158449359375 0.781070275 0.523718609375 0.72449570625 0.5007269328125 0.64705875 0.4982367109375 0.562509984375 0.5282711671875 0.5056641125 0.510881959375 0.502460703125 0.4974915796875 0.5083048109375 0.4922802453125 0.528729184375 0.50233951875 0.547157540625 0.48284159375 0.5728873640625001 0.47512022187499997 0.5950993390625 0.4732470203125 0.7644374609375 0.48355621718749997 0.8453990156250001 0.5067656656249999 0.8757979578124999 0.5273338078124999 0.8687220999999999
2 0.12912965625 0.640585684375 0.1452610546875 0.6308430046875 0.20540095468750003 0.6288615671875 0.1897832203125 0.517793796875 0.1622399203125 0.434697371875 0.1178724921875 0.40802915312500004 0.08458395937499999 0.4104496796875 0.053500837499999995 0.4366253109375 0.0375744265625 0.4756495296875 0.032957821875 0.5282006499999999 0.053166239062499995 0.6315606796875 0.0938147796875 0.6933760296875 0.12912965625 0.640585684375
2 0 0.534249696875 0.031084618749999997 0.697538771875 0.04388198125 0.697006821875 0.0498832484375 0.6804275093750001 0.0477037609375 0.611829025 0.028956976562499997 0.539253525 0 0.4986190453125 0 0.534249696875
2 0.16424034375000002 0.429170934375 0.157598190625 0.4027490109375 0.16359945781250002 0.3861696984375 0.177345584375 0.4078898609375 0.189707046875 0.3936382140625 0.195965146875 0.3166536765625 0.2038128984375 0.3049224890625 0.1938367078125 0.28771129375000004 0.17224283125 0.2777223203125 0.1593685 0.2834415515625 0.1364150859375 0.32198025 0.11777039687499999 0.3287169515625 0.1034085109375 0.3484950375 0.099202678125 0.33026637187499996 0.10897388125 0.318196028125 0.095740621875 0.30500828125 0.07596730625 0.3447108125 0.07091480312500001 0.3835422375 0.0788136015625 0.41146715 0.11535920156249999 0.405023175 0.1584699859375 0.4301884046875 0.16424034375000002 0.429170934375
2 0.1952135921875 0.1457213640625 0.1634037828125 0.1220722 0.13012249375 0.11052502812500001 0.096167421875 0.12696154531249998 0.0749136734375 0.1404618515625 0.0614140671875 0.179763153125 0.057383287500000005 0.22505773125 0.0915713359375 0.2190294546875 0.1054116296875 0.26117278125 0.1236552 0.28512422656249997 0.1526476578125 0.27234922968749997 0.17885327812500001 0.273301425 0.20513627968749998 0.295138659375 0.210523678125 0.2802562734375 0.2033341703125 0.2599287296875 0.2112704015625 0.22996783281250002 0.2248162875 0.21364692343749997 0.21503694062499998 0.1763604359375 0.1952135921875 0.1457213640625
2 0 0.3854082734375 0.027725068749999998 0.40444270156249995 0.048268559375 0.43007842343749997 0.0574529296875 0.4117400703125 0.0670676234375 0.3731237625 0.0751904765625 0.3305908046875 0.09439320625 0.29864335625 0.0634793328125 0.2755328171875 0.0472094078125 0.24914351406250002 0.027256196875 0.235942903125 0.00040354062499999997 0.21768921562500002 0 0.21801778437500002 0 0.3854082734375
2 0 0.4918429265625 0.026759781249999996 0.5216453578125 0.033359775 0.4772910640625 0.03753014375 0.44869083437499996 0.024974359374999998 0.40701757812499995 0.0032290968750000003 0.3927397078125 0 0.395238434375 0 0.4918429265625