1 0.211110721875 0.2325004390625 0.1859296375 0.27732006249999996 0.13021105625 0.3064122859375 0.11624741406250001 0.3560314875 0.11073473125 0.4169550796875 0.1240625296875 0.50072548125 0.1542063515625 0.567738265625 0.19783424375 0.5970508328124999 0.23701953593749997 0.598439934375 0.269409703125 0.5750389625000001 0.2930005671875 0.53515745625 0.3018452 0.4951764625 0.3239770671875 0.443137946875 0.32796514375 0.3786049078125 0.30405098124999996 0.3089347796875 0.26484540624999997 0.2596317171875 0.2293201265625 0.236447396875 0.211110721875 0.2325004390625
1 0.0576373671875 0 0.0390375734375 0.151483171875 0.08512416874999999 0.2649427078125 0.11089100156250001 0.2954844625 0.1298627109375 0.30123614375 0.1863435953125 0.27394864218750004 0.207581934375 0.2372005296875 0.2153159171875 0.19023867187500001 0.2093284265625 0.11079179531250001 0.17997565468750001 0 0.0576373671875 0
1 0 0.752480940625 0.005300579687499999 0.7547898203125001 0.0538959734375 0.7436453421875 0.08123274375 0.7213350171874999 0.0950651609375 0.6888109421874999 0.11247169531250001 0.5951252515625 0.10968492968750002 0.5537161015625001 0.0999718125 0.504612009375 0.0676066921875 0.423637490625 0.0155934546875 0.3744729671875 0 0.491183984375 0 0.752480940625
1 0 0.9414007375000001 0.0438047 0.9460300484375 0.0695309671875 0.8807438765625 0.07502336875 0.7719063203125 0.09770042031250001 0.6994012546875 0.0772899984375 0.729406528125 0.05154344843749999 0.7467787359375 0.0111162796875 0.7555038984375 0 0.752869078125 0 0.9414007375000001
1 0.3423069421875 0.07749690625 0.2950393203125 0.11789352187499999 0.2780264609375 0.1602938296875 0.2718170859375 0.2108651359375 0.28264085156249996 0.26695009375 0.3129158984375 0.31686775312500004 0.36540870625 0.354113290625 0.4394882 0.3597868609375 0.4543000421875 0.3513387828125 0.4676528875 0.33073369375 0.4760835640625 0.29412412187500003 0.48298963125 0.25390510312500003 0.48131351406249995 0.219476821875 0.3818405796875 0.08406215156249999 0.3423069421875 0.07749690625
1 0.36002033437500003 0 0.3934063671875 0.094037871875 0.42790689375 0.1496077234375 0.47292816875000004 0.1996248671875 0.50893301875 0.210890203125 0.5338516531249999 0.200260834375 0.546790540625 0.18302716562500002 0.587742609375 0.10592149375 0.5924273765625 0.0517407421875 0.5799477765625001 0.0091414640625 0.4949851890625 0 0.36002033437500003 0
1 0.6455309812500001 0.05997216875 0.5998535796875 0.095430665625 0.5436100984375 0.1929034 0.5083222234375 0.23990431406249998 0.4889568390625 0.285438015625 0.47680053750000007 0.352390371875 0.4913046 0.43459407656250004 0.515960784375 0.4581549625 0.5374162421875 0.443678121875 0.560265084375 0.4499058546875 0.5822657265625 0.41496246562500005 0.593897128125 0.41639062187500003 0.611475453125 0.401437728125 0.69276879375 0.2762404984375 0.7169704515624999 0.20734487812500002 0.72152399375 0.17025925625 0.7008558859375 0.082165328125 0.676199703125 0.05860444218750001 0.6455309812500001 0.05997216875
1 0.7812509328125 0.12454795625 0.746442628125 0.1596298859375 0.7101956109375 0.23046876875 0.6965147015625 0.29381167812500003 0.703198884375 0.383610840625 0.729965425 0.486142553125 0.764814296875 0.54688855 0.7898844390625 0.567078015625 0.811208671875 0.5696963015625001 0.86422638125 0.53856133125 0.885747453125 0.5155369249999999 0.902346353125 0.4765080359375 0.913109271875 0.3888511078125 0.9072530046875 0.29230910312499997 0.89033080625 0.22178635781249997 0.864760809375 0.1656019125 0.8177353546875 0.12389430781249999 0.7812509328125 0.12454795625
1 0.6106475359375 0.40818056875000003 0.5668430890625 0.45242465625 0.545953096875 0.4943489125 0.5512236140625 0.5155295375 0.5297681546875 0.5300063796875001 0.5102715453125 0.592635209375 0.5000538109375 0.659825590625 0.50477914375 0.7014727656249999 0.5203735734375 0.7427433734375 0.5554192828125 0.777846678125 0.5915553578125 0.7720168859375 0.641937809375 0.7302915999999999 0.68352095625 0.6720857796875 0.7096611828125 0.6034281874999999 0.7162845156250001 0.5494854609375001 0.708923925 0.4972479734375 0.6776694546875001 0.423254321875 0.6494844828125 0.40439352656249994 0.6106475359375 0.40818056875000003
1 0.392548640625 0.35744565625 0.3600928609375 0.38939419218750004 0.329247584375 0.4643185734375 0.311709825 0.5750993921875 0.314234140625 0.650698796875 0.363566790625 0.7457345328125 0.379312728125 0.8178239765624999 0.3959319125 0.8267090515625 0.4414780875 0.8083456828125 0.47517574375000005 0.7662828859374999 0.49384443593749994 0.7103968968750001 0.5055664953125001 0.5989019984375 0.5024767125 0.4958551796875 0.49346028750000004 0.45710337343749996 0.4678902921875 0.40091892656250006 0.43595941250000003 0.3644869515625 0.392548640625 0.35744565625
1 0.23481851874999998 0.6323921640625 0.20029294687500002 0.6811978015625 0.1828661296875 0.7269695296875 0.17722222031249998 0.8049882500000001 0.196779678125 0.886101309375 0.2305179 0.9398664390624999 0.264039 0.9713602968749999 0.32801170156250004 0.9792151562500001 0.3491188140625 0.9595621718749999 0.36295123125 0.9270381000000001 0.3735829234375 0.8564762984375 0.375218475 0.795076653125 0.331484403125 0.6784837234375 0.2844589484375 0.6367761187500001 0.23481851874999998 0.6323921640625
1 0.19410861875000002 0.6273936171875001 0.1473205671875 0.655871246875 0.092036228125 0.7295060140625 0.08097029375 0.7555252718750001 0.073236309375 0.80248713125 0.0805969015625 0.8547246171875 0.10117911406249999 0.90345214375 0.13829461406250002 0.9216983484375 0.18819749531250002 0.891892046875 0.1754148796875 0.787655096875 0.1796856875 0.736845765625 0.197940421875 0.684331196875 0.22824051406249998 0.6298733624999999 0.19410861875000002 0.6273936171875001
1 0.7446007125 0.5512511296875 0.720030425 0.5670566421875 0.68587348125 0.6689523859375 0.6461632890625 0.7359437953125 0.6363595125 0.79976275625 0.6351379203125 0.8577909796875 0.6578102078125 0.9375753687499999 0.6770646499999999 0.9570507562499999 0.70614315 0.9606211484375 0.753345159375 0.9287720984375 0.7938176578125 0.863585409375 0.8228555921874999 0.771327875 0.832376634375 0.6937852062500001 0.8290244015624999 0.62492864375 0.8130160140625 0.58702945625 0.770564384375 0.556150190625 0.7446007125 0.5512511296875
1 0.5728313968750001 1 0.57468924375 0.99752548125 0.5922472859375 0.934658625 0.5869564859375 0.8655640375000001 0.5637390156250001 0.806246196875 0.525578478125 0.7724715640625 0.49961480625 0.7675725015625 0.46805255625 0.7842306328124999 0.41982579218750005 0.848465215625 0.406690065625 0.891341575 0.3996527734375 0.948655721875 0.40514041093750003 0.9921076203125001 0.46941868906249995 1 0.5728313968750001 1
1 1 0.1562915359375 0.9846692125000001 0.1666358203125 0.9501436406250001 0.2154414578125 0.93313078125 0.257841765625 0.92692140625 0.308413071875 0.9338680390625 0.3640219796875 0.9518149921875001 0.40215919375000003 0.989627184375 0.4307576828125 1 0.43124246875 1 0.1562915359375
1 0.870945578125 1 0.892311165625 0.9749240859375 0.9167955593749999 0.919752175 0.9249435015625 0.8694188953124999 0.92270191875 0.8075431984374999 0.8956073140624999 0.74774930625 0.8697748687500001 0.725755115625 0.8457497640625 0.72109408125 0.829761659375 0.7311088578125 0.8140109578124999 0.8113088671875 0.798936665625 0.8539472015625 0.7705751390625 0.9086430609375 0.740406271875 0.9460057656249999 0.7532342171875 0.9937811875 0.7592265406250001 1 0.870945578125 1