1 0.848460653125 0.20304193593750003 0.854305690625 0.239946053125 0.8738506703125 0.28843663125 0.90021671875 0.323810078125 0.930943390625 0.343017009375 0.9626749953125 0.3311130578125 0.9766810140625 0.3134188640625 0.9331089140625 0.038315453124999996 0.894862315625 0.0340558796875 0.8692818250000001 0.053583290625 0.855472196875 0.0850027015625 0.848460653125 0.20304193593750003
1 0.8995178625 0.32564030625 0.8624147843750001 0.26617433749999997 0.8465604750000001 0.22225783593749998 0.8160879937500001 0.254596840625 0.7799668640624999 0.2637569453125 0.7260623453124999 0.22930608437500002 0.721060665625 0.2851235515625 0.73009390625 0.3421571859375 0.7387343671875 0.3717403890625 0.7607108921875 0.4043699890625 0.8163769999999999 0.4437004625 0.853757253125 0.4549754109375 0.8763748328125001 0.44795405937500005 0.8963066749999999 0.40524774687500004 0.9025674765625 0.3698653328125 0.8995178625 0.32564030625
1 0.85192603125 0.17498043593749998 0.8391732218750001 0.0944623640625 0.7969817640625 0.0340827765625 0.753617884375 0.0099992203125 0.7273096375 0.012446496875000001 0.7050559375 0.0280079171875 0.6891786421874999 0.083828371875 0.693290990625 0.1347632390625 0.713032359375 0.1969790328125 0.7360716171874999 0.236318471875 0.7629401312499999 0.25613647500000003 0.7838250203125 0.2631458734375 0.82659973125 0.2460537859375 0.847062940625 0.20670239218750003 0.85192603125 0.17498043593749998
0 0.7447179937499999 0.3845489953125 0.732219375 0.3555768640625 0.7194087640625 0.23723806718749998 0.689571421875 0.111278803125 0.6755076015625 0.0911522734375 0.6627029062500001 0.091460796875 0.6471316875 0.1180005953125 0.6455953875 0.1457565609375 0.6807464015625 0.3052650234375 0.7064713953124999 0.38028942187500003 0.7445794046875001 0.4086445046875 0.7411140265625 0.43670600625 0.7527174 0.453783153125 0.7662209515625 0.4516444 0.776172421875 0.4208360625 0.7447179937499999 0.3845489953125
0 0.6375729953125 0.17625936250000002 0.622839221875 0.176873421875 0.6133902171875001 0.1921263171875 0.6101212281249999 0.2339130328125 0.6398199828125 0.38396780937499997 0.6628303390625 0.4043968859375 0.665851053125 0.4297115515625 0.6856732078125 0.430011109375 0.6952897015625 0.4095730671875 0.688324128125 0.3281383875 0.6540972609375 0.199435275 0.6375729953125 0.17625936250000002
0 0.611206946875 0.140885915625 0.5840323546875 0.1503485671875 0.5561300078125 0.1427310859375 0.546461628125 0.2439957234375 0.5603349734374999 0.369044359375 0.581474053125 0.4275996953125 0.5950065046875 0.44437130468749997 0.610970503125 0.4452819359375 0.63076375625 0.4266711328125 0.618600115625 0.38732870625000004 0.6266514078125 0.37573626718750003 0.6096476625 0.26837883749999997 0.611206946875 0.140885915625
0 0.529354109375 0.2982914875 0.50544850625 0.2659674234375 0.49211244374999996 0.26292102812499996 0.479001671875 0.292510209375 0.48537807656250004 0.3327692453125 0.5001407515625 0.351065546875 0.499470796875 0.3718061359375 0.5183458203125 0.44103730468749996 0.5324096390624999 0.461163834375 0.559948109375 0.4602412484375 0.574092715625 0.41845154375 0.5613977078125 0.3757541984375 0.529354109375 0.2982914875
0 0.4941801109375 0.23851998281250003 0.4832177921875 0.181791884375 0.46180153593749995 0.17142756718750002 0.44569895 0.1946124453125 0.4400273171875 0.2711705015625 0.45689808750000005 0.336593121875 0.4501922109375 0.40016834375 0.469557040625 0.4366929234375 0.491507275 0.4491919140625 0.49801015 0.39190015312500004 0.48291762968749996 0.3297198625 0.4784703046875 0.2891552890625 0.4941801109375 0.23851998281250003
2 0.45432825625 0.5612272484374999 0.45958412656250003 0.5569557203125 0.438722221875 0.45020936406249995 0.369777853125 0.4456532203125 0.3149780875 0.399307371875 0.3065629171875 0.40235974218750004 0.2920544328125 0.43560938125000004 0.2863249984375 0.47434671249999993 0.300001953125 0.5856701328125 0.323405090625 0.6335496390625 0.34870840468750003 0.662213246875 0.38908047031250004 0.6798925 0.4103003375 0.676531603125 0.44656005624999995 0.6432759875 0.4561765484375 0.622837946875 0.45432825625 0.5612272484374999
2 0.2206750875 0.435606490625 0.15592385312499998 0.4200689796875 0.152516275 0.48595120625000005 0.1353669171875 0.6139551 0.1732265328125 0.673944746875 0.2079505125 0.6990069937500001 0.2624277953125 0.6680095671874999 0.26804754375 0.6722781046875 0.296839221875 0.573143253125 0.28229592187499997 0.468835209375 0.2611857421875 0.42919023437500003 0.2206750875 0.435606490625
2 0.5202348437500001 0.7588530046875 0.5240641 0.7393315703125001 0.4958786609375 0.6612577875000001 0.4790194171875 0.64845216875 0.4736249609375 0.6768192078124999 0.460623875 0.6634025171875 0.45777064999999995 0.6329027046875 0.4519834140625 0.6338193140625 0.42134344375 0.6713434671875 0.38136415625 0.68111464375 0.372810396875 0.7082625250000001 0.3803881234375 0.731135890625 0.42185182499999996 0.77443534375 0.4286728953125 0.7613182125 0.411981140625 0.7433274484375 0.41827084374999995 0.726855396875 0.4953532078125 0.7765501875 0.5202348437500001 0.7588530046875
2 0.2664058234375 0.68224669375 0.2654816765625 0.7268468218749999 0.236485146875 0.7404691015625 0.21294630468750003 0.685157115625 0.18307974375 0.685719959375 0.161829546875 0.66755339375 0.1686748296875 0.69564193125 0.17672858125 0.7263175484375 0.207313559375 0.7743714453125 0.24413296406249999 0.7837115234375001 0.265364628125 0.7664569875 0.2819934125 0.7277045234374999 0.3058569578125 0.7169790609375 0.320679509375 0.7021287765625 0.329995984375 0.67773170625 0.32307147187499996 0.6440989390625 0.297719746875 0.584906565625 0.2709394546875 0.657912578125 0.2664058234375 0.68224669375
2 0.3070490359375 0.7320712484375 0.29157774375 0.7629998515625 0.2697136328125 0.7838275359375 0.2548678015625 0.783400515625 0.273261925 0.83397060625 0.3040054984375 0.8742496328125 0.3401040703125 0.8909026921875001 0.3732090640625 0.879959078125 0.3924415484375 0.85260228125 0.390932246875 0.8153334593749999 0.40916585000000005 0.806888840625 0.4183469921875 0.7866807546875 0.3858185390625 0.737654709375 0.37281834687500004 0.7160976734375 0.343026190625 0.7423485921874999 0.32698137968749996 0.6990468625 0.3070490359375 0.7320712484375
2 0.401302640625 0.8782878265624999 0.4195778921875 0.920541675 0.4513599265625 0.944680696875 0.4816277515625 0.9516947765625 0.5202695359375 0.9434907421875 0.5456395109375001 0.916975121875 0.5627824046875001 0.871465896875 0.55729070625 0.8014874921875 0.5353384734375 0.7410620828125001 0.5166707734375 0.7669402437499999 0.49289809531250006 0.7908485859375001 0.46158026406249997 0.7923359 0.45006609375 0.79277038125 0.434272840625 0.8216662187500001 0.43985348437500005 0.8569010171875 0.433896678125 0.8772929890625001 0.42395764687500004 0.8649753718750001 0.401302640625 0.8782878265624999