1 0.37890625 0.735394021875 0.35546875 0.6810461953125 0.3291015625 0.645380434375 0.2919921875 0.631793478125 0.2646484375 0.6419836953125 0.23828125 0.67764945625 0.224609375 0.7184103265624999 0.216796875 0.75577445625 0.21875 0.8101222828125 0.23046875 0.8474864125 0.2548828125 0.8865489125 0.2900390625 0.9103260875 0.326171875 0.9086277171875 0.3525390625 0.8899456515624999 0.37890625 0.840692934375 0.38671875 0.7931385875 0.37890625 0.735394021875
1 0.544921875 0.7014266296875 0.533203125 0.65047554375 0.5048828125 0.5978260875 0.4716796875 0.5842391296875 0.4013671875 0.6351902171875 0.380859375 0.6810461953125 0.376953125 0.7252038046875 0.38671875 0.7965353265624999 0.4130859375 0.8559782609375001 0.4384765625 0.8865489125 0.478515625 0.8950407609375001 0.5126953125 0.8695652171875 0.533203125 0.8271059781250001 0.544921875 0.7523777171875 0.544921875 0.7014266296875
1 0.462890625 0.57235054375 0.4384765625 0.5434782609375 0.4130859375 0.53328804375 0.3779296875 0.540081521875 0.3447265625 0.5706521734375001 0.322265625 0.6402853265624999 0.376953125 0.7150135875 0.380859375 0.67764945625 0.3974609375 0.63858695625 0.4638671875 0.5876358703125 0.462890625 0.57235054375
1 0.681640625 0.748980978125 0.6630859375 0.7133152171875 0.6318359375 0.68953804375 0.5986328125 0.68953804375 0.5712890625 0.7065217390625 0.54296875 0.7659646734375001 0.541015625 0.8372961953125 0.546875 0.8610733703125 0.5732421875 0.9069293484375001 0.6025390625 0.9341032609375001 0.646484375 0.9425951093749999 0.6787109375 0.9137228265624999 0.693359375 0.8712635875 0.6953125 0.8135190218749999 0.681640625 0.748980978125
1 0.6650390625 0.7133152171875 0.673828125 0.670855978125 0.673828125 0.6233016296875 0.66015625 0.565557065625 0.6298828125 0.526494565625 0.5791015625 0.489130434375 0.5498046875 0.489130434375 0.5244140625 0.512907609375 0.5078125 0.5451766296875 0.5 0.5893342390625 0.53515625 0.6538722828125 0.552734375 0.7319972828125 0.5810546875 0.696331521875 0.6064453125 0.6861413046875 0.6357421875 0.68953804375 0.6650390625 0.7133152171875
0 0.68359375 0.5859375 0.6630859375 0.5638586953125 0.673828125 0.6165081515625 0.66796875 0.7184103265624999 0.69140625 0.7795516296875 0.693359375 0.8712635875 0.7109375 0.8746603265624999 0.724609375 0.8576766296875 0.73046875 0.83389945625 0.724609375 0.7659646734375001 0.68359375 0.5859375
0 0.728515625 0.565557065625 0.73046875 0.5451766296875 0.7060546875 0.540081521875 0.697265625 0.5485733703125 0.69140625 0.6131114125 0.728515625 0.786345109375 0.74609375 0.799932065625 0.767578125 0.7693614125 0.76953125 0.7319972828125 0.744140625 0.5893342390625 0.728515625 0.565557065625
0 0.826171875 0.6233016296875 0.8046875 0.551970109375 0.7919921875 0.5366847828125 0.7666015625 0.5366847828125 0.7578125 0.5485733703125 0.771484375 0.5859375 0.7685546875 0.5978260875 0.755859375 0.59952445625 0.771484375 0.735394021875 0.765625 0.799932065625 0.765625 0.840692934375 0.771484375 0.8474864125 0.7939453125 0.8288043484375001 0.8173828125 0.838994565625 0.83203125 0.7455842390625 0.826171875 0.6233016296875
0 0.8583984375 0.5298913046875 0.8330078125 0.5298913046875 0.8232421875 0.540081521875 0.81640625 0.5757472828125 0.849609375 0.684442934375 0.8857421875 0.7336956515625 0.904296875 0.7319972828125 0.912109375 0.7184103265624999 0.91015625 0.6742527171875 0.869140625 0.5451766296875 0.8583984375 0.5298913046875
0 0.9169921875 0.658967390625 0.91015625 0.643682065625 0.9169921875 0.6283967390625 0.9365234375 0.631793478125 0.9375 0.6165081515625 0.9150390625 0.5570652171875 0.8955078125 0.5502717390625 0.8828125 0.565557065625 0.880859375 0.5825407609375 0.888671875 0.619904890625 0.91015625 0.670855978125 0.9140625 0.708220109375 0.9033203125 0.7336956515625 0.88671875 0.735394021875 0.88671875 0.7965353265624999 0.8955078125 0.8186141296875 0.919921875 0.8271059781250001 0.931640625 0.8033288046875 0.9375 0.75577445625 0.9375 0.6674592390625 0.9169921875 0.658967390625
2 0.955078125 0.41270380468749995 0.95703125 0.44327445625 0.94921875 0.47724184843749995 0.951171875 0.579144021875 0.966796875 0.5893342390625 1 0.5689538046875 0.9990234375 0.34986412968749997 0.9638671875 0.37703804375 0.955078125 0.41270380468749995
2 1 0.2904211953125 0.9892578125 0.27513587031250003 0.9599609375 0.2649456515625 0.9306640625 0.2309782609375 0.8974609375 0.2445652171875 0.892578125 0.2564538046875 0.90625 0.2700407609375 0.908203125 0.29721467343749997 0.927734375 0.344769021875 0.9423828125 0.356657609375 0.9521484375 0.332880434375 0.9609375 0.3481657609375 0.9609375 0.3787364125 1 0.344769021875 1 0.2904211953125
2 0.8803373390625 0.21054994218749998 0.9024289609375 0.23730543750000002 0.9422727921874999 0.2263288234375 0.9738322875 0.2256428015625 0.9789607515625001 0.15909705937500002 1 0.15909705937500002 0.9884285390625 0.0767724375 0.9545022281250001 0.0664818265625 0.9047960375 0.061679559375000005 0.869291615625 0.0918652578125 0.8561518625 0.11916035625000002 0.8468053375 0.15703895625 0.8598236546875 0.1755619625 0.8803373390625 0.21054994218749998