1 0.72265625 0.385529890625 0.70703125 0.331182065625 0.6708984375 0.268342390625 0.6279296875 0.227581521875 0.5830078125 0.21399456562500002 0.5419921875 0.254755434375 0.525390625 0.2904211953125 0.517578125 0.3243885875 0.51953125 0.38892662968749997 0.5390625 0.4704483703125 0.5791015625 0.5570652171875 0.6123046875 0.5876358703125 0.642578125 0.5893342390625 0.6767578125 0.5706521734375001 0.708984375 0.5044157609375 0.724609375 0.44667119531250005 0.72265625 0.385529890625
1 0.517578125 0.4194972828125 0.515625 0.307404890625 0.498046875 0.23607337031250003 0.4677734375 0.1936141296875 0.4248046875 0.17663043437499998 0.404296875 0.1919157609375 0.38671875 0.25985054375 0.330078125 0.3617527171875 0.32421875 0.42629076093749996 0.33203125 0.5315896734375001 0.3515625 0.606317934375 0.3837890625 0.6487771734375001 0.41015625 0.65047554375 0.4462890625 0.631793478125 0.484375 0.5757472828125 0.505859375 0.52139945625 0.517578125 0.4194972828125
1 0.328125 0.630095109375 0.326171875 0.5621603265624999 0.302734375 0.4806385875 0.2763671875 0.434782609375 0.2509765625 0.4177989125 0.2060546875 0.424592390625 0.1689453125 0.45176630468749995 0.130859375 0.528192934375 0.115234375 0.5961277171875 0.11328125 0.65047554375 0.125 0.7184103265624999 0.1767578125 0.7438858703125 0.2021484375 0.788043478125 0.21484375 0.786345109375 0.2587890625 0.7574728265624999 0.2900390625 0.7201086953125 0.314453125 0.6810461953125 0.328125 0.630095109375
1 0.111328125 0.3209918484375 0.0830078125 0.2853260875 0.0146484375 0.278532609375 0 0.28702445625 0.001953125 0.670855978125 0.0673828125 0.61141304375 0.115234375 0.501019021875 0.126953125 0.4059103265625 0.111328125 0.3209918484375
1 0.400390625 0.096807065625 0.392578125 0.0628396734375 0.3681640625 0.030570651562500002 0.3349609375 0.0237771734375 0.2802734375 0.057744565625 0.228515625 0.13077445625 0.208984375 0.188519021875 0.203125 0.2768342390625 0.220703125 0.33797554375 0.2509765625 0.383831521875 0.2890625 0.3821331515625 0.3447265625 0.3396739125 0.376953125 0.280230978125 0.400390625 0.21569293437499998 0.400390625 0.096807065625
1 0.1748046875 0.7438858703125 0.1181640625 0.7269021734375001 0.0751953125 0.7710597828125 0.03125 0.8678668484375001 0.017578125 0.9052309781250001 0.01171875 0.9935461953125 0.166015625 0.996942934375 0.19921875 0.8882472828125 0.201171875 0.7965353265624999 0.193359375 0.7693614125 0.1748046875 0.7438858703125
1 0.47265625 0.7252038046875 0.462890625 0.6742527171875 0.4521484375 0.6555706515625 0.3662109375 0.6555706515625 0.3037109375 0.703125 0.275390625 0.748980978125 0.26171875 0.8135190218749999 0.263671875 0.8576766296875 0.271484375 0.88485054375 0.3076171875 0.9307065218749999 0.33984375 0.9358016296875 0.3720703125 0.9205163046875 0.4033203125 0.8695652171875 0.466796875 0.7931385875 0.47265625 0.7252038046875
1 0.6796875 0.7048233703125 0.6455078125 0.6419836953125 0.6005859375 0.580842390625 0.5751953125 0.5570652171875 0.5263671875 0.5570652171875 0.5107421875 0.5434782609375 0.48828125 0.5757472828125 0.474609375 0.643682065625 0.486328125 0.7319972828125 0.5751953125 0.8967391296875 0.6220703125 0.9341032609375001 0.65234375 0.9358016296875 0.6796875 0.9086277171875 0.70703125 0.8135190218749999 0.701171875 0.7693614125 0.6796875 0.7048233703125
1 0.908203125 0.619904890625 0.91015625 0.5451766296875 0.900390625 0.4806385875 0.8798828125 0.4449728265625 0.8251953125 0.411005434375 0.7978515625 0.4144021734375 0.7724609375 0.434782609375 0.740234375 0.487432065625 0.701171875 0.606317934375 0.689453125 0.6946331515625 0.69921875 0.7591711953125 0.7255859375 0.8186141296875 0.7607421875 0.859375 0.796875 0.8610733703125 0.8310546875 0.8355978265624999 0.869140625 0.776154890625 0.892578125 0.708220109375 0.908203125 0.619904890625
1 0.845703125 0.2258831515625 0.830078125 0.14096467343750002 0.7919921875 0.061141304687499995 0.7529296875 0.0271739125 0.7158203125 0.0237771734375 0.685546875 0.056046195312500005 0.666015625 0.1137907609375 0.6640625 0.24626358750000002 0.712890625 0.344769021875 0.7275390625 0.4144021734375 0.7490234375 0.4313858703125 0.771484375 0.4296875 0.8173828125 0.397418478125 0.837890625 0.3617527171875 0.845703125 0.32778532656250003 0.845703125 0.2258831515625
1 0.4443359375 0 0.43359375 0.0798233703125 0.4453125 0.1477581515625 0.4970703125 0.22078804375 0.541015625 0.2258831515625 0.5791015625 0.20040760937500002 0.611328125 0.13756793437499998 0.623046875 0.08322010937499999 0.6171875 0.008491848437500001 0.6123046875 0 0.4443359375 0
1 0.20703125 0.1953125 0.224609375 0.1341711953125 0.1845703125 0.10190217343750001 0.1396484375 0.11209239062500001 0.119140625 0.1443614125 0.1015625 0.20889945625 0.099609375 0.2428668484375 0.111328125 0.2904211953125 0.1630859375 0.36684782656250003 0.2080078125 0.390625 0.234375 0.39232337031250003 0.24609375 0.3821331515625 0.216796875 0.331182065625 0.201171875 0.2632472828125 0.20703125 0.1953125
1 0.08984375 0.10360054375000001 0.0458984375 0.016983695312499998 0.0009765625 0.006793478125 0 0.280230978125 0.0732421875 0.278532609375 0.111328125 0.31419837031250003 0.11328125 0.3006114125 0.099609375 0.253057065625 0.103515625 0.161345109375 0.08984375 0.10360054375000001
1 0.5029296875 0.7914402171875 0.4619140625 0.8050271734375001 0.4169921875 0.8559782609375001 0.37890625 0.91202445625 0.34375 0.9935461953125 0.552734375 0.996942934375 0.572265625 0.9391983703125 0.5703125 0.8984375 0.5302734375 0.8118206515624999 0.5029296875 0.7914402171875
1 0.939453125 0.032269021875 0.9228515625 0 0.7783203125 0.0033967390625 0.771484375 0.0288722828125 0.826171875 0.1273777171875 0.84765625 0.24626358750000002 0.869140625 0.253057065625 0.9052734375 0.234375 0.943359375 0.161345109375 0.94921875 0.0798233703125 0.939453125 0.032269021875
1 1 0.5383831515625 0.9931640625 0.5366847828125 0.9560546875 0.56046195625 0.931640625 0.59952445625 0.919921875 0.643682065625 0.91796875 0.6946331515625 0.927734375 0.7387907609375 0.9560546875 0.7914402171875 0.9775390625 0.8152173906250001 1 0.8203125 1 0.5383831515625