2 0.169835340625 0.864968896875 0.195662415625 0.909236696875 0.2469737484375 0.9247444171874999 0.2946280421875 0.9096311703125 0.3223929828125 0.8638541500000001 0.334065484375 0.811981678125 0.310277228125 0.7760231171875 0.3227758125 0.759900090625 0.3084312890625 0.742805953125 0.2706958453125 0.7622302984375 0.234002434375 0.7652179718750001 0.2132852671875 0.7847538968750001 0.2076642765625 0.817317753125 0.16595593749999998 0.8233099671874999 0.169835340625 0.864968896875
2 0.10370114687500001 0.8378344609375 0.11502025468749999 0.789929971875 0.1257767203125 0.816351453125 0.15496905625 0.8085755499999999 0.1645112953125 0.7674021828125 0.1920550109375 0.7739439124999999 0.20061959843750002 0.7482310421875 0.1887137421875 0.72613409375 0.1697295875 0.6624938703125001 0.1301139765625 0.644566121875 0.10503959843749999 0.6595888750000001 0.083493921875 0.6976461109375001 0.042024925000000005 0.7009046203125 0.0421450328125 0.7312161500000001 0.0590446890625 0.796051325 0.10370114687500001 0.8378344609375
2 0 0.6911330890625 0.04079555625 0.7007710578124999 0.07480479375 0.6521230609375 0.093215625 0.6544224421875 0.11084049062500001 0.6566531 0.1338041984375 0.615965275 0.135614859375 0.5816907359375 0.11200061718750001 0.5438144859375 0.09851095625 0.5667373796875 0.064116346875 0.6022931609375 0.0592726546875 0.62597244375 0.042229340625 0.662357584375 0.0188204765625 0.649291034375 0.0051249125 0.615725878125 0 0.610800015625 0 0.6911330890625
2 0 0.5993221703125 0.0103105515625 0.6017176937500001 0.0593063625 0.5984289781250001 0.0864565671875 0.5732580140625 0.1197899625 0.5068190109375 0.12966636874999998 0.432419928125 0.1187980203125 0.352961946875 0.07475725625 0.353929528125 0.0359021390625 0.34088885156250004 0.015688346875000002 0.3184606484375 0.0085986359375 0.3949702171875 0 0.493253071875 0 0.5993221703125
2 0.2706905328125 0.7568068078125 0.30330184375 0.7426113578125 0.3094982796875 0.7278097609375 0.30065795156249997 0.716807190625 0.29160540625000003 0.641001484375 0.27804886875 0.6278814421875001 0.27350208125000003 0.6462370765625 0.2643023953125 0.65054678125 0.2585286296875 0.6381076421875 0.26313872968749996 0.607823546875 0.2573016515625 0.60731286875 0.2165482125 0.6361396890625 0.17958005 0.63290539375 0.1686040921875 0.6575179765625 0.17672570468749998 0.6991450953125 0.2001801265625 0.7335893765625 0.20997190312499997 0.7225120453125 0.201131575 0.711509475 0.20538231875 0.6965376531249999 0.2389245609375 0.716520790625 0.2706905328125 0.7568068078125
2 0.2811564625 0.5139278984375 0.2861464375 0.412073040625 0.2781309328125 0.40284749062499997 0.2616772546875 0.411637121875 0.228600478125 0.4087432796875 0.16995416562500001 0.3507618234375 0.1500745671875 0.376300296875 0.1351439125 0.41250088749999997 0.1223711671875 0.5136748421874999 0.13260789374999998 0.5759452921875 0.153820578125 0.6136031609375 0.17958005 0.63290539375 0.2126568265625 0.6357992375 0.2519933515625 0.6119630234375 0.2668606953125 0.587690890625 0.2811564625 0.5139278984375
0 0.6205486859375 0.4893991671875 0.5942432796875 0.450598715625 0.5855011703125 0.39669139531250003 0.59112603125 0.3323989390625 0.6033494828125 0.282322640625 0.592520665625 0.226819815625 0.59573436875 0.14526783906250001 0.5810569625 0.13375458906249998 0.565724153125 0.140937428125 0.552802503125 0.1653797875 0.546881596875 0.2330560578125 0.5587269390625 0.41139752500000004 0.5655582609375001 0.4341583296875 0.5899290421875001 0.459173921875 0.5810359390625 0.4838762484375 0.5929968296875 0.5055824531249999 0.6098443984374999 0.5166976453125 0.6205486859375 0.4893991671875
0 0.5238392671875001 0.20510634218749998 0.5093312812499999 0.21406619999999998 0.4982920109375 0.2506072453125 0.49888586718749994 0.4006866203125 0.5117870015625 0.4325027515625 0.5121891546875 0.46152050468750005 0.539428853125 0.4639036703125 0.55619909375 0.3954717359375 0.5481185125 0.241327640625 0.541583234375 0.2151830234375 0.5238392671875001 0.20510634218749998
0 0.517131053125 0.1697335890625 0.514952628125 0.161018715625 0.49655325625 0.169638121875 0.46324374687500003 0.1581996328125 0.432959765625 0.25784155000000003 0.42259817968749996 0.376275025 0.42517875937499994 0.41400765 0.43831262656250003 0.454368428125 0.46885162031250005 0.463859671875 0.48088513437499997 0.449568753125 0.4744131703125 0.411495675 0.4872715078125 0.398981778125 0.4920920609375 0.2766538125 0.517131053125 0.1697335890625
0 0.35724716875 0.271675840625 0.3523410234375 0.30534375156250004 0.36638530625 0.43614160156250004 0.375162321875 0.459072634375 0.4082391 0.4619664765625 0.41832692031249996 0.447505334375 0.4220060890625 0.3830426515625 0.40411321562499997 0.296234375 0.37623863125 0.25628880781249996 0.35724716875 0.271675840625
0 0.3511568421875 0.31887900468749997 0.3575432140625 0.26829202812499997 0.3751177609375 0.25789560312500004 0.384444071875 0.2297289796875 0.3852894109375 0.1752475109375 0.3631252796875 0.15966954375 0.3505629859375 0.168799628125 0.3325024578125 0.2183652484375 0.3230160375 0.2909442265625 0.326980703125 0.327101403125 0.317523384375 0.331094565625 0.311176740625 0.3945846359375 0.32728990625 0.4276726625 0.346546496875 0.42935739531249995 0.3589081625 0.396694590625 0.3511568421875 0.31887900468749997
1 0.7432576140625 0.4759330859375 0.7541274625 0.418918934375 0.7346277375 0.37288664531250004 0.727224840625 0.30063497968749997 0.7216838078125 0.29674048750000004 0.6786886296875 0.3287808953125 0.636179434375 0.3216521078125 0.605767065625 0.28830394375 0.5907730984375 0.336432996875 0.5902666 0.43186067968749997 0.6164282265625001 0.480180665625 0.6543273203125 0.5175935484374999 0.6728961124999999 0.52944725 0.7107524109375001 0.5225301046874999 0.7432576140625 0.4759330859375
1 0.7446076859375 0.16917693125 0.7176845484375 0.10715146406250001 0.6794894078125 0.0731223953125 0.6592076578125 0.0696431140625 0.631904646875 0.0791884109375 0.601049090625 0.1293394671875 0.59229435625 0.206996953125 0.5968206281249999 0.24489980625 0.6113080984375 0.2921984359375 0.6400708203125001 0.3219925609375 0.670905859375 0.328099990625 0.7054628625 0.3140747671875 0.739152246875 0.2539424953125 0.7446076859375 0.16917693125
1 0.8918900109375001 0.3457287421875 0.898572428125 0.2917579515625 0.89417278125 0.229998178125 0.8658960406249999 0.161034859375 0.8387829671875 0.13479477499999998 0.8065310140624999 0.13367795 0.7805816046875 0.1501611 0.7592850921875 0.1806901796875 0.72781693125 0.2938673515625 0.731920534375 0.3590109390625 0.7585476265625 0.42442021875 0.7748746796875 0.439487509375 0.8001686859375001 0.4417004484375 0.854013196875 0.4089043765625 0.8769593562500001 0.381929334375 0.8918900109375001 0.3457287421875
1 0.8990378953124999 0.3088472453125 0.891593965625 0.34911255625000004 0.866871534375 0.396390478125 0.787077615625 0.44566969843750004 0.7978003234375 0.4687709546875 0.8288047828125 0.49535149218749996 0.8741478078125 0.492499065625 0.9057015609375 0.46798194843749996 0.9228106421875 0.44049622812499994 0.938629434375 0.3941441953125 0.8990378953124999 0.3088472453125
1 1 0.131960765625 0.9998100000000001 0.1318342421875 0.973395125 0.1312280984375 0.94579606875 0.14415720781250002 0.9158286500000001 0.184156825 0.900009859375 0.23050885625 0.8978109171875 0.27805247187500004 0.9105854265625 0.3337255234375 0.9381006546874999 0.3889833625 0.96969720625 0.4087962734375 0.9975289953124999 0.4044118109375 1 0.40247286718749997 1 0.131960765625