1 0.1875 0.4976222828125 0.1318359375 0.4177989125 0.0986328125 0.4144021734375 0.076171875 0.4398777171875 0.05078125 0.5112092390625 0.044921875 0.5485733703125 0.046875 0.6266983703125 0.0625 0.6810461953125 0.0869140625 0.723505434375 0.1025390625 0.737092390625 0.146484375 0.735394021875 0.1748046875 0.709918478125 0.1953125 0.6640625 0.1953125 0.5349864125 0.1875 0.4976222828125
1 0.234375 0.188519021875 0.1923828125 0.1154891296875 0.1455078125 0.06453804375 0.0966796875 0.061141304687499995 0.0625 0.10699728281250001 0.046875 0.1545516296875 0.044921875 0.2055027171875 0.052734375 0.24626358750000002 0.099609375 0.358355978125 0.1572265625 0.45176630468749995 0.1865234375 0.489130434375 0.216796875 0.4976222828125 0.27734375 0.409307065625 0.283203125 0.3515625 0.275390625 0.3006114125 0.234375 0.188519021875
1 0.388671875 0.5349864125 0.3974609375 0.5298913046875 0.404296875 0.5044157609375 0.4296875 0.4670516296875 0.4296875 0.409307065625 0.419921875 0.3787364125 0.4013671875 0.35326087031250003 0.3681640625 0.332880434375 0.3212890625 0.34986412968749997 0.2822265625 0.40421195625 0.216796875 0.52139945625 0.19921875 0.59952445625 0.203125 0.6640625 0.2158203125 0.6929347828125 0.2431640625 0.71671195625 0.275390625 0.7252038046875 0.3232421875 0.696331521875 0.3525390625 0.6521739125 0.38671875 0.579144021875 0.388671875 0.5349864125
1 0.365234375 0.1341711953125 0.359375 0.10699728281250001 0.34375 0.0492527171875 0.3212890625 0.0033967390625 0.2431640625 0.0033967390625 0.216796875 0.056046195312500005 0.21484375 0.1443614125 0.25390625 0.23267662968749997 0.28125 0.3209918484375 0.2998046875 0.3396739125 0.322265625 0.344769021875 0.3603515625 0.32608695625 0.37109375 0.3006114125 0.36328125 0.2190896734375 0.365234375 0.1341711953125
1 0.603515625 0.5247961953125 0.595703125 0.487432065625 0.5673828125 0.4279891296875 0.5458984375 0.411005434375 0.5029296875 0.4144021734375 0.4423828125 0.4585597828125 0.41796875 0.49422554375 0.427734375 0.5180027171875 0.423828125 0.5451766296875 0.4130859375 0.5570652171875 0.3955078125 0.553668478125 0.388671875 0.5757472828125 0.388671875 0.6402853265624999 0.400390625 0.684442934375 0.4462890625 0.7506793484375 0.4658203125 0.7642663046875 0.4921875 0.762567934375 0.5458984375 0.7201086953125 0.5859375 0.6402853265624999 0.599609375 0.592730978125 0.603515625 0.5247961953125
1 0.634765625 0.24626358750000002 0.6259765625 0.2105978265625 0.5849609375 0.18002717343750002 0.5302734375 0.0951086953125 0.5048828125 0.078125 0.4775390625 0.0747282609375 0.4267578125 0.09171195625 0.37890625 0.1443614125 0.365234375 0.1987092390625 0.3671875 0.24626358750000002 0.3828125 0.3040081515625 0.4111328125 0.3600543484375 0.4658203125 0.40760869531250005 0.5439453125 0.40760869531250005 0.5625 0.41610054375 0.5966796875 0.3940217390625 0.625 0.32778532656250003 0.634765625 0.2768342390625 0.634765625 0.24626358750000002
1 0.787109375 0.422894021875 0.775390625 0.3549592390625 0.7490234375 0.305706521875 0.7255859375 0.2819293484375 0.6826171875 0.27513587031250003 0.6494140625 0.2955163046875 0.626953125 0.32778532656250003 0.603515625 0.3991168484375 0.6015625 0.46025815156250005 0.6171875 0.528192934375 0.6396484375 0.5706521734375001 0.6669921875 0.6012228265624999 0.703125 0.6097146734375001 0.7314453125 0.591032609375 0.767578125 0.528192934375 0.78515625 0.4704483703125 0.787109375 0.422894021875
1 0.89453125 0.7048233703125 0.88671875 0.65047554375 0.861328125 0.57235054375 0.8349609375 0.53328804375 0.8076171875 0.5230978265624999 0.7509765625 0.5638586953125 0.73046875 0.5961277171875 0.71875 0.65047554375 0.71875 0.7252038046875 0.72265625 0.7727581515625 0.7421875 0.8508831515624999 0.7666015625 0.8865489125 0.82421875 0.9086277171875 0.8564453125 0.8899456515624999 0.880859375 0.8508831515624999 0.892578125 0.786345109375 0.89453125 0.7048233703125
1 0.71484375 0.8271059781250001 0.71484375 0.7795516296875 0.703125 0.7319972828125 0.6806640625 0.6997282609375 0.6357421875 0.6725543484375 0.6005859375 0.6759510875 0.5615234375 0.696331521875 0.5341796875 0.737092390625 0.4951171875 0.7710597828125 0.48046875 0.8305027171875 0.484375 0.8950407609375001 0.5185546875 0.9918478265624999 0.623046875 0.996942934375 0.6513671875 0.9782608703125 0.68359375 0.9358016296875 0.701171875 0.8950407609375001 0.71484375 0.8271059781250001
1 0.4423828125 0.79483695625 0.3662109375 0.71671195625 0.3271484375 0.6997282609375 0.3017578125 0.7065217390625 0.2822265625 0.7269021734375001 0.236328125 0.8101222828125 0.228515625 0.8712635875 0.232421875 0.9018342390624999 0.265625 0.99014945625 0.2744140625 0.9986413046875 0.478515625 0.996942934375 0.486328125 0.9799592390624999 0.490234375 0.9256114125 0.474609375 0.8576766296875 0.4423828125 0.79483695625
1 0 0.9833559781250001 0.0068359375 0.995244565625 0.158203125 0.996942934375 0.189453125 0.9527853265624999 0.201171875 0.91202445625 0.201171875 0.8203125 0.1826171875 0.76766304375 0.1552734375 0.7438858703125 0.0595703125 0.7336956515625 0.0263671875 0.7506793484375 0 0.7829483703125 0 0.9833559781250001
1 0.712890625 0.0696331515625 0.6982421875 0 0.513671875 0.0016983703124999999 0.533203125 0.0934103265625 0.5615234375 0.1460597828125 0.6083984375 0.20040760937500002 0.63671875 0.2055027171875 0.6865234375 0.1936141296875 0.705078125 0.1647418484375 0.712890625 0.123980978125 0.712890625 0.0696331515625
1 0.916015625 0.14096467343750002 0.9140625 0.07302989062500001 0.8818359375 0.0033967390625 0.7724609375 0.0033967390625 0.740234375 0.045855978125 0.716796875 0.10699728281250001 0.705078125 0.1783288046875 0.705078125 0.20889945625 0.716796875 0.2564538046875 0.7626953125 0.3158967390625 0.802734375 0.3243885875 0.8369140625 0.3091032609375 0.8662109375 0.27513587031250003 0.908203125 0.18172554375 0.916015625 0.14096467343750002
1 0.962890625 0.41610054375 0.962890625 0.3617527171875 0.953125 0.3243885875 0.9345703125 0.292119565625 0.9189453125 0.2819293484375 0.8720703125 0.2853260875 0.8349609375 0.3125 0.8095703125 0.33627717343749997 0.78515625 0.38892662968749997 0.78515625 0.5180027171875 0.8330078125 0.5298913046875 0.8642578125 0.5740489125 0.875 0.57235054375 0.9072265625 0.5502717390625 0.931640625 0.5180027171875 0.951171875 0.4704483703125 0.962890625 0.41610054375
1 1 0.657269021875 0.994140625 0.6029211953125 0.982421875 0.57235054375 0.9560546875 0.540081521875 0.9287109375 0.526494565625 0.8720703125 0.5774456515625 0.869140625 0.5893342390625 0.892578125 0.6810461953125 0.892578125 0.7931385875 0.9111328125 0.8050271734375001 0.935546875 0.8033288046875 0.9599609375 0.7914402171875 0.990234375 0.748980978125 1 0.7184103265624999 1 0.657269021875