1 0.9324175531250001 0.8784817968749999 0.958796290625 0.8503701546875 0.9868582140625 0.7865122328124999 0.9946026328125 0.7284620296875 0.9886835062499999 0.670888965625 0.9643988125 0.6190554578125 0.9101554828125 0.576765153125 0.8884471062499999 0.5707256046875 0.8532253890625 0.597446646875 0.831580334375 0.6491846531250001 0.823598825 0.7004455187499999 0.8475043234375 0.8253666734375 0.8672924249999999 0.8603631593750001 0.8963660250000001 0.8814401484375001 0.9324175531250001 0.8784817968749999
1 0.75146410625 0.6774734453125 0.7868360296875 0.68303585 0.8191338937499999 0.7124972703125 0.8314617890625 0.6457899828125 0.8532253890625 0.597446646875 0.85203994375 0.5634999484375001 0.8389058 0.5231728875 0.8091209328125 0.48172787812499995 0.777771425 0.47942381718749993 0.711231859375 0.5327295750000001 0.693696103125 0.5622318187500001 0.68559605 0.6100980109374999 0.6854222828125 0.6610862234375 0.69914915 0.718386634375 0.75146410625 0.6774734453125
1 1 0.5480851171875 0.9969256671875 0.5431457843749999 0.9688873078125001 0.5237320484375 0.9336339296875 0.5215643140624999 0.901162296875 0.5430911046875 0.8874118671875 0.569062353125 0.91210741875 0.5766969890625 0.9623283328125 0.6157289515625 0.9841869140625 0.6540519421875 0.995961846875 0.7114205171875 1 0.70379341875 1 0.5480851171875
1 0.7643773578124999 0.9353320343749999 0.781589140625 0.92453455625 0.8099198140625001 0.8963547515625001 0.8327186531249999 0.84967466875 0.839103859375 0.8086659765625 0.8333032781249999 0.754487584375 0.82454718125 0.7276028765625 0.800855209375 0.69274271875 0.7750058734375 0.680050159375 0.7380376484375 0.6847399265624999 0.7115403671875 0.7094569 0.6943602453125 0.749143153125 0.6850195234374999 0.8174455296875 0.6910571937500001 0.8784132625 0.7191272140625 0.9267157750000001 0.736015025 0.9346230640625001 0.7643773578124999 0.9353320343749999
0 0.6844901218749999 0.8582497328124999 0.6839526234375 0.7868935015625 0.6956009125 0.7287069703125 0.685777915625 0.671270234375 0.6883144765625 0.5760149875 0.717767271875 0.524004328125 0.710164959375 0.5021775453124999 0.698216259375 0.4957971828125 0.688575128125 0.49953266718749995 0.6786100234375 0.5219729203125001 0.6888438765625 0.535210784375 0.6873661203125 0.548857628125 0.665452315625 0.5649175171875 0.6536538203125 0.5908206015624999 0.642835340625 0.672769821875 0.63758035625 0.8021080953125 0.64923674375 0.8560819984375 0.6633744671875 0.8691835359375 0.6844901218749999 0.8582497328124999
0 0.62642980625 0.790601646875 0.6394689703124999 0.7442623796875 0.648983459375 0.624971790625 0.6476794703125 0.5876304203125 0.6332729953125 0.5388507671875 0.6078978390625001 0.5397368874999999 0.6097628890625 0.56516283125 0.593025284375 0.5895389875 0.5887186546875001 0.74603461875 0.5934523359375 0.7696609828125001 0.60794569375 0.7929465312499999 0.62642980625 0.790601646875
0 0.571127675 0.8299197453125 0.6054643578125 0.8338188953125 0.5812032265625 0.6987137296875 0.58166930625 0.600131975 0.5696020609375 0.59035694375 0.5740353328125 0.5494164171875 0.556910434375 0.5347197875 0.5412949515625 0.5352650921875 0.5274259781249999 0.5578416703125 0.5157776875 0.6160281999999999 0.5160780968750001 0.6805950921874999 0.52673090625 0.7617945171875 0.5529991953125 0.8424486390625001 0.571127675 0.8299197453125
0 0.4777823203125 0.7312151484375 0.4951995328125 0.6983182343750001 0.513944296875 0.6194910328125001 0.515714365625 0.5582506484375 0.5000672234375 0.5299071765625001 0.47652545625 0.5273304640625 0.459345334375 0.5670167171875 0.4562160515625 0.645298615625 0.44716764218750005 0.6660074500000001 0.448827265625 0.7135328296875 0.46722449375 0.7366820515625 0.4777823203125 0.7312151484375
0 0.4437016765625 0.8311125687500001 0.46358197343749996 0.8352234890625001 0.47620766875 0.8011461984375 0.46656205 0.7397019203124999 0.44800661406250003 0.7170104015625001 0.4451478265625 0.6690582203125001 0.45378993906250004 0.6317880984375 0.45591564218749997 0.5807317234375 0.4484318734375 0.562299609375 0.4228196265625 0.5563963890625 0.41261743281249996 0.5720473015625 0.40013933125 0.6064711421875 0.4320273140625 0.8020025703125 0.4437016765625 0.8311125687500001
2 0.314222521875 0.580581540625 0.3755306640625 0.5733424 0.38008248125 0.535796540625 0.364229909375 0.52955250625 0.378659946875 0.49506050312500005 0.379900615625 0.4746243203125 0.3632182328125 0.44461759531249995 0.3727408203125 0.4374874390625 0.3739814890625 0.41705125781249996 0.3671773265625 0.3900983859375 0.353837753125 0.3718707625 0.31385069374999996 0.34607666406250004 0.2884755359375 0.346962784375 0.2560039046875 0.3684895765625 0.23113458437499998 0.41184315312499997 0.22096405156249999 0.4563828390625 0.22635377656250003 0.554760103125 0.24605499531250002 0.6152506953125 0.2662856140625 0.634937084375 0.314222521875 0.580581540625
2 0.36682169375 0.3799143765625 0.3638028578125 0.3494305109375 0.370219725 0.3373105953125 0.37906270625 0.338701196875 0.382642603125 0.3572696375 0.3968672125 0.34487706875 0.408041325 0.27311185781249997 0.41537488749999996 0.2592605265625 0.40800966406250005 0.2442230828125 0.37630452187499996 0.2317350125 0.31195398124999996 0.2917619453125 0.3066592375 0.2800510078125 0.3137557125 0.2594103375 0.3028422515625 0.254693228125 0.2776172984375 0.28786279375 0.271113546875 0.3254768171875 0.28261972968750004 0.3471672734375 0.3177545640625 0.3459403375 0.3609658875 0.38011886562499997 0.36682169375 0.3799143765625
2 0.17527914218750001 0.3901704125 0.13916098125 0.361914046875 0.092484375 0.3704086203125 0.05296965 0.45965494375000004 0.0608579203125 0.5046856515625 0.092774853125 0.59349691875 0.10535902500000001 0.648660471875 0.12238375937499998 0.650125275 0.14327758125 0.626742596875 0.178915196875 0.6186336296875 0.21646497656250002 0.6200681218749999 0.22574034843750002 0.512657009375 0.203370125 0.43724142656250004 0.17527914218750001 0.3901704125
2 0.20457998906250002 0.313636953125 0.18689925624999998 0.32729707812500003 0.1594787453125 0.2994234234375 0.1506838015625 0.2736451875 0.1109360703125 0.2770926046875 0.0796256703125 0.31868693124999997 0.0690462421875 0.4000582578125 0.08892493125 0.3815162609375 0.11158735156249999 0.3635634171875 0.135502715625 0.32497313125 0.15657691093749998 0.3180590921875 0.165695796875 0.36441970625 0.1731403265625 0.38543990781250004 0.2024379 0.43315530156250004 0.224540090625 0.4330698796875 0.23662780312499998 0.394892696875 0.223374853125 0.3431847390625 0.20457998906250002 0.313636953125
2 0.2620020953125 0.20591739687500002 0.25920406093750004 0.171005834375 0.229861740625 0.167225259375 0.2216526671875 0.1469182375 0.181081253125 0.16069124375 0.155362178125 0.20414971249999997 0.1413159390625 0.25406510625 0.1791179203125 0.2740251640625 0.188187396875 0.2963615375 0.21646822187499998 0.32626450625 0.22677947656250003 0.3389470921875 0.23923757656250003 0.3000704609375 0.2717578734375 0.304426496875 0.288217459375 0.25579974375000003 0.3084670890625 0.23437860000000002 0.29237241406250003 0.21652662656250002 0.2620020953125 0.20591739687500002
2 0.3919301296875 0.08330965781250001 0.36681594375 0.064965871875 0.33893097499999997 0.0577021484375 0.2941553703125 0.08672402812499999 0.2674211609375 0.1350231203125 0.2706836578125 0.1493247890625 0.30613125625 0.158383759375 0.3139939734375 0.18007583437500002 0.320721928125 0.20318041562500003 0.3400897953125 0.22653004375000002 0.3980338296875 0.2354898984375 0.4220960765625 0.24631944374999998 0.43299791875000004 0.1628774625 0.434132678125 0.1614648796875 0.4212980046875 0.1104288484375 0.3919301296875 0.08330965781250001