1 0.376953125 0.293817934375 0.3828125 0.22927989062499998 0.375 0.17153532656249998 0.36328125 0.1273777171875 0.3447265625 0.098505434375 0.3056640625 0.09171195625 0.2646484375 0.12228260937499999 0.208984375 0.22248641249999998 0.197265625 0.2632472828125 0.19140625 0.36514945625 0.201171875 0.4059103265625 0.2255859375 0.45176630468749995 0.259765625 0.47724184843749995 0.2919921875 0.46535326093749996 0.3291015625 0.424592390625 0.357421875 0.36514945625 0.376953125 0.293817934375
1 0.51953125 0.41610054375 0.505859375 0.31419837031250003 0.484375 0.253057065625 0.4541015625 0.2173913046875 0.4033203125 0.2105978265625 0.384765625 0.2258831515625 0.373046875 0.31419837031250003 0.330078125 0.4296875 0.330078125 0.4840353265625 0.333984375 0.52139945625 0.3671875 0.6368885875 0.4013671875 0.682744565625 0.4296875 0.6878396734375001 0.4716796875 0.6555706515625 0.501953125 0.592730978125 0.51953125 0.501019021875 0.51953125 0.41610054375
1 0.359375 0.6810461953125 0.349609375 0.6266983703125 0.3037109375 0.53328804375 0.2724609375 0.5163043484375 0.2490234375 0.5163043484375 0.2119140625 0.540081521875 0.177734375 0.5893342390625 0.15234375 0.67764945625 0.1484375 0.776154890625 0.1728515625 0.8559782609375001 0.2255859375 0.859375 0.2548828125 0.8933423906250001 0.26171875 0.8916440218749999 0.2958984375 0.859375 0.337890625 0.7829483703125 0.35546875 0.7319972828125 0.359375 0.6810461953125
1 0 0.8882472828125 0.009765625 0.8882472828125 0.0341796875 0.8695652171875 0.1015625 0.7727581515625 0.134765625 0.657269021875 0.134765625 0.541779890625 0.1171875 0.4840353265625 0.0947265625 0.45176630468749995 0.0517578125 0.448369565625 0 0.47724184843749995 0 0.8882472828125
1 0.0859375 0.33797554375 0.07421875 0.293817934375 0.0419921875 0.234375 0.0126953125 0.20040760937500002 0 0.202105978125 0.00390625 0.4704483703125 0.0576171875 0.4449728265625 0.111328125 0.46025815156250005 0.087890625 0.4025135875 0.0859375 0.33797554375
1 0.193359375 0.385529890625 0.19140625 0.29721467343749997 0.19921875 0.24626358750000002 0.1630859375 0.227581521875 0.1201171875 0.2445652171875 0.1015625 0.2768342390625 0.08984375 0.3209918484375 0.0859375 0.385529890625 0.09375 0.41610054375 0.1103515625 0.448369565625 0.1513671875 0.489130434375 0.2109375 0.501019021875 0.2412109375 0.4925271734375 0.25 0.47724184843749995 0.2216796875 0.448369565625 0.193359375 0.385529890625
1 0.515625 0.7591711953125 0.509765625 0.721807065625 0.4814453125 0.669157609375 0.4619140625 0.669157609375 0.3916015625 0.709918478125 0.3525390625 0.760869565625 0.32421875 0.8203125 0.31640625 0.9052309781250001 0.326171875 0.9459918484375001 0.3603515625 0.9884510875 0.39453125 0.9935461953125 0.4306640625 0.9782608703125 0.478515625 0.8678668484375001 0.513671875 0.80672554375 0.515625 0.7591711953125
1 0.5693359375 0.7846467390625 0.5361328125 0.7914402171875 0.5068359375 0.8220108703125 0.455078125 0.9222146734375001 0.431640625 0.99014945625 0.4326171875 0.9986413046875 0.6171875 0.996942934375 0.634765625 0.918817934375 0.6328125 0.8746603265624999 0.6162109375 0.8355978265624999 0.5693359375 0.7846467390625
1 0.73828125 0.67764945625 0.6884765625 0.6012228265624999 0.5751953125 0.5061141296875 0.5419921875 0.5163043484375 0.5205078125 0.546875 0.5078125 0.5859375 0.505859375 0.6606657609375 0.525390625 0.72860054375 0.5498046875 0.76766304375 0.5947265625 0.8050271734375001 0.6376953125 0.8627717390624999 0.6728515625 0.8763586953125 0.701171875 0.8746603265624999 0.7236328125 0.859375 0.744140625 0.799932065625 0.751953125 0.7184103265624999 0.73828125 0.67764945625
1 0.720703125 0.31419837031250003 0.6962890625 0.25815217343749997 0.6533203125 0.2105978265625 0.6064453125 0.1868206515625 0.5654296875 0.1868206515625 0.5478515625 0.2038043484375 0.515625 0.2734375 0.509765625 0.31419837031250003 0.515625 0.371942934375 0.548828125 0.46025815156250005 0.5849609375 0.502717390625 0.5849609375 0.512907609375 0.6220703125 0.540081521875 0.65625 0.5383831515625 0.6884765625 0.512907609375 0.705078125 0.47724184843749995 0.7265625 0.38892662968749997 0.720703125 0.31419837031250003
1 0.923828125 0.4398777171875 0.9140625 0.3685461953125 0.8896484375 0.3158967390625 0.8505859375 0.2955163046875 0.8095703125 0.292119565625 0.7763671875 0.32608695625 0.744140625 0.4059103265625 0.724609375 0.5180027171875 0.72265625 0.6131114125 0.734375 0.6674592390625 0.7685546875 0.723505434375 0.8017578125 0.7506793484375 0.833984375 0.748980978125 0.8662109375 0.7201086953125 0.900390625 0.65047554375 0.921875 0.5485733703125 0.923828125 0.4398777171875
1 0.8662109375 0.8220108703125 0.8427734375 0.8186141296875 0.8017578125 0.838994565625 0.77734375 0.88485054375 0.7734375 0.9222146734375001 0.7900390625 0.9986413046875 0.94140625 0.996942934375 0.931640625 0.9324048906250001 0.916015625 0.8882472828125 0.8916015625 0.84578804375 0.8662109375 0.8220108703125
1 0.7119140625 0.8763586953125 0.6787109375 0.8831521734375001 0.6416015625 0.9137228265624999 0.619140625 0.99014945625 0.6201171875 0.9986413046875 0.78515625 1 0.78515625 0.96297554375 0.7626953125 0.9103260875 0.7392578125 0.8865489125 0.7119140625 0.8763586953125
1 0.2060546875 0.859375 0.1630859375 0.8661684781250001 0.1328125 0.918817934375 0.11328125 0.9833559781250001 0.1142578125 0.9986413046875 0.26171875 1 0.265625 0.9527853265624999 0.255859375 0.8984375 0.2353515625 0.8661684781250001 0.2060546875 0.859375
1 0.14453125 0.721807065625 0.1298828125 0.7065217390625 0.12109375 0.7116168484375 0.107421875 0.762567934375 0.048828125 0.8610733703125 0.083984375 0.9663722828125 0.0986328125 0.9918478265624999 0.109375 0.9935461953125 0.134765625 0.91202445625 0.16796875 0.8576766296875 0.146484375 0.776154890625 0.14453125 0.721807065625
1 0.0380859375 0 0.0234375 0.0118885875 0.01953125 0.1273777171875 0.029296875 0.1919157609375 0.0615234375 0.2615489125 0.08984375 0.2734375 0.1279296875 0.234375 0.1494140625 0.2241847828125 0.1640625 0.1953125 0.166015625 0.056046195312500005 0.171875 0.018682065625 0.1650390625 0 0.0380859375 0
1 0.4052734375 0 0.396484375 0.0356657609375 0.396484375 0.10699728281250001 0.4140625 0.17153532656249998 0.4599609375 0.22078804375 0.50390625 0.2258831515625 0.5458984375 0.190217390625 0.564453125 0.151154890625 0.580078125 0.0866168484375 0.578125 0.008491848437500001 0.5712890625 0 0.4052734375 0
1 0.806640625 0.0662364125 0.791015625 0.025475543750000003 0.7744140625 0.0033967390625 0.6435546875 0 0.62890625 0.0628396734375 0.62890625 0.1171875 0.642578125 0.188519021875 0.6904296875 0.24796195625 0.7294921875 0.33627717343749997 0.75 0.33797554375 0.7861328125 0.3125 0.822265625 0.253057065625 0.826171875 0.1647418484375 0.806640625 0.0662364125
1 1 0.0016983703124999999 0.9326171875 0 0.921875 0.018682065625 0.912109375 0.0628396734375 0.916015625 0.1783288046875 0.92578125 0.2190896734375 0.9580078125 0.28872282656250003 0.9873046875 0.319293478125 1 0.3209918484375 1 0.0016983703124999999
1 0.923828125 0.2258831515625 0.8740234375 0.14266304375 0.8583984375 0.13247282656249998 0.8251953125 0.13586956562500002 0.828125 0.2258831515625 0.806640625 0.2904211953125 0.8720703125 0.3023097828125 0.8935546875 0.319293478125 0.91796875 0.3821331515625 0.9296875 0.4806385875 0.939453125 0.46025815156250005 0.951171875 0.3991168484375 0.951171875 0.3549592390625 0.923828125 0.2258831515625
1 0.947265625 0.6233016296875 0.939453125 0.5893342390625 0.9248046875 0.5638586953125 0.90234375 0.6470788046875 0.8642578125 0.723505434375 0.8330078125 0.7506793484375 0.79296875 0.7523777171875 0.796875 0.7795516296875 0.8251953125 0.8186141296875 0.8828125 0.8237092390624999 0.9130859375 0.7982336953125 0.931640625 0.762567934375 0.94140625 0.7252038046875 0.947265625 0.6233016296875
1 0.2197265625 0.006793478125 0.2021484375 0.0033967390625 0.1884765625 0.006793478125 0.17578125 0.025475543750000003 0.16796875 0.0628396734375 0.16796875 0.10699728281250001 0.18359375 0.17493206562500002 0.208984375 0.2190896734375 0.2529296875 0.13586956562500002 0.29296875 0.096807065625 0.2568359375 0.061141304687499995 0.2197265625 0.006793478125
1 0.2353515625 0.030570651562500002 0.2822265625 0.084918478125 0.35546875 0.096807065625 0.388671875 0.056046195312500005 0.3994140625 0 0.22265625 0.0016983703124999999 0.2353515625 0.030570651562500002