1 0.2509844265625 1 0.2647136046875 0.9816705578124999 0.27831382968749996 0.9234158640624999 0.2645236421875 0.8083379031250001 0.2512709515625 0.764616171875 0.23574235468750002 0.7396673703125 0.19747014062499998 0.7070157703125 0.16665003437499998 0.66390750625 0.1466565046875 0.6510104578125 0.10773634375 0.6557683890625 0.08502438906250001 0.676954365625 0.0644145734375 0.7303556265625 0.06637460625 0.842447896875 0.0819348640625 0.8962854734375 0.1079344046875 0.9412614796875 0.1467993421875 0.9908864296875001 0.161722946875 1 0.2509844265625 1
1 0.5963371625 0.9921822718750001 0.61061699375 0.9254068203125 0.609075915625 0.8812761124999999 0.5880073875 0.7256666 0.5484864078125 0.6012907484375 0.5077564203125 0.5262398546875 0.4623877328125 0.5142289265625 0.4413906234375 0.5285574000000001 0.41601546562499997 0.5294435203125001 0.4019094015625 0.54523075625 0.39309808125 0.5727289328125 0.38411299374999996 0.65121531875 0.39080670781250004 0.7869339531249999 0.40903016875000003 0.8610713859375 0.44701007031250006 0.9413165296875 0.481054440625 0.9928092234375001 0.49782370625 0.997321840625 0.5963371625 0.9921822718750001
1 0.8456944953125 0.74555785 0.8840219328125001 0.7238265671875 0.9159008421875001 0.6853264265625 0.935917934375 0.61495181875 0.9292875421875 0.5370107359375 0.916271940625 0.5000783453125 0.876608853125 0.45557948125000003 0.817932253125 0.45422970312500005 0.7456554265625 0.5111346203125 0.7179491375 0.58517655 0.71399004375 0.639695759375 0.7299059359375 0.703717346875 0.751527428125 0.7352509984375 0.7745081328125 0.7497431359375 0.8456944953125 0.74555785
1 0.3692323421875 0.588856984375 0.400399984375 0.529988825 0.4129097453125 0.5244537593749999 0.41118680156250004 0.419150828125 0.3958636328125 0.372102590625 0.36998263593749997 0.3305212546875 0.3419442765625 0.31110751875 0.31461718437499997 0.31206180156249996 0.28800135781249997 0.3333841046875 0.2687507546875 0.3697438515625 0.26017652343750003 0.40403136718750005 0.260595478125 0.47199292656249997 0.2658033375 0.5091979703125 0.28928988125 0.566157565625 0.30665187031249996 0.5876435328125 0.33939225156249997 0.6017948578125 0.3692323421875 0.588856984375
1 0.3967486671875 0.3414823984375 0.39142226406249997 0.300882684375 0.40162445625 0.285231775 0.4676346203125 0.27273021875 0.46712878125 0.2302627625 0.4593762640625 0.176152534375 0.44624211875 0.1358254734375 0.3938005203125 0.061183559374999995 0.3562395734375 0.048899978125 0.3280274453125 0.080474453125 0.31256216875 0.113303203125 0.3060584171875 0.150917225 0.3079551296875 0.20523194375 0.3302010046875 0.282627721875 0.38710753593749997 0.345217884375 0.3967486671875 0.3414823984375
1 0.827573384375 0.45049421875 0.8607562828124999 0.44933544531249997 0.8905094890624999 0.4618916796875 0.8963336343750001 0.4327984140625 0.8938442 0.36151034531250004 0.8574922609375 0.29990180624999996 0.798815659375 0.298552028125 0.76708695625 0.369335615625 0.757746234375 0.43763799218750005 0.7630726390625 0.47823770625 0.827573384375 0.45049421875
1 0.5305977890625 0 0.4992602453125 0.0031198703125 0.4713168671875 0.0703724609375 0.473095034375 0.1212925109375 0.4849885109375 0.1820557546875 0.5008727421875 0.21718856562500002 0.532016821875 0.2415920625 0.5891840046875 0.22769990624999997 0.6150569031249999 0.157120809375 0.6157048484375001 0.119711275 0.6063560296875 0.0758532203125 0.570004090625 0.014244678124999998 0.5541919140625 0 0.5305977890625 0
1 0.15551494999999999 0.45696896875000004 0.19153481875 0.42512183906249995 0.2068815515625 0.38889841875000003 0.2048662953125 0.33118903125 0.1855207109375 0.28088245 0.1498800375 0.2396419296875 0.10646328593750001 0.2275628375 0.061924409375 0.23931459843749997 0.026173290625 0.306839840625 0.028662725 0.37812790937499996 0.0573254671875 0.443403771875 0.1176300296875 0.4633901515625 0.15551494999999999 0.45696896875000004
1 0 0.5087275203125 0.0066230078125 0.6983856546875 0.038920871875 0.7278470765625 0.0631422453125 0.7219030328125 0.08490584375 0.6735596953125 0.11793853750000001 0.640117478125 0.12225326562500001 0.5957822796875 0.1176933515625 0.5211677046875 0.110889190625 0.49421483437499997 0.09340865625 0.46933419687500005 0.061584971875000005 0.45345145625 0.034257878125 0.45440573906250004 0 0.4803955609375 0 0.5087275203125
1 0.5133751375 0.5192460265625 0.523340240625 0.496805775 0.5265247468750001 0.36414099375000003 0.5109644890625 0.3103034171875 0.4736089703125 0.2759204 0.399791065625 0.2886946078125 0.3933741984375 0.300814521875 0.394204009375 0.3245772125 0.4193501765625 0.4290621859375 0.4276320953125 0.4423682125 0.424320946875 0.45947788906250003 0.4436348703125 0.48089569374999996 0.45235930625 0.47889162656249995 0.45227242343749996 0.50438573125 0.46008016406249996 0.504113078125 0.4691285734375 0.48340424375 0.47581419062499997 0.50696244375 0.49672441562499997 0.5181280765625 0.5133751375 0.5192460265625
1 0.6829483140625 0.3943660640625 0.72905183125 0.3434733546875 0.7418222453125 0.26145597187499997 0.7417589234374999 0.20367841874999998 0.7143051890625001 0.0890776 0.667837940625 0.0176258640625 0.6460110203125 0.0081916484375 0.6122118359375001 0.0756487296875 0.6184865953124999 0.1434058015625 0.5963121390625 0.2359480109375 0.627369334375 0.2858456125 0.6465411515625 0.38714040625 0.662512265625 0.39677911250000003 0.6829483140625 0.3943660640625
1 0.7679255953124999 0.9250116984375 0.7781277890625 0.9093607859375 0.788416865625 0.8682157687500001 0.783975496875 0.7969958640625 0.7618798265625 0.7518835328125 0.7283096328124999 0.71396951875 0.70964365625 0.6551421796875 0.674390278125 0.6529744453124999 0.6585693671875 0.6756191859375 0.6464469 0.7202270375000001 0.6471029421875001 0.7949779390625 0.6539071046875 0.821930809375 0.6762398640625 0.87383248125 0.6984224171875 0.8934507078125 0.7240346640624999 0.8993539265624999 0.747371003125 0.9240300749999999 0.7679255953124999 0.9250116984375
1 0.2552374140625 0.4025044390625 0.28043070625 0.340446096875 0.309440984375 0.303745534375 0.313281534375 0.2458316578125 0.30345853749999996 0.1883949203125 0.29621185781250003 0.1767521453125 0.26876622031249997 0.174311759375 0.2266534578125 0.1995740359375 0.204060046875 0.2241546828125 0.1850465328125 0.26730377031249997 0.2068182296875 0.33112086875 0.20895203125 0.392224925 0.2367533015625 0.4048493234375 0.2552374140625 0.4025044390625
1 0.3180159453125 0.6892109796875 0.339455571875 0.6595724093750001 0.3440073890625 0.62202655 0.330667815625 0.6037989265625 0.29677365 0.584589678125 0.268585084375 0.532892496875 0.250092875 0.423076946875 0.20484273125 0.4144606875 0.149335171875 0.47587822187500006 0.1423572421875 0.499913565625 0.1443724984375 0.557622953125 0.153484228125 0.5946916703125 0.18581375312499998 0.653041865625 0.241210865625 0.7003900953125 0.3180159453125 0.6892109796875
1 0.3112913 0.944356528125 0.335836646875 0.9197077203124999 0.366830521875 0.9118277703125001 0.38046240781249996 0.8824618531249999 0.38075471875 0.8348683109374999 0.36253125937499997 0.7607308765624999 0.3364131734375 0.7123602015625 0.3143491640625 0.6961366453125 0.275191915625 0.6941052375 0.24822045625000003 0.7052435296875 0.232636634375 0.7346776109375 0.249081928125 0.7578949953125 0.262097528125 0.7948273875 0.2806213984375 0.9335317109375 0.2965925140625 0.9431704156249999 0.3112913 0.944356528125