0 0.577702596875 0.48494185468750006 0.5848586453125 0.461454428125 0.5451565328125 0.42303458593750004 0.5250801875 0.3711890890625 0.51579275625 0.262609515625 0.49238962031250005 0.21473000781249998 0.475778653125 0.134823009375 0.4568228421875 0.127508075 0.44211796875 0.1470325 0.439715325 0.1818038390625 0.47095037812499996 0.30410265000000003 0.5091739921875 0.40809918125 0.5251668890625 0.427920175 0.5472820015625001 0.43645426406250004 0.551867915625 0.4529233265625 0.5468084359375001 0.47092006875000003 0.5578804421875 0.48464229531249997 0.577702596875 0.48494185468750006
0 0.49153510625 0.459040025 0.498552565625 0.4596481078125 0.501515478125 0.4471420484375 0.49466550781249996 0.44134881718749996 0.4996671859375 0.38553135156249996 0.45207535468750004 0.23487148124999999 0.43994061406249996 0.21443941562500002 0.42274639374999995 0.2120040921875 0.41153579999999995 0.22237737656249998 0.407371565625 0.25226910625 0.44531800156249995 0.40445665625 0.4709851953125 0.44166033125000004 0.473474540625 0.46362007656250004 0.4869780921875 0.461481325 0.48222468906250004 0.450197409375 0.488179415625 0.4440956546875 0.49326779531250003 0.44500927343749996 0.49153510625 0.459040025
0 0.405326884375 0.17693319375 0.37429413437500003 0.1870069171875 0.3507813109375 0.182133284375 0.34564104375000004 0.26204625937500003 0.3609121015625 0.3834344375 0.3915579859375 0.4645576046875 0.408948596875 0.4807181421875 0.43209754218749996 0.47705170937499997 0.44171403593749997 0.4566136671875 0.424294525 0.4215427671875 0.4348062640625 0.4129997125 0.408827078125 0.28642937343749997 0.405326884375 0.17693319375
0 0.2990370765625 0.2986597828125 0.29009053749999997 0.298357234375 0.2753856640625 0.31788165625000003 0.28282480312499997 0.3648505328125 0.3056965734375 0.40937511875 0.328429753125 0.4779952140625 0.3444226515625 0.4978162078125 0.3728274671875 0.48987824687500003 0.3792557578125 0.4493106875 0.36656075 0.406613340625 0.328729915625 0.3300672375 0.2990370765625 0.2986597828125
0 0.3148684015625 0.44231324375 0.3032361265625 0.4063257359375 0.29199663125 0.39778865625000004 0.2844189046875 0.374915290625 0.2753856640625 0.31788165625000003 0.29288596093749997 0.2910363234375 0.29089908124999997 0.2535211359375 0.281727253125 0.2205830109375 0.2687261671875 0.20716632031249999 0.25399239375 0.20778038125 0.24314567656250002 0.2266937328125 0.239345321875 0.26512552968750003 0.254754965625 0.3624181984375 0.2477664078125 0.38072047656249997 0.258670925 0.39962785 0.25254871093750003 0.410914753125 0.2567996484375 0.43775411093749994 0.2842284296875 0.479837396875 0.30983782187500003 0.47922034687500004 0.3148684015625 0.44231324375
1 0.8063329124999999 0.29913039218750004 0.8120623468750001 0.2603930609375 0.805489553125 0.20640881093750002 0.7892713640625 0.153952240625 0.7446194609375001 0.09052326875 0.7075741843750001 0.0688780265625 0.677939146875 0.07529129375 0.65674818125 0.09756255312499999 0.6434699203124999 0.1323368828125 0.6395887765625 0.23268491249999998 0.6454338140625 0.2695890265625 0.6655101609375 0.321434525 0.7017179921875 0.36900550625 0.7231342484375001 0.37936982656249996 0.74628319375 0.37570339375 0.7905942046875001 0.33085533906250003 0.8063329124999999 0.29913039218750004
1 0.8108780953125001 0.059394453125 0.793938065625 0.10850506875000002 0.7915354203125 0.143276409375 0.8084813656250001 0.21281311406249998 0.8376717390625 0.25977601250000004 0.8717541015625001 0.2939273140625 0.90474483125 0.302458415625 0.934015990625 0.2875050796875 0.9530814875000001 0.2518141421875 0.9607400015625001 0.21277127343750002 0.9405480531249999 0.085284328125 0.921031975 0.0557041125 0.8897739359375001 0.033142259375 0.8373249296875 0.0328516671875 0.8108780953125001 0.059394453125
1 0.6407900984375 0.21529924218750002 0.62996636875 0.134475634375 0.617999115625 0.1088584203125 0.5853144640625 0.0710466625 0.541950584375 0.0469631078125 0.5195004953125 0.048799312500000004 0.495317715625 0.06466626875 0.4801103765625 0.0997461328125 0.4810923234375 0.16837220625 0.49185825312500003 0.2113750890625 0.518253203125 0.2656588984375 0.5405647046875 0.287918203125 0.5702286421875 0.300415296875 0.6116056421875 0.2869836640625 0.624912803125 0.271119696875 0.6407900984375 0.21529924218750002
1 0.6899241453125 0.456850465625 0.7016083046875 0.412011378125 0.698558690625 0.3677863515625 0.6660415265624999 0.3247894453125 0.6413792671875 0.256474884375 0.6350606640625001 0.25403657343749997 0.5991648234375 0.29583225468749996 0.5663704843749999 0.30102636875 0.5224752390625 0.27358789375 0.518311003125 0.3034796234375 0.5234860859375 0.361124328125 0.550077425 0.42913335156250004 0.5816993421875 0.46023527187499996 0.6459481109375 0.49132822656249997 0.667167978125 0.48796732968749995 0.6899241453125 0.456850465625
1 0.8399646953125 0.2680105421875 0.8100754671875 0.22287787187500002 0.8125937140625 0.26374798125 0.7986454968750001 0.3192629 0.7364703109375 0.3824162203125 0.7637027046875 0.41077429218750006 0.78897711875 0.42052753750000005 0.8250982484374999 0.4113674328125 0.8536416515624999 0.3793339625 0.8686526015625 0.33052888281250004 0.871055246875 0.2957575421875 0.8399646953125 0.2680105421875
2 0.267265415625 0.6286849703125 0.243688875 0.46734329218750004 0.177401340625 0.479561746875 0.1185759296875 0.4390121171875 0.10440242343749999 0.461891459375 0.0969402984375 0.5146595421875 0.1109522328125 0.6156126671875 0.1348867359375 0.6668470921874999 0.164579575 0.6982545484375 0.1961725921875 0.71044610625 0.22317969531249998 0.7061686015624999 0.257510334375 0.673218521875 0.265729115625 0.6564409359375001 0.267265415625 0.6286849703125
2 0 0.5393508546875 0.0336275078125 0.7516665765625 0.06013214375 0.762944515625 0.0692172703125 0.7391515531249999 0.06776175625 0.7049912843749999 0.077043271875 0.6949235375 0.1018382046875 0.6204952671874999 0.1037094828125 0.58236900625 0.094479853125 0.5116101578125 0.07792668750000001 0.46952388437500003 0.064394234375 0.4527522734375 0.028804471874999998 0.46526729843750003 0 0.4614559609375 0 0.5393508546875
2 0.27158006874999996 0.811992371875 0.2886068 0.8196128421875001 0.322267484375 0.807403353125 0.34432479531250004 0.77811671875 0.3054312265625 0.694860778125 0.288571984375 0.682055159375 0.28597295 0.7031012859375 0.2782566359375 0.70432343125 0.2691137078125 0.6902956687499999 0.2673232171875 0.6665056953125 0.26153598125 0.6674223031250001 0.22896693125 0.7052519937499999 0.192314434375 0.711057178125 0.188485178125 0.7305786109375 0.1990547171875 0.75985628125 0.218039428125 0.786081578125 0.24490794375 0.8058995812499999 0.249799934375 0.7930879859375 0.23970987500000002 0.8479918328125 0.252682059375 0.8424981609375 0.27158006874999996 0.811992371875
2 0.10815680937500001 0.6229335796875 0.0927819796875 0.663198590625 0.12792707812499998 0.7040597328125 0.140564284375 0.7089363578125 0.1408703609375 0.6796557 0.10815680937500001 0.6229335796875
2 0.1391954734375 0.7315071734374999 0.08246663125 0.6854668625 0.068824490625 0.7117011234375 0.063458934375 0.7589785234375 0.050486750000000004 0.7644721953125 0.0341588734375 0.755021496875 0.0444223375 0.8135798234375 0.0719608078125 0.8126572375000001 0.087728415625 0.7998426546874999 0.0961724875 0.81570064375 0.11381137187499998 0.7647598 0.1391954734375 0.7315071734374999
2 0.20749878906250002 0.7757142703125 0.18884905624999998 0.7391186796875 0.16010926406249998 0.757426934375 0.1462129328125 0.7321152578125 0.13972684062500002 0.73486209375 0.084430525 0.8227190078125 0.0965941671875 0.8620614359375001 0.12542066093749998 0.9004842656250001 0.1745717765625 0.9236512125 0.2345118078125 0.8900840859375 0.2690677375 0.889769584375 0.257071584375 0.8452420078125 0.22131433281250001 0.86294218125 0.2447404546875 0.8110847296875001 0.20749878906250002 0.7757142703125
2 0.3102542625 0.98126005625 0.3411195234375 0.9763714796875 0.3726547390625 0.9507423125000001 0.391523846875 0.9013261609375001 0.39126965625 0.8497802218749999 0.3628070390625 0.819897459375 0.35889108125 0.78268780625 0.34818295312499997 0.777505646875 0.302306740625 0.8311993031249999 0.284217275 0.81686899375 0.2687846453125 0.8193132828125 0.257770440625 0.84341178125 0.2689002484375 0.89495473125 0.24415720156249998 0.8885564046875001 0.22908845000000003 0.8995407609375 0.2437125359375 0.941932571875 0.26901585156249996 0.9705961796875 0.3102542625 0.98126005625