1 0.21895584218750003 0.6602948 0.19903344843749998 0.679086353125 0.179300990625 0.733663290625 0.17295565 0.7955932890625 0.1781578421875 0.8326450124999999 0.195922325 0.8788268171875 0.2191645296875 0.909185671875 0.254313625 0.9299785249999999 0.2885112703125 0.9286914749999999 0.311796271875 0.9147203015625 0.334658603125 0.8735083937500001 0.3444298625 0.8283272374999999 0.33969313749999996 0.7741862203125 0.319686915625 0.7247908265625 0.2804564984375 0.6685530453124999 0.2478451875 0.6543575953125 0.21895584218750003 0.6602948
1 0.40324736093749997 0.59302566875 0.34542587187499996 0.64923010625 0.32928875468749996 0.700082775 0.331487696875 0.747626390625 0.3471370671875 0.8144515312499999 0.37604692968750003 0.8647728140625001 0.40819277343750004 0.8960575578125001 0.45046923593750005 0.89747341875 0.47151249999999995 0.8802886578125 0.4904834453125 0.8394172031249999 0.5000014562499999 0.746522203125 0.4964489125 0.7059164421874999 0.4825758140625 0.6593941828125 0.4472367828125 0.60281595 0.4285413671875 0.5908127296875 0.40324736093749997 0.59302566875
1 0.5568732609375 0.5113908625 0.5075122265625 0.485021965625 0.48610960625 0.48689445156250005 0.459292578125 0.5165183515625 0.4445090625 0.56043316875 0.4438741765625 0.59799556875 0.47750024687500003 0.64619938125 0.49987483125 0.7226652828125 0.5060079562500001 0.72553841875 0.5314080703124999 0.6909239125 0.5635967109375 0.6778786296875 0.587537115625 0.68260354375 0.61684913125 0.703907071875 0.6227923171875 0.6709948265625 0.61716745625 0.6067023703125 0.6010526203125 0.556966525 0.5568732609375 0.5113908625
1 0.269015075 0.6610297562499999 0.3000400515625 0.69070770625 0.32835782343750003 0.7342613625000001 0.3316999140625 0.6828232562500001 0.34707551875 0.645676065625 0.4073714796875 0.5841405703125 0.3844253203125 0.5571655296875 0.36183851875 0.5455027625 0.3193293234375 0.5526315484375 0.2853216140625 0.589703978125 0.269015075 0.6610297562499999
1 0.5408404890625 0.68668896875 0.5189724015625 0.7056507484375001 0.5019471484375 0.746351978125 0.49771692187500005 0.7876386453124999 0.5015655109375 0.83162821875 0.5145504734374999 0.8679990390625001 0.5422761546875 0.9047850687500001 0.5757756015625 0.929131959375 0.6047282593750001 0.9351232156249999 0.6322006921875001 0.9241954031249999 0.6484644328125 0.8971996531249999 0.6579396484375 0.8486346828125001 0.6529068765625 0.791109853125 0.6367920406249999 0.7413740062499999 0.60847426875 0.69782035 0.5755669125 0.6802410859375 0.5408404890625 0.68668896875
0 0.7081718312499999 0.5152025234375001 0.7007484171875 0.5311957015625 0.715383028125 0.5640124796875 0.715446340625 0.575940940625 0.7012977125 0.58229335625 0.724983103125 0.6961514328125 0.7278579625 0.8186496234374999 0.7359367796875 0.8213525328125 0.7494933171875 0.8082324906249999 0.7812164921875 0.8122765 0.7885560765624999 0.7280963734375 0.783988771875 0.6534822499999999 0.7699890500000001 0.5831030703125 0.7499828281250001 0.5337076765625001 0.7334658375 0.512989584375 0.7081718312499999 0.5152025234375001
0 0.6858570296875001 0.7643590890625 0.7001322828125 0.78186359375 0.7126312625 0.77906521875 0.7268859984375 0.740311234375 0.724221590625 0.7098569140625 0.6906811125 0.5729930453125001 0.673043253125 0.550668159375 0.6698500671875001 0.5253746718750001 0.6445560609375 0.5275876109375 0.6379779859375 0.59806225625 0.6858570296875001 0.7643590890625
0 0.7801401828125 0.609492675 0.8166633953125 0.6796061609375 0.8401383328125 0.70142036875 0.8565286999999999 0.698281540625 0.8647769359374999 0.68051134375 0.8592787 0.6400758062499999 0.8135985984375 0.521322590625 0.7970816078125 0.5006044984375 0.7701379546875 0.5063714765625 0.7607688484375 0.5225348796875 0.76119151875 0.5497756140625001 0.7801401828125 0.609492675
0 0.8363313 0.532612559375 0.8316833625 0.556433725 0.8629163296875 0.641849459375 0.86507298125 0.6838951578125 0.8612449078125 0.69616406875 0.843500940625 0.70624075 0.84658801875 0.76393580625 0.857563975 0.7885483890625 0.8806795562499999 0.795050325 0.890577440625 0.7737260874999999 0.894088953125 0.7018148734375 0.8862223531250001 0.634308828125 0.8652492796875 0.605146475 0.886052321875 0.5985057953124999 0.8739471578125 0.5506700421875 0.8565277609375 0.5280910296875 0.8363313 0.532612559375
0 0.5823907828125 0.49973679843749996 0.56758534375 0.4934568890625 0.560135390625 0.5078818265625 0.6025008281249999 0.553070075 0.6209449265625 0.609992465625 0.6268474625 0.66388016875 0.6202117375 0.7087274546875 0.6523147859375 0.7843422265625 0.6585317390625 0.8554023093750001 0.6707979859375001 0.8611485812499999 0.68465056875 0.8514123515625001 0.691481890625 0.8286515453125001 0.686153075 0.767742903125 0.6379779859375 0.59806225625 0.6222225078125 0.5636386828125 0.5966488984375 0.54049754375 0.5937447296875 0.511827965625 0.5823907828125 0.49973679843749996
2 1 0.47816953125 0.9854562140625 0.3119332921875 0.93450884375 0.3010468953125 0.8943680109375001 0.335246190625 0.885887040625 0.3615610359375 0.8897356296875 0.4055506109375 0.8849133124999999 0.44006965 0.8976860578125001 0.5412436031250001 0.9074778328124999 0.552320934375 0.9254545343749999 0.5336996046875 0.9562895734374999 0.527592175 1 0.5490109859375 1 0.47816953125
2 0.917505871875 0.241159609375 0.881003175 0.22730460937500002 0.8469116375000001 0.1961900921875 0.8313460953125 0.1975519 0.8133693953125001 0.216173228125 0.8114870140624999 0.22827191562500002 0.8265870906250001 0.2439994 0.8306051 0.26751586875 0.8519649234375001 0.309973409375 0.8675937781249999 0.3205400625 0.8691801140625 0.3050575625 0.8774916625 0.29921582343750003 0.8856337921874999 0.31384719375 0.885760415625 0.3377041140625 0.8915974953125 0.3371934359375 0.925076425 0.3052818390625 0.9617485421874999 0.2986637296875 0.963334878125 0.28318123125 0.9500538703125001 0.2434265984375 0.93802035625 0.22913568125 0.9244005062499999 0.2303272625 0.92452713125 0.254184184375 0.917505871875 0.241159609375
2 0.8612406546875 0.188169690625 0.8855806312500001 0.18121960937499998 0.8939702765625 0.1639578140625 0.8977644093749999 0.11679705781250001 0.92887045 0.11476431093749999 0.9279735609375 0.1045128390625 0.8995509078125 0.0512181265625 0.88562545625 0.041417921875 0.8560743640625 0.0295414375 0.8260020421875 0.02528583125 0.798842640625 0.0407464984375 0.7697606968749999 0.0749691609375 0.7644631828125 0.113997571875 0.7752299265625 0.1543810203125 0.7743984 0.155136521875 0.79419320625 0.159602634375 0.8032059859375 0.18567185 0.7988913140625 0.2087750625 0.8073147484375 0.2190566515625 0.8356275375 0.198674484375 0.8612406546875 0.188169690625