1 0 0.8092509218749999 0.0496740078125 0.8700367375000001 0.072628059375 0.8758647546875 0.10619225937500001 0.85548435 0.125720853125 0.82850556875 0.1430563 0.7756804078124999 0.1490922515625 0.7182521734375 0.141029784375 0.6081103953125 0.12728642343750002 0.5520187203125 0.095977659375 0.485542225 0.06588044531250001 0.463593909375 0.000360178125 0.4703692484375 0 0.4737961140625 0 0.8092509218749999
1 0.0482927265625 0.01432150625 0.005059478125 0.43500094687499996 0.059113101562500006 0.40652771874999993 0.0866828796875 0.36844002656249997 0.13014711875 0.3286074625 0.16417071249999998 0.275828571875 0.182926384375 0.20949088593749998 0.18491033750000002 0.1345595234375 0.1652561265625 0.0693079703125 0.136662709375 0.042394534375 0.0793715359375 0.0175880203125 0.0482927265625 0.01432150625
1 0.1846878171875 0 0.17824733125 0.0484729796875 0.19819430625 0.22304968125000002 0.22766498125 0.26030166875 0.2719857140625 0.2683754140625 0.31419687343749997 0.2591501890625 0.35033003906250004 0.22367027031250003 0.37455793125 0.16132318750000002 0.3834343296875 0.0768699015625 0.3755182453125 0.0213906984375 0.363852909375 0 0.1846878171875 0
1 0.1842422703125 0.2249987140625 0.1562131 0.29548488906250003 0.0848240265625 0.376783278125 0.0865785421875 0.3974603796875 0.10042624062500001 0.4245317015625 0.12231512343749999 0.44049411406249994 0.175992928125 0.45296677656249995 0.203019740625 0.4387301625 0.23368068437499998 0.399259640625 0.24855150625000003 0.332513640625 0.2453975296875 0.2877813046875 0.23860942343749997 0.2682828734375 0.1947480828125 0.22781064374999999 0.1842422703125 0.2249987140625
1 0.29368668750000004 0.3048107703125 0.2701896703125 0.32283383125 0.252603503125 0.3500167703125 0.23756553593750002 0.39966795624999996 0.24704822656249997 0.49629720781250003 0.2637156078125 0.5339112375 0.28842417343750004 0.560416359375 0.3318676484375 0.558151553125 0.359521 0.52861126875 0.376208628125 0.3698390921875 0.35989630156249997 0.32884692968749996 0.3356263640625 0.307511084375 0.29368668750000004 0.3048107703125
1 0.19153233281249998 0.454600034375 0.1451440734375 0.5129102453125001 0.133990959375 0.56296974375 0.1492173515625 0.6516640609375 0.1636915890625 0.6634317125 0.1854133265625 0.662299309375 0.2219851203125 0.6319886671875 0.24416625 0.5984577796874999 0.260979496875 0.5319159359375 0.2380669734375 0.4509523984375 0.19153233281249998 0.454600034375
1 0.52080513125 0.5916714796875 0.49394546562499997 0.6230029078125 0.46675150781249997 0.6201447078125 0.44713934218749996 0.63857608125 0.42477030156250006 0.692579915625 0.41643686874999997 0.7531821234375 0.42575241249999995 0.8327165609374999 0.45000158749999997 0.8916201671874999 0.52111969375 0.9810657640624999 0.5599682046875001 0.9851489078125001 0.581167740625 0.9702998203125001 0.6067115203125 0.923460565625 0.6184076015625 0.8495499875 0.6234199125 0.727120628125 0.6156917375 0.6511684796874999 0.6025541515625 0.61734089375 0.57730261875 0.6146868515625 0.571308196875 0.596979565625 0.5498579421875001 0.5861864296875 0.52080513125 0.5916714796875
1 0.7609755203125 0.2685385734375 0.7323613390625 0.2791928984375 0.6877275953125 0.3581802125 0.6783289953125 0.42891681562499995 0.682527375 0.50108251875 0.7007821265625 0.5422788374999999 0.736080078125 0.5801432953125001 0.771920996875 0.594156675 0.8227791171875 0.5960866296875 0.8495552109375 0.55620779375 0.8686659390625 0.48649197656250004 0.87117209375 0.42527729687500004 0.862900953125 0.37317622500000003 0.833179559375 0.31028201875 0.7870207375 0.2729837625 0.7609755203125 0.2685385734375
1 0.46000337656249995 0.049055414062500004 0.4484323953125 0.0563778796875 0.4521085734375 0.1148268984375 0.44183271562500004 0.17522495 0.4117775453125 0.2369595625 0.3806779734375 0.2712608078125 0.3883433375 0.3010977890625 0.40369483281249996 0.3232039921875 0.4365281578125 0.347147609375 0.4796165765625 0.3482609359375 0.50311359375 0.330237875 0.5252947234375 0.2967069875 0.560487821875 0.2047733515625 0.561573753125 0.15707119687499999 0.5543470171875 0.132403490625 0.5325624703125 0.0874207265625 0.495760721875 0.0545213875 0.46000337656249995 0.049055414062500004
1 0.564226290625 0.15051909218749998 0.5601327656249999 0.2081514828125 0.5275922046875 0.2935330140625 0.5073535 0.3272680578125 0.45885567031249996 0.368279296875 0.45407279687499996 0.39510019218750003 0.46271975625 0.40625537187500005 0.459524253125 0.436658553125 0.48166385624999997 0.47826318749999996 0.5115103515625 0.47456928125 0.5323340671875 0.5006660890625 0.5480613812499999 0.4818263984375 0.5701381750000001 0.47731586562499995 0.5783672703125 0.445734009375 0.593739528125 0.4302724515625 0.582272884375 0.40857456406250003 0.6275752125 0.3979665078125 0.6511765656249999 0.3509230953125 0.6658802406250001 0.26708228125 0.660428784375 0.2255239171875 0.629642221875 0.1727641046875 0.5999000624999999 0.14743765625 0.564226290625 0.15051909218749998
1 0.7988834484375 0.057349551562500004 0.7667187078125 0.101785190625 0.7297918578125 0.135473965625 0.6888130109375 0.1516596109375 0.6619741078125 0.1454232796875 0.6569197531250001 0.1841697125 0.6655459484375 0.2328926515625 0.6899830328125 0.2713233109375 0.716821934375 0.2775596421875 0.78942255625 0.24078943437500003 0.8149663359374999 0.19395017812499998 0.8259523062499999 0.1267958640625 0.8205008484375 0.0852375 0.805504409375 0.0597531671875 0.7988834484375 0.057349551562500004
1 0.704767746875 1 0.7140463640625 0.9859736515625 0.7313818125 0.9331484921875 0.7448739375 0.8047794984375001 0.734660371875 0.75247426875 0.707487178125 0.712048309375 0.653182834375 0.714879315625 0.6262395953125 0.7376633359375 0.6127267062499999 0.9036000906250001 0.599631165625 0.9534554343750001 0.6076515859375 0.9799142843749999 0.6225762015625 1 0.704767746875 1
1 0.1998460359375 0.74920248125 0.1740515375 0.7703995140625 0.1396728875 0.8265565374999999 0.116322253125 0.899242171875 0.1157585234375 0.9606610078125 0.2855432328125 0.9802138250000001 0.289198128125 0.9174121578125 0.2800704953125 0.8174047734375 0.2586410046875 0.769043878125 0.2207740875 0.746278934375 0.1998460359375 0.74920248125
1 0.2897400609375 0.575924184375 0.2669323921875 0.6247587421875 0.2474666078125 0.697852690625 0.242683734375 0.724673584375 0.24638067656249998 0.745554846875 0.2942732484375 0.8410979640624999 0.3136975046875 0.8431395359374999 0.34258316875 0.820559671875 0.3722832828125 0.7622031921875 0.38961873125 0.7093780328125 0.3960097375 0.648571665625 0.39250070625 0.6072174609375 0.3726585859375 0.562438853125 0.35580329375 0.54529776875 0.2897400609375 0.575924184375
1 0.597539771875 0.10449646406249999 0.6118468640625 0.0991693 0.6402103265625 0.062872753125 0.6584230328125 0.0203861453125 0.6552127875 0.013559381249999999 0.561005146875 0.003657759375 0.5360502203124999 0.0075242453124999996 0.5521746359375 0.0689893515625 0.56946855625 0.09129971249999999 0.597539771875 0.10449646406249999
1 0.8473413015625001 0.567929175 0.8181841546875 0.602434578125 0.7731533109375001 0.601117096875 0.7520373484375 0.6245135875 0.739464009375 0.6880856140625 0.7404876484375 0.7530867406249999 0.7545024921875 0.7972528765625 0.77020904375 0.815980946875 0.83395403125 0.8260962640624999 0.8555086218750001 0.8078690484375001 0.885292309375 0.758059975 0.8922055171875 0.7109702921875 0.8897824171875 0.62191393125 0.8559046890625 0.5705369499999999 0.8473413015625001 0.567929175
1 0.8596416078125 0.0398273453125 0.8448751234375 0.0775529921875 0.8474861328125 0.14613640625 0.8699807906249999 0.184362909375 0.89345704375 0.2039076078125 0.9151787812500001 0.20277520624999998 0.9445030750000001 0.1853646171875 0.9801140374999999 0.1361680171875 0.98191008125 0.0817095984375 0.9983475078125 0.0561136484375 0.9660008796874999 0.0462245265625 0.8596416078125 0.0398273453125
1 0.6060206203125 0.416193725 0.575526821875 0.47275906093750003 0.5788687078125 0.49701845312500004 0.569490871875 0.5301872953125 0.5797044375 0.5824925234375 0.6071491140624999 0.6109929453125 0.635053184375 0.6070948828125 0.6664242406249999 0.5608681 0.677389446875 0.53128154375 0.67972845625 0.45297204999999996 0.6662358140625 0.42252259687500004 0.6416108203124999 0.40456488437499993 0.6060206203125 0.416193725
1 0.82994026875 1 0.84013688125 0.9821490531249999 0.844418315625 0.9040437156250001 0.82864895625 0.839200475 0.7690603015625 0.817567934375 0.7527272125 0.8141435328125001 0.746983509375 0.82207846875 0.73438940625 0.9232182546875001 0.717576159375 0.9897600984375 0.7226150734375001 1 0.82994026875 1
1 0.8928517859375 0.3404619671875 0.8648433796875 0.3733803828125 0.8741589234375 0.45291482031249997 0.8499102671875001 0.5528296625 0.867997871875 0.5769311671875 0.8955468859375 0.5764112359375 0.9268136046875 0.5592048046875 0.944044715625 0.5353999968750001 0.9640327015624999 0.47602273124999994 0.9675832609375 0.44224141718750004 0.9617767484374999 0.40406118593749996 0.9384048328124999 0.35549613281250003 0.9160773203125 0.3343644453125 0.8928517859375 0.3404619671875