1 0.931000784375 0.5138071937500001 0.9056323578125 0.421598178125 0.848886546875 0.3837552921875 0.83221885 0.382928109375 0.8173263499999999 0.3973141953125 0.8120183984375 0.4826273890625 0.7847222 0.5588887359375 0.8168283093750001 0.6490439421875001 0.8147101671874999 0.7205843625 0.8602891250000001 0.787924384375 0.8895408093749999 0.7489759609375 0.9202071093749999 0.681041496875 0.9320774921874999 0.6089899828124999 0.931000784375 0.5138071937500001
1 0.8097325640624999 0.6256060109375 0.775678525 0.5542605921875 0.713972746875 0.55239235625 0.6925203343749999 0.5722243328125 0.6774525828125 0.60192590625 0.6664710578124999 0.6909378390625001 0.6735718421875 0.7517909125 0.7255354578125 0.82900053125 0.754081096875 0.813898915625 0.7780147515625 0.7854334 0.8070861468749999 0.724385321875 0.816300034375 0.676282834375 0.8097325640624999 0.6256060109375
1 0.809890178125 0.47933752343749997 0.8109316124999999 0.3126143125 0.79869056875 0.2656362296875 0.7694262843749999 0.2110467953125 0.7408756078125001 0.18873326875000002 0.7125052203125 0.188519396875 0.6928254859375 0.20485707187500002 0.6697832078125 0.268990578125 0.691954265625 0.3188496515625 0.69905505 0.37970272656250004 0.701543853125 0.42719190156250003 0.687367478125 0.49256146718749994 0.7141479984375 0.5370768671875 0.7714220859375 0.5476808625 0.791988159375 0.5295960375 0.809890178125 0.47933752343749997
1 0.9008105656250001 0 0.87650049375 0.0336645421875 0.86480284375 0.071692996875 0.8664078265624999 0.139636896875 0.8763428781249999 0.1799330296875 0.9015284937500001 0.23133481718749999 0.93646383125 0.263517940625 0.9884198890624999 0.2846048421875 0.9744209703125 0 0.9008105656250001 0
1 0.8857446171875001 0.2100529125 0.8571863796875 0.1316166703125 0.8126790921874999 0.12204429531250001 0.787325784375 0.142080709375 0.773146890625 0.18874270312500002 0.774391290625 0.2124872921875 0.8029470078125 0.272215959375 0.8155435953125 0.3259782109375 0.8557944421875 0.32897085625 0.887885434375 0.3068806328125 0.901180509375 0.2806733640625 0.902770375 0.236371834375 0.8857446171875001 0.2100529125
1 0.8310273609375001 0.752042521875 0.80442965 0.748334346875 0.76542824375 0.8065014359375 0.728019221875 0.8390745640624999 0.7090556125 0.9063957171875 0.745938878125 0.91976905 0.7814075296875 0.9621284250000001 0.8065855859375001 0.9574074984375001 0.8306970124999999 0.9323340671875 0.861541084375 0.8677916859374999 0.8599361 0.7998477875 0.8310273609375001 0.752042521875
1 0.7202199484375 0.8581910109375 0.7168473265624999 0.8311565562500001 0.6923727984375 0.7933231046875 0.6618741921875 0.78981936875 0.6437893625 0.7992706562499999 0.6320891921875 0.8185915390625 0.6297882390625 0.8493247328125 0.611355425 0.9081145656249999 0.6184511703125 0.9315524984374999 0.6338795046875 0.9460502359375 0.66526445 0.947806821875 0.68423561875 0.9366083828124999 0.708522296875 0.8962194640625001 0.7202199484375 0.8581910109375
1 0.53544555625 0.7658326078125001 0.5063716421875 0.8081731140624999 0.493790171875 0.8666562921875001 0.4955678875 0.90057713125 0.535823775 0.9409849171875001 0.57908918125 0.945520275 0.6180905890624999 0.8873531874999999 0.6283660671875 0.8221880593750001 0.6191421 0.7954602625 0.6077924343750001 0.784150171875 0.53544555625 0.7658326078125001
1 0.541478309375 0 0.5169018796875 0.0014892984375 0.52206229375 0.13727487656249998 0.5447717046875 0.2347253453125 0.5669402421874999 0.2658768484375 0.6048876187500001 0.2808951140625 0.652937740625 0.2647713109375 0.6844928968749999 0.213797265625 0.7093053328125001 0.127461884375 0.7287946984375 0.014194270312500002 0.726404059375 0 0.541478309375 0
1 0.6380981515624999 0.6720163953125 0.6494352203125 0.5897886296875 0.6432207734375 0.527188403125 0.5877193625 0.5130901062500001 0.558455078125 0.458500671875 0.5235298203125 0.501147834375 0.52371263125 0.5419550625 0.49605585 0.5740170984375 0.49038731562500004 0.61513098125 0.49287611875000004 0.66262015625 0.507423153125 0.7162801890625 0.5561919203125 0.7698474375 0.5813699765625 0.7651265109375001 0.6125721109375 0.72607586875 0.6380981515624999 0.6720163953125
1 0.70136608125 0.42379981874999995 0.6898260453125 0.3155597859375 0.6736866234375001 0.2874937125 0.642832475 0.27720580625 0.611272278125 0.290764709375 0.5829119703125001 0.3653811234375 0.5841614109375 0.4265408546875 0.572997075 0.4747455609375 0.5894920390625 0.5095958046875 0.61538118125 0.5184432125 0.6659150656249999 0.51239344375 0.6788571171875 0.49810957812499995 0.696936909375 0.451243146875 0.70136608125 0.42379981874999995
1 0.5740485875 0.3828526375 0.572799146875 0.32169290625 0.5584298828125001 0.2714249578125 0.531471590625 0.223517471875 0.4988422453125 0.19801629999999998 0.476500975 0.20088785625 0.42987302656250004 0.24414833125 0.41215129843750004 0.31650650156250004 0.4130451953125 0.3708820625 0.4284810890625 0.441502515625 0.4467487296875 0.4728584546875 0.48150629531250005 0.5016494953125 0.5068621234374999 0.5003206515625 0.5370026671875 0.4783326484375 0.5577439921875 0.4449323359375 0.5740485875 0.3828526375
1 0.9403823656249999 0.394266503125 0.9797544328125 0.45512901093749997 0.9976640109374999 0.4609932109375 0.9896617703125001 0.289641859375 0.9299039203125 0.26896383125 0.922990984375 0.2863331265625 0.9256575578125 0.33721438593749997 0.9403823656249999 0.394266503125
1 0.3678494984375 0.5161094953124999 0.37156758437500004 0.4750978328125 0.37014541093750003 0.447961159375 0.358615453125 0.4145514125 0.330595571875 0.3837065671875 0.294776415625 0.3719781671875 0.26463335312499997 0.375258596875 0.2045275171875 0.40391911562500005 0.1875093171875 0.43372290781249995 0.1825518703125 0.48840512656249996 0.1869911203125 0.5357920828125 0.19834330625000002 0.5658097468750001 0.230975171875 0.6100184921875 0.258992534375 0.6221557671875 0.3111213234375 0.6092196109375 0.342679 0.5769531359375 0.3678494984375 0.5161094953124999
1 0.41051095625 1 0.42819609375 0.9585303484375001 0.42269021406249996 0.8907908859375 0.395731921875 0.8428834015625 0.3733881328125 0.8270473875000001 0.3607991046875 0.82940785 0.34289204687499997 0.842251221875 0.3297747421875 0.8718505750000001 0.33280189843749997 0.9669311468749999 0.3477716375 1 0.41051095625 1
1 0.5178915203125001 0.766752575 0.5145189 0.739718121875 0.498732503125 0.69972864375 0.4767417375 0.6719692265625 0.3967708359375 0.65745261875 0.3785107546875 0.68221939375 0.36858578125 0.7167535468749999 0.3631000578125 0.79867465625 0.41559446875 0.8673529546875001 0.43049704687499996 0.9277971546874999 0.442380028125 0.9492834968749999 0.473764971875 0.9510400828125001 0.49627897499999996 0.9141454671875 0.4932568578125 0.8564800390625 0.5178915203125001 0.766752575
1 0.18532566718750001 0.0188664703125 0.1837358 0.063168 0.1981050640625 0.1134359484375 0.22257959375 0.1512694 0.252725175 0.16669653906249998 0.27613055468750003 0.165469915625 0.3025479734375 0.14707843437499998 0.336584375 0.0874708515625 0.3644189265625 0.0588009 0.3824987171875 0.0119344703125 0.18532566718750001 0.0188664703125
1 0.27303439375 1 0.27376017343750003 0.9972365968749999 0.2700269703125 0.9260028328125 0.24253284375 0.8492115234375 0.1891520953125 0.7822803781250001 0.1508516953125 0.7791855156249999 0.09163471875 0.824806453125 0.049796525 0.8848229109375 0.026220931250000003 0.938780165625 0.0264951875 1 0.27303439375 1
1 0.253616553125 0.20236453124999998 0.2410224859375 0.1673098515625 0.2165504765625 0.14818397187500001 0.18693316875 0.105517940625 0.15466188593750002 0.10550850781250001 0.127182878125 0.1409626265625 0.105738025 0.2169173171875 0.11248830624999999 0.3084013671875 0.14033545625 0.3732692734375 0.17455970625 0.39188405937500004 0.2059446515625 0.3936406453125 0.2474323421875 0.3642551625 0.25523161562499996 0.3451387171875 0.26142842499999996 0.27678594218749997 0.253616553125 0.20236453124999998
1 0 0.4400069953125 0.030947696875000003 0.4878468625 0.0570146109375 0.50008635625 0.09265095625 0.4710075296875 0.10718539375 0.43112970468749995 0.11196003125000001 0.33564025937499997 0.1071652375 0.28146913281249997 0.0860557703125 0.21454742031250001 0.05696925781249999 0.16335007031249998 0.0387041375 0.150701703125 0.0124619703125 0.15377769531250002 0 0.16581590156249998 0 0.4400069953125
1 0 0.5130929703125 0.0120092828125 0.7422437296875 0.022825634375 0.7433775687499999 0.06768090624999999 0.703611396875 0.0792033046875 0.6808984296875 0.09586344218750001 0.6256028984374999 0.0986926703125 0.5676308156250001 0.0862738546875 0.517260646875 0.0745686453125 0.49916638750000003 0.04353924375 0.5041939703125 0.0078928203125 0.4584425125 0 0.45761513593750003 0 0.5130929703125
1 0.3519306828125 0.8094642203125 0.3331297265625 0.7679320281249999 0.298196909375 0.7544564765625 0.284012975 0.763703328125 0.2652220984375 0.797001421875 0.256541525 0.8552801609375 0.27410563906249996 0.929190478125 0.2960964046875 0.9569498968750001 0.321807775 0.962405221875 0.33014036406249997 0.9534650296875 0.328002065625 0.8753448781250001 0.3508690921875 0.8265268593749999 0.3519306828125 0.8094642203125
1 0.33134445156250003 0.6778884734374999 0.320873565625 0.6087085171875 0.29019970625 0.6205202671875 0.23718205937499998 0.616496003125 0.22086738593750002 0.6037454171875 0.18273467968749998 0.5292123531249999 0.1768833359375 0.529519009375 0.1501154125 0.5785414656250001 0.1394843921875 0.6369224250000001 0.1439236421875 0.6843093812500001 0.166274990625 0.7562681109375 0.22390014531250002 0.8029430984375001 0.2455306375 0.79356574375 0.28312411718749997 0.7467429078125 0.3161039671875 0.74161310625 0.3240810125 0.72588874375 0.33134445156250003 0.6778884734374999
1 0 0.06020852812500001 0.0051834140625 0.0895325375 0.08268062968749999 0.1688053953125 0.1114040390625 0.1570958640625 0.13994211875 0.085871534375 0.139403765625 0.0382801390625 0.1257481078125 0.020288096875 0 0.028480021875 0 0.06020852812500001
1 0.48843182812499997 0.57781805625 0.47069498281250005 0.5379307984375 0.46678904687499995 0.5007200921875 0.439655503125 0.46812809531250005 0.41854855625000004 0.41991395468750004 0.38804995 0.41641021718750004 0.3747523546875 0.423909915625 0.373167528125 0.5056265875 0.3543791703125 0.5576322546875 0.355623571875 0.5813768421875001 0.3800981015625 0.6192102937499999 0.41272744687499996 0.644711465625 0.45652616718749994 0.6594230765625 0.47957600312500004 0.651412284375 0.48719750624999997 0.6289037546875 0.48843182812499997 0.57781805625
1 0.4174642890625 0.26860845 0.430403821875 0.23561701093749998 0.4759676609375 0.190711603125 0.46549929375000004 0.14023921718750001 0.4438640703125 0.11926396875 0.37222827812500003 0.11451473906250001 0.3357055953125 0.1453407171875 0.3048590046875 0.191175528125 0.2867792140625 0.2380419578125 0.2796935453125 0.2894343109375 0.28839175625 0.3621085703125 0.3242109125 0.3738369703125 0.3673035859375 0.41239538593749997 0.4084382515625 0.3949333078125 0.4084281734375 0.320103021875 0.4174642890625 0.26860845
1 0.37789177343749997 0.0359857140625 0.3546692046875 0.078019565625 0.374709521875 0.10588120000000001 0.40254911250000003 0.1146263921875 0.43570673437499996 0.112888675 0.46017370468749996 0.09459941093749999 0.4903066890625 0.016488695312500003 0.48853149218749997 0.0012754265625 0.38427139375 0.0084401671875 0.37789177343749997 0.0359857140625