1 0.9040057328125 0.2380254859375 0.8984152375000001 0.1838250109375 0.8787707359375 0.1286534984375 0.8374553875 0.06868029375 0.7975247015625 0.044678896875 0.7660826515625 0.051947548437500005 0.7426163703124999 0.08195383125 0.7311267015625 0.12364487187499999 0.7369732328125 0.2467829859375 0.75795135 0.29827020625 0.7949838953125 0.345202028125 0.81465431875 0.355530159375 0.839659203125 0.3511211234375 0.883180759375 0.3055065671875 0.8996970078125001 0.2698274828125 0.9040057328125 0.2380254859375
1 0.9007745875 0.1972055515625 0.9038517921875 0.248400046875 0.891028509375 0.2937753796875 0.8286313546875 0.3616884796875 0.84689119375 0.38088818281250003 0.879282009375 0.39587164375 0.9171612250000001 0.3857433765625 0.9464748343749999 0.34953234375000003 0.9579645015624999 0.307841303125 0.9605037140625001 0.2660038984375 0.9007745875 0.1972055515625
1 0.884567015625 0.0827926484375 0.88218174375 0.1142554890625 0.88984963125 0.1577422453125 0.9177777812500001 0.214902265625 0.965607265625 0.266828575 0.92203625625 0.014101301562499998 0.9143424453125 0.015457928125000001 0.8993137515624999 0.037078159375 0.884567015625 0.0827926484375
1 0.731433784375 0.2322386140625 0.712481215625 0.25972443749999996 0.6782949656249999 0.279548953125 0.6115129140625 0.2551084671875 0.6095635390624999 0.30029100625 0.6287462203125 0.3865862046875 0.670215509375 0.4361848484375 0.7228665859375 0.464841575 0.7625153140625 0.46474871406249996 0.78146788125 0.43726288750000003 0.79295755 0.395571846875 0.7892905078125 0.34103221875 0.7554380593750001 0.29526422812500003 0.731433784375 0.2322386140625
1 0.733896028125 0.195588490625 0.7210735406250001 0.11162095937500001 0.7061477390625 0.08321052500000001 0.67532145 0.0489809296875 0.6359806015625 0.028324668749999997 0.6110526875 0.027546423437500002 0.58522705625 0.0441721671875 0.5691467046875001 0.093570946875 0.5794558999999999 0.1745325015625 0.5942277625 0.21331749531250002 0.611666853125 0.24473390625000002 0.6432369203125 0.271934075 0.664240959375 0.2785779140625 0.7105577640625 0.26006359375 0.7229961968749999 0.2406246671875 0.733896028125 0.195588490625
0 0.67398544375 0.440693815625 0.6293360578125 0.3899313390625 0.6111791109375 0.32070097343750004 0.6058964953125 0.24575137656249998 0.580635575 0.181222771875 0.568095046875 0.121349496875 0.556785240625 0.1078225953125 0.542654265625 0.1120388359375 0.5328830625000001 0.12410918124999999 0.5297540125 0.16260144999999998 0.5672475796875001 0.3077524515625 0.597970978125 0.392012709375 0.6390813390625001 0.422704375 0.6414406890625 0.43608491718750003 0.634926553125 0.44413181249999995 0.64549258125 0.46468814218750004 0.665316946875 0.4646417125 0.67398544375 0.440693815625
0 0.5062107609375001 0.1977950140625 0.499696625 0.205841909375 0.497311353125 0.23730475312500002 0.53406114375 0.38948518125 0.5578604296874999 0.42322925624999996 0.565169390625 0.44780903437499997 0.587660984375 0.44039402031249997 0.5826092796875 0.3498825796875 0.541704703125 0.21912958906250002 0.5222651890625001 0.193239615625 0.5062107609375001 0.1977950140625
0 0.4958756421875 0.1616768421875 0.49151586875 0.1538227390625 0.4625101390625 0.1692846484375 0.44217290781249996 0.160798665625 0.43442725312499997 0.2518420546875 0.45417385 0.3863257703125 0.47766525625 0.44081896875000004 0.49459148124999996 0.46370296250000004 0.519596365625 0.459293928125 0.5281109234375 0.44572059375000006 0.5145187375 0.4136258703125 0.522520428125 0.3915201203125 0.4986190453125 0.2784638421875 0.4958756421875 0.1616768421875
0 0.3917264453125 0.2852399046875 0.378929084375 0.2857718546875 0.36782426562500004 0.30152649062500003 0.37474837656250004 0.3520426734375 0.3884945015625 0.373762834375 0.41596083281249996 0.462046540625 0.430373765625 0.4819245578125 0.46114900781249996 0.4764980515625 0.46745815625000003 0.439169615625 0.44855743124999997 0.3769686765625 0.4150128640625 0.310451565625 0.3917264453125 0.2852399046875
0 0.3815963140625 0.27840327187499997 0.38190419375 0.2576541484375 0.370543340625 0.20447114375000003 0.35731008124999997 0.191283396875 0.3393322 0.196177953125 0.32730374218749997 0.274179959375 0.3405880484375 0.32702380781249996 0.3483693390625 0.42636394062500005 0.3683429015625 0.4555831796875 0.39012473281250004 0.45870873437500004 0.3955485171875 0.4326739875 0.3905300015625 0.3792224078125 0.3733585953125 0.36135150625 0.3670804875 0.3085559171875 0.3815963140625 0.27840327187499997
2 0.353178828125 0.5558960453124999 0.3328164703125 0.46291057812499997 0.322096503125 0.4527288109375 0.3027080359375 0.4664949390625 0.2649827609375 0.46624864375 0.20679223593749999 0.4230475421875 0.1896091796875 0.46056877343749997 0.186326190625 0.509435603125 0.2015080265625 0.6067836765625 0.2263330484375 0.6575925828125 0.2540562109375 0.6854710640625 0.292217384375 0.6994370578125 0.31337536250000003 0.695706334375 0.3457921 0.6658464125 0.35802554531249997 0.6171259453125 0.353178828125 0.5558960453124999
2 0.4299103515625 0.771733971875 0.432654553125 0.7591781078125 0.42319122968749995 0.750499328125 0.4029568890625 0.6919826812500001 0.3815939234375 0.6664318640625 0.37477190781249997 0.695227884375 0.3609488109375 0.678695003125 0.354306659375 0.6522730796875 0.3243262421875 0.690326259375 0.28260012031250004 0.7011328406249999 0.278368365625 0.72774755625 0.29137071406250004 0.7564971453125 0.3287111390625 0.7826798453125 0.316221659375 0.762462671875 0.329762796875 0.7549012937499999 0.36541067968749996 0.7658613078125 0.40208429843750004 0.793886153125 0.4299103515625 0.771733971875
2 0.0261400859375 0.6071803046875 0.0349974109375 0.6369665046875 0.0809739 0.7068812671875 0.1061277265625 0.717771659375 0.1603471203125 0.6935822328125 0.17611228750000002 0.6691479390625 0.19057875468750002 0.606050215625 0.1882022796875 0.5312340109375 0.155746040625 0.4380367328125 0.1299183453125 0.455130046875 0.09818573593749999 0.4523658734375 0.048380331250000005 0.44024923125 0.043583131250000004 0.46756677812499997 0.048700478125 0.5056751671875 0.032522260937500005 0.577493390625 0.0261400859375 0.6071803046875
2 0.316354825 0.9036219046875 0.35113230781250004 0.96227551875 0.3955920640625 0.9690651484374999 0.43202311250000003 0.9598548765625001 0.46353339374999997 0.9340967421874999 0.47500780000000004 0.8833099687500001 0.469426978125 0.8356650953125 0.444981078125 0.7743585171875 0.4269856609375 0.7858910453125 0.4051620859375 0.8029749296875 0.3812252859375 0.805802384375 0.3557914546875 0.8137701937499999 0.349559496875 0.8420372953124999 0.3517189984375 0.8792741 0.310926434375 0.8864669296875001 0.316354825 0.9036219046875
2 0.0710800359375 0.7121089234375 0.0887431265625 0.7577579734375 0.11313514375 0.7938610781250001 0.1569057703125 0.8035586796875 0.1711976953125 0.7891960375 0.1812889140625 0.7532822390625 0.21458604218750002 0.7376583250000001 0.224391734375 0.722092359375 0.22239854062500003 0.6638321015625 0.1954889671875 0.640712140625 0.17433841249999998 0.682059096875 0.1653558359375 0.7129011000000001 0.152777990625 0.759702696875 0.1367357578125 0.7527786390625 0.1138613296875 0.7275539625 0.09856489375000001 0.7225882921875 0.0710800359375 0.7121089234375
2 0.257333871875 0.9119390390625 0.258878028125 0.87753228125 0.27418511562500003 0.8643839249999999 0.2959046453125 0.8717001328125 0.3005310796875 0.8297836875 0.32147899375 0.8281798578125 0.3361698921875 0.7956347171875 0.265386315625 0.7349704640625 0.23284562343749998 0.7344386671875001 0.21580315 0.75137611875 0.20900665937500001 0.774169846875 0.1896073390625 0.784556671875 0.16905789375 0.8202247234375 0.18573676249999999 0.8625642125 0.23352148593750002 0.9063851062499999 0.257333871875 0.9119390390625