1 0 0.5130929703125 0.00294293125 0.5692474453124999 0.0449714953125 0.6061609296875 0.0839804609375 0.6041165562499999 0.1151825953125 0.5650659140625 0.131845253125 0.5284779546875 0.12775650624999998 0.450460021875 0.09370246875 0.37911460468749997 0.031100271875000002 0.3041632328125 0 0.281875490625 0 0.5130929703125
1 0.164995315625 0.4706175234375 0.135741109375 0.490858375 0.126882765625 0.5457450296874999 0.09284636562500001 0.6053526125 0.0979967015625 0.6663079078125 0.1166224046875 0.7231555859375 0.1598953703125 0.7838136578125 0.1983760609375 0.809008175 0.25476129062499997 0.8026517500000001 0.2864967390625 0.7737773609375 0.3097167875 0.7130359390625001 0.30632905 0.5737560562499999 0.292315328125 0.530272275 0.2701467921875 0.4991207734375 0.1972665984375 0.4706269578125 0.164995315625 0.4706175234375
1 0.4998525609375 1 0.500718225 0.961532425 0.476058365625 0.8641841749999999 0.4148758234375 0.7976619031250001 0.365934325 0.778117715625 0.32993991562499997 0.7817048015625 0.28792143124999997 0.8196216046875 0.27551773281249997 0.8814968656250001 0.27889539375 0.9459464625 0.29290911406250003 0.9894302421875001 0.30175945937500004 1 0.4998525609375 1
1 0.3573786109375 0.4469295390625 0.34248611093750003 0.461315625 0.32582345468749996 0.49790358437500004 0.318560015625 0.5459038546875 0.32175990312499997 0.6069613656249999 0.3357786625 0.6878602875000001 0.3662873484375 0.7661943109375 0.4434265 0.8199754312499999 0.48120114375 0.8690167546875 0.49485428281250005 0.8683012234374999 0.5207383859375 0.839733490625 0.5462644265625001 0.78567401875 0.5515774171875 0.7377759671875 0.54642708125 0.6768206718750001 0.49800125937499995 0.5364997375 0.46678904687499995 0.5007200921875 0.45862919062499996 0.4756372265625 0.39709614375 0.4397459296875 0.3573786109375 0.4469295390625
1 0.581487278125 0.3195368796875 0.5462064765625 0.355399875 0.5313164953125 0.3884935328125 0.5180289796875 0.4708235171875 0.521767221875 0.5794724234374999 0.532768903125 0.6401210609375 0.557598975 0.68473868125 0.5941292171875 0.7100354156249999 0.6292372875 0.7081954796875001 0.6513982656249999 0.68322426875 0.6870270515625 0.5980227265625 0.7019094734375 0.50880635625 0.6979984984375001 0.43418050781249995 0.6816787875 0.38401477812499996 0.6137585609375 0.3195463140625 0.581487278125 0.3195368796875
1 0.1530543828125 0.0188570359375 0.14774391250000002 0.085462659375 0.1578567359375 0.1291508765625 0.17328759062500002 0.1623561859375 0.23021369374999998 0.2222987265625 0.2807526171875 0.2536641 0.363738075 0.269723421875 0.3942341625 0.2545195859375 0.41143013437500003 0.22810787968750001 0.427196375 0.118436784375 0.4165502359375 0.0645723140625 0.3628164625 0.009564571875 0.1530543828125 0.0188570359375
1 0.4848083671875 0.004871946875 0.464420065625 0.026348857812499998 0.444034284375 0.0665333390625 0.4287912796875 0.1115503984375 0.418165296875 0.20734650000000002 0.40363337968749996 0.2659318953125 0.402226325 0.351040653125 0.41038870000000005 0.39483108906250003 0.4375247640625 0.4461306578125 0.460046325 0.46535875625 0.478484178125 0.44398406562500004 0.5082742171875 0.4526270375 0.520152159375 0.43669823750000003 0.529188275 0.3852036671875 0.54868771875 0.3467663359375 0.5761516109375 0.1990667875 0.572057825 0.0836337125 0.51707965 0.00488138125 0.4848083671875 0.004871946875
1 0.232875228125 0.23576484375 0.19918933125 0.2647414515625 0.17437437656250002 0.3323692625 0.1749127296875 0.37996065625000003 0.182541790625 0.41357484062500005 0.21145053125 0.46138010625000003 0.2616339125 0.4859613125 0.3199695890625 0.47950266875 0.3478041421875 0.4508327171875 0.3839738015625 0.43193014218750003 0.3937235234375 0.41271147656249996 0.39761938125 0.3750918953125 0.393002359375 0.3243128546875 0.36781674375 0.27291106875 0.3087699796875 0.265801375 0.24564202812499997 0.23679646562499998 0.232875228125 0.23576484375
1 0.06121058124999999 0.057684373437500006 0.03426740625 0.12202231562500002 0.009810514062500001 0.21514186406250002 0.0073368296875 0.2798981171875 0.051671384375 0.32349355 0.12331977499999999 0.42178063593750004 0.16888361406250002 0.37687522812499996 0.1738410609375 0.322193009375 0.19954235468749998 0.25281805 0.2050331171875 0.20831208124999998 0.1583900515625 0.139327128125 0.14366524375 0.0822750125 0.1445490625 0.0618202890625 0.13905326093749998 0.06891111250000001 0.1408284578125 0.0841243828125 0.1238077375 0.09522060156249999 0.09596562656249999 0.0677678390625 0.0934818640625 0.05769380625 0.10447346718749999 0.043512159375 0.093657115625 0.04237831875 0.092059690625 0.030557134375 0.06121058124999999 0.057684373437500006
1 0.5994850859375 0 0.583755475 0.0456052578125 0.5773859328125 0.147981090625 0.5924662828125 0.2118173734375 0.6550709984374999 0.30547631875 0.7043705609375001 0.35051224687500004 0.7616446484375 0.3611162421875 0.7878842953125 0.3393326765625 0.8259968437499999 0.26420516875 0.8305987484375 0.20273878281250002 0.8128568640625 0.12543638125 0.79263625625 0.07547508750000001 0.75734285625 0.0178002265625 0.737953321875 0 0.5994850859375 0
1 0.73451614375 0.3659393875 0.7042003484375 0.4032428765625 0.697820728125 0.4307884234375 0.7024427890625 0.5189826078124999 0.69057240625 0.591034121875 0.7022851734375 0.6652510953124999 0.722861325 0.7219965562499999 0.759571859375 0.769392946875 0.7815601046875 0.7784447937500001 0.8179075375 0.762934303125 0.8475122453124999 0.712062478125 0.8622219359375001 0.6568691656250001 0.8673571546875 0.60557903125 0.8630906359375 0.5241690140624999 0.8451709796875001 0.44347452968749995 0.8132451625 0.3754189765625 0.7861141375 0.36153455156250003 0.73451614375 0.3659393875
1 0.18244371718750002 1 0.1854566859375 0.9916601843749999 0.1842072453125 0.9305004531250001 0.1756893265625 0.87992585 0.1490840578125 0.8200949609375 0.08400061875 0.7537771281250001 0.021939295312500003 0.7451247203125 0.0121870546875 0.7456358140625 0.0255177171875 1 0.18244371718750002 1
1 0.6581435078125 0.7372931765625 0.6212602421875 0.7239198421874999 0.574096459375 0.7382964953125 0.5498097796875 0.7786854125 0.536339453125 0.82020816875 0.5296093281250001 0.8783846921875 0.534048578125 0.9257716500000001 0.5461118515625001 0.9693576484375 0.562251271875 0.997423721875 0.6870799640625 0.990881728125 0.7129565078125 0.9061912796874999 0.7156079656250001 0.8448271125 0.6968044890625 0.7845873484375 0.6581435078125 0.7372931765625
1 0.790072984375 0.7916042562500001 0.7285525359375 0.849250815625 0.71738568125 0.8787479515625 0.71189491875 0.9232539187500001 0.7172230265625 0.9876012953125001 0.9113815187500001 0.9791265812500001 0.9168748015625001 0.9533281859375 0.913852684375 0.8956627562499999 0.9067569390625 0.872224825 0.868979775 0.8044759296875 0.8414932078125 0.7838073359375 0.790072984375 0.7916042562500001
1 0.8793927109374999 0.44338174375 0.8545727171875 0.47359440937499997 0.8682409734375 0.5851243078125 0.8623997062500001 0.6602612484375 0.8480455609374999 0.7222387296874999 0.87606544375 0.7530835765624999 0.9232317453125001 0.7574144953124999 0.9498269359375 0.7424150984375 0.9829769984375 0.6845546671875 0.9929019718750001 0.6500205140624999 0.9978594203125001 0.595338296875 0.988274871875 0.5244111874999999 0.9522703859374999 0.4531679890625 0.9210606921875 0.43609591718749996 0.8793927109374999 0.44338174375
1 0.7968901749999999 0.063347246875 0.794764475 0.07876495312500001 0.829709890625 0.1857783609375 0.8323764656250001 0.23665962187499998 0.8208565859375 0.278080159375 0.77990725 0.3550570375 0.8173238296875001 0.37860662343749996 0.847476971875 0.450156478125 0.86042154375 0.45458018125 0.8902040234375 0.407100440625 0.8967614156250001 0.382946978125 0.895857440625 0.253741128125 0.8821942234375 0.17962637343750001 0.8635685203125 0.1227786953125 0.8538137593749999 0.1045822171875 0.8057560796875001 0.0645833046875 0.7968901749999999 0.063347246875