1 0 0.6913984140625 0.022040904687499998 0.7031908140625001 0.061954582812500006 0.6971395640625 0.104813046875 0.63504290625 0.1161333078125 0.602078221875 0.11880660937500001 0.5579583546875 0.094035234375 0.48533806874999996 0.011346146875000001 0.4032149359375 0 0.4983173734375 0 0.6913984140625
1 0 0.948494296875 0.14683733125 0.9639275218750001 0.113063940625 0.8835301875000001 0.0626652125 0.8492017468749999 0.021080590625 0.8431233031250001 0 0.8469028171874999 0 0.948494296875
1 0.156694290625 0.543155540625 0.122775034375 0.5669140765625 0.11241560312500001 0.618764721875 0.0735255640625 0.6898170984374999 0.07314974375 0.7307629906249999 0.0865380484375 0.7902327953125 0.1263266265625 0.8507696593749999 0.1731119875 0.8727642453125 0.21956305468749998 0.8605692015624999 0.2472999796875 0.8395763234375 0.279736203125 0.7832151453125 0.290722171875 0.71606083125 0.28813192656250003 0.6099096578125 0.27023223125 0.56533520625 0.24869840468749999 0.5459946640625 0.2284804640625 0.5421619484375 0.156694290625 0.543155540625
1 0.2061939625 0.28707629218749997 0.1499051484375 0.206020215625 0.1440986359375 0.1678399828125 0.1501345875 0.11041175 0.137602775 0.098848253125 0.11702977968749999 0.0983936703125 0.0869953734375 0.1225605203125 0.0526167234375 0.17871754374999999 0.022373645312500003 0.2609251 0.0081714078125 0.39605035625 0.1136266359375 0.504474453125 0.1566522453125 0.45947261250000004 0.1706458078125 0.3823880609375 0.2061939625 0.28707629218749997
1 0.223404309375 0.3008392453125 0.195750959375 0.3303795296875 0.17258823437499998 0.38259221875 0.16460985781249998 0.43981629531250005 0.1688290015625 0.4744142375 0.1941433421875 0.5231834484375 0.2276867796875 0.540370803125 0.27961006718750003 0.5321663625 0.3128192125 0.5151640890625 0.37315950625 0.45490484843749995 0.383101071875 0.3603171671875 0.3647627484375 0.3105734421875 0.223404309375 0.3008392453125
1 0.050485557812500005 0 0.0379961046875 0.1122873171875 0.0756958765625 0.11795744687500001 0.1196823171875 0.0918415640625 0.146103353125 0.055340859374999996 0.161663521875 0.01940635625 0.16441100625 0 0.050485557812500005 0
1 0.2293976984375 0.0009096359374999999 0.19654360937499998 0.014533778124999999 0.1639402390625 0.053800143749999994 0.1519098671875 0.093521090625 0.14727337499999998 0.17500455937499998 0.1692250671875 0.23708213906250003 0.20840787187499998 0.27535491093750003 0.27196495 0.3059431734375 0.350372084375 0.30735319687499996 0.398514859375 0.269720090625 0.41248765781249996 0.23020330000000003 0.42453879531250005 0.15291459062499999 0.4204239890625 0.08929629375 0.39960027343750004 0.0631994875 0.31839421875 0.013678996874999998 0.2635676734375 0.0027933203125 0.2293976984375 0.0009096359374999999
1 0.30417328593750004 0.8216458046874999 0.2611476765625 0.8666476453125 0.24556674374999998 0.9401499093749999 0.2525219984375 0.976743153125 0.469635034375 0.9944394781250001 0.46930074218750006 0.96024985 0.4447172765625 0.8671566171875 0.3981198265625 0.8246890859375 0.3614852234375 0.8088845609374999 0.30417328593750004 0.8216458046874999
1 0.364763265625 0.46939188906249996 0.32439019375 0.507841625 0.3036920953125 0.5739751531249999 0.3032955125 0.6524888046874999 0.3177282203125 0.7393919765625 0.3439198203125 0.798499740625 0.4074768984375 0.829088003125 0.449834440625 0.8745253515625 0.4657289015625 0.8727804765625 0.49108477031250003 0.84641416875 0.515479809375 0.8011618984375 0.526800071875 0.7681972125 0.5319587640625 0.700430428125 0.502884671875 0.5846647890625001 0.4735183328125 0.51839245 0.461341578125 0.503450825 0.44580217343750006 0.5018175671875 0.4241847734375 0.4739296171875 0.364763265625 0.46939188906249996
1 0.507707521875 0.006253031250000001 0.48686304218750004 0.0177239859375 0.4425843546875 0.0933331671875 0.43126409375 0.126297853125 0.42522814374999995 0.1837260875 0.400269375 0.29039719375 0.3935233125 0.354581690625 0.39667728750000003 0.399314028125 0.4078724484375 0.43293745625 0.433458271875 0.4697811265625 0.4440476578125 0.4811404640625 0.4615294875 0.482977878125 0.5064975234375 0.43818019374999995 0.5176506390625 0.3881206953125 0.5424007328125 0.33949029531249997 0.5680696140625 0.2260629265625 0.5764030453125 0.1654607171875 0.5771546859375001 0.083568934375 0.5588999343750001 0.042372615625 0.5259830375 0.009881590625 0.507707521875 0.006253031250000001
1 0.5977692109375 0.0088879984375 0.5853002078125 0.0434396703125 0.577133921875 0.12113669375 0.5790555828125 0.1589086125 0.6045370703125 0.22477263593750002 0.6700158109375 0.2931328171875 0.722628446875 0.3157398734375 0.771376996875 0.3003708578125 0.8269759453125 0.191796990625 0.8317795828125 0.1274083359375 0.819978646875 0.0715208171875 0.8025175812500001 0.03211564375 0.5977692109375 0.0088879984375
1 0.594783415625 0.2988873703125 0.5635166953125 0.3160938015625 0.5321456390625 0.3623205859375 0.5110924859375 0.4318322453125 0.5034484015625 0.5232459515625 0.5085240390625 0.60575020625 0.5285333062500001 0.6676236296875 0.5500671328125 0.6869641718749999 0.5807908859375 0.6936088171875 0.6201823640625 0.673840884375 0.6503211062500001 0.6206536781249999 0.679331871875 0.5314857015625 0.6908608078125 0.440480309375 0.6889391453125 0.40270839374999995 0.6756344140625 0.35178599374999997 0.6618702890625 0.3332620796875 0.6091740796875 0.3021076140625 0.594783415625 0.2988873703125
1 0.6307362249999999 1 0.6575488765624999 0.96295828125 0.6812545671875 0.8868945140625 0.6925955921875 0.81636206875 0.684324453125 0.764260996875 0.6547702046875 0.718461603125 0.6239628781250001 0.7032695515625 0.5836105703125 0.7041515265625 0.5581711265625 0.721970428125 0.534047571875 0.7552971578125 0.5121171609374999 0.8144702671875 0.503428671875 0.8784506078125001 0.5074599046875 0.933521496875 0.518655065625 0.967144925 0.5407393234375 1 0.6307362249999999 1
1 0.781089125 0.30139164375 0.7215632796875 0.32587426875 0.69177959375 0.37568334062500003 0.6889391453125 0.40270839374999995 0.6920931203125 0.44744072968750004 0.676491425 0.558510753125 0.6828201390624999 0.6104076671875001 0.7060041453125 0.6794456671875 0.73035765625 0.70932891875 0.758428871875 0.7225256703125 0.782803146875 0.7148411609374999 0.820356534375 0.6658487171874999 0.8452945390625001 0.596745371875 0.8561133625 0.51249624375 0.8513927828125001 0.4266138578125 0.8380044765625 0.36714405 0.8165749874999999 0.3187831546875 0.7974222140625 0.30481604375 0.781089125 0.30139164375
1 0.823320415625 1 0.8474679546875 0.9777964046875001 0.8818466031250001 0.9216393843749999 0.893897740625 0.8443506749999999 0.8872139703125 0.7958318921875 0.8571375203124999 0.736315815625 0.8250978796874999 0.7141633421875 0.79216021875 0.719240078125 0.7540010546875 0.7459684328125 0.7106203890625 0.7943484062499999 0.6927627390625 0.8334568828125001 0.6851394187500001 0.8873028296875001 0.6847428343749999 0.9658164812500001 0.69521041875 1 0.823320415625 1
1 1 0.05220023124999999 0.9240967078125 0.0431864 0.915345409375 0.06105157343749999 0.9034614187500001 0.1554350953125 0.9055502265625 0.21030182812499998 0.9173511624999999 0.2661893453125 0.9576619421875 0.340442890625 0.9860882140625 0.350261509375 1 0.3440380875 1 0.05220023124999999
1 0.8871916546874999 0.356944309375 0.848050896875 0.40235446406250003 0.85717853125 0.5023618484375 0.8486571890624999 0.583437003125 0.8325540546875001 0.6432225828125 0.8522290296874999 0.670906375 0.891077540625 0.67498951875 0.9327664999999999 0.6520476109375 0.9671451484375 0.5958905890625 0.984835653125 0.5396872984375001 0.9907044578124999 0.46516424843750004 0.977671209375 0.4023163109375 0.953234125 0.3638856515625 0.9224267984375001 0.3486936 0.8871916546874999 0.356944309375
1 0.8083448578124999 0.032728115625 0.8333669515625 0.1309906234375 0.8292734265625 0.188623015625 0.7764105890625 0.299192184375 0.8043982312500001 0.3038415296875 0.8185174125 0.3189873125 0.8467350109374999 0.3868466390625 0.8720908796875 0.360480328125 0.8922460109375001 0.3181978765625 0.9046522046875 0.23753103593749997 0.8893630015625 0.102721553125 0.8627327734374999 0.038444515624999995 0.8083448578124999 0.032728115625
1 0.9502020218749999 1 0.9664775999999999 0.845148228125 0.936004565625 0.864145803125 0.886775859375 0.9494810640625 0.8830069546875 1 0.9502020218749999 1
1 0.9222191593750001 0.7243712 0.9267933578124999 0.7555910124999999 0.9402860000000001 0.786040465625 0.963407196875 0.8089632968749999 0.9703832140624999 0.8079887812500001 0.9927517375000001 0.5951665015625001 0.967583778125 0.6010598640625 0.931262703125 0.6570127296875 0.9271899421875001 0.6770773609375 0.9222191593750001 0.7243712