1 0.092234328125 0.46679864843749996 0.060997134375 0.5019238328125 0.04703844375 0.5440616296874999 0.043104262500000004 0.5887321109375 0.052620507812499995 0.6526841140624999 0.0751012015625 0.6967484484375001 0.1772491890625 0.7662350828125 0.2835640921875 0.7825065890625 0.29771272031249996 0.7761541750000001 0.31173472343749997 0.7459448375 0.3233678484375 0.6324065046875 0.31368218125 0.5889276078125001 0.28506836406249997 0.5419901375 0.20939856406250001 0.48382581875 0.15868392656250002 0.46439477656249994 0.092234328125 0.46679864843749996
1 0.18478400625 0.24729932500000001 0.157078840625 0.26677178437500004 0.144706484375 0.29342708125 0.1385305640625 0.33488397187499996 0.14669320937500002 0.4057738296875 0.1711829078125 0.4615964 0.23617279687499998 0.498531946875 0.2956849640625 0.5512904484375001 0.31207532968749996 0.54815161875 0.3328225484375 0.527583046875 0.35420465156250003 0.46945207031249997 0.35154024375000004 0.43899774999999996 0.31672999218750003 0.3772586828125 0.3009112 0.3309066515625 0.24298536718750002 0.26266565000000003 0.21202370468749998 0.2449161609375 0.18478400625 0.24729932500000001
1 0.18436133593749998 0.22005859062500002 0.21591508906249998 0.24457570781250002 0.251064184375 0.26536855937500003 0.2771830140625 0.26137860156250003 0.3034712640625 0.2369155359375 0.334920675 0.136987215625 0.33974299218750004 0.102468178125 0.324855134375 0.0219375578125 0.3192507890625 0.0139035875 0.128572896875 0.030585742187499997 0.1384485015625 0.109850021875 0.1355718765625 0.144198834375 0.1502064859375 0.1770156125 0.18436133593749998 0.22005859062500002
1 0.5253658328124999 0.128849709375 0.465345403125 0.13751053124999998 0.41881819687500005 0.12112284843750001 0.38603746562499996 0.12740050625 0.353679403125 0.160918896875 0.312205484375 0.2583145328125 0.30632560937500003 0.3031552375 0.31047024375 0.350528628125 0.33608081093750003 0.40795799062500004 0.3514769328125 0.42706928906249997 0.39694658125000004 0.45377863749999997 0.454492540625 0.450448875 0.48526426718750004 0.432412984375 0.5180877953125 0.3818053 0.5441433124999999 0.36588688125 0.5628182125000001 0.3216316125 0.5692901781249999 0.2835585328125 0.5636653171875 0.2192660765625 0.5489040828125 0.162592378125 0.5253658328124999 0.128849709375
1 0 0.515268440625 0.023457396875 0.5546489890624999 0.0426815921875 0.561491375 0.053806454687500005 0.509372365625 0.0736655359375 0.47865235000000006 0.0958296671875 0.4630743828125 0.14836337187499998 0.458478278125 0.152487490625 0.4495931796875 0.13658487187499999 0.3350541984375 0.14428381562499998 0.266186346875 0.1091142046875 0.18913500625 0.08305868749999999 0.205053425 0 0.21232011874999998 0 0.515268440625
1 0 0.2117735421875 0.001339590625 0.2122029203125 0.052752426562499996 0.20600002343749999 0.08859972031249999 0.201158934375 0.1303268890625 0.1514771390625 0.13667222968749998 0.0895471390625 0.11884443281249998 0.031436871875 0 0.0430978078125 0 0.2117735421875
1 0.4854234734375 0 0.3456656640625 0.013297443749999999 0.3656718859375 0.0626928375 0.42076388906249995 0.120952621875 0.46115797187499996 0.1344671703125 0.5109211593749999 0.13181831093750002 0.5283690828125 0.1183578171875 0.5686160234375001 0.051756953125000005 0.568341315625 0 0.4854234734375 0
1 0.4169956 0.458844003125 0.3972426265625 0.4571624515625 0.382861265625 0.4720595140625 0.3705771453125 0.477637209375 0.3378348015625 0.5288493875 0.32624447343749996 0.5980576921874999 0.3234516765625 0.700593453125 0.3148645984375 0.7593098656249999 0.3230272421875 0.8301997234374999 0.342271953125 0.8933005984375001 0.36745985000000003 0.9234892265625 0.39776611093750003 0.9225426296875 0.42912992812499995 0.911274365625 0.4434479765625 0.8844488437500001 0.46370921249999997 0.8247110734374999 0.4708160640625 0.74907559375 0.465023546875 0.5484092406250001 0.45966576718749996 0.531822290625 0.45026231250000004 0.49173554218750004 0.4169956 0.458844003125
1 0.5421976203125001 0.3660571078125 0.5081899109375 0.4031295375 0.47555631875 0.489522603125 0.46515017187499996 0.5722661625 0.4685332953125 0.63334503125 0.485240221875 0.689848503125 0.5090745171875 0.7269749859375 0.53584875 0.7416811156249999 0.5900954140625 0.74545943125 0.6202750499999999 0.7206559140625 0.640303553125 0.6694627921875 0.6510057453125 0.590103046875 0.6460157718749999 0.4882481890625 0.6334962749999999 0.43478807656249996 0.6113116265625 0.39410755625 0.5755704421875001 0.366547078125 0.5421976203125001 0.3660571078125
1 0.6336059125 0.0886925015625 0.5987100671875 0.11561349218750001 0.5794430765625 0.153101134375 0.567556703125 0.21892562343750002 0.5721240062499999 0.293539746875 0.5955561484375 0.35968398281249997 0.6252275218750001 0.3962997875 0.6600805703125 0.41370882499999995 0.6942782171874999 0.41242177656249995 0.71756321875 0.398450603125 0.74042555 0.3572386953125 0.7461788 0.28854106874999996 0.7420769609375 0.1968376515625 0.728795953125 0.15708302031250002 0.702423875 0.1133591375 0.668924428125 0.0890122453125 0.6336059125 0.0886925015625
1 0.572739609375 0 0.5813477375 0.04041393125 0.6004025109375 0.067729425 0.62941848125 0.085649140625 0.6713989 0.0836811875 0.7048778296875 0.051769590624999993 0.7235516890625 0 0.572739609375 0
1 0.790486546875 0.2011266484375 0.767032125 0.23557092812499997 0.749012628125 0.298522284375 0.74448635625 0.3364251359375 0.7517608640625 0.3971635546875 0.7743048703125 0.45315635 0.81696120625 0.5261429703125 0.8446235734374999 0.5510005390625 0.8807669125 0.549543265625 0.92262070625 0.523718390625 0.9402380499999999 0.4897847875 0.9491211734375 0.43445219062499996 0.9418466656250001 0.3737137734375 0.908263390625 0.281179934375 0.8757581875 0.23458291406249998 0.8377752640624999 0.20380884843749997 0.790486546875 0.2011266484375
1 0.7270075171875 0 0.70929799375 0.0462683046875 0.7054904359374999 0.1147957046875 0.7284999078125 0.1536992078125 0.7452068359374999 0.2102026796875 0.75724035 0.224493596875 0.76584794375 0.22203567500000002 0.7940818875 0.1974023828125 0.8374792187500001 0.2004250359375 0.852854825 0.163277846875 0.8671523578125001 0.0801938359375 0.86093540625 0.0091337515625 0.8581960093750001 0 0.7270075171875 0
1 0.758041128125 0.48015209687500005 0.7083412515624999 0.49472941718749996 0.6779288828125 0.52807758125 0.6540089953125 0.5796111546875 0.6476636546875 0.6415411546875001 0.6242297484375 0.732243921875 0.6348035515625 0.7858742609375 0.661471675 0.83298195625 0.7064758578125 0.8767805984375 0.730945040625 0.8763446796875 0.7705570953125 0.8473062171875 0.80361335625 0.7881538875 0.8175720468750001 0.7460160890624999 0.8296278421875 0.659718490625 0.8234108906250001 0.5886584078125 0.8041661796874999 0.5255575343750001 0.78511140625 0.498242040625 0.758041128125 0.48015209687500005
1 0.34466322968749996 1 0.3501385515625 0.9608066421875 0.3462899625 0.916817065625 0.32032003750000004 0.8440754296874999 0.2990235265625 0.8135463484375001 0.2771982359375 0.7881781015625 0.213455840625 0.77670626875 0.19983599218749998 0.77789785 0.18162655781249998 0.8050638250000001 0.1721513421875 0.853628796875 0.1764226015625 0.9248591062499999 0.1911838359375 0.9815328062500001 0.20033315937500001 1 0.34466322968749996 1
1 0.055452571875 0.81951233125 0.0934988078125 0.862214859375 0.11803130312500001 0.8737074 0.14833756250000002 0.872760803125 0.17050169531249998 0.8571828359375001 0.1867449203125 0.7739285984375 0.075397246875 0.7001322609375 0.052916553125 0.6560679265625 0.039709190625 0.660844003125 0.027410329687500002 0.7230840015625 0.03544635 0.7701169390625 0.055452571875 0.81951233125
1 0.50213653125 1 0.7009125453125 0.98126360625 0.695879775 0.9237387765625 0.68052645 0.86029745 0.635755 0.8079541609374999 0.595064871875 0.7910558015625 0.5016716203125 0.7992266515625001 0.463180434375 0.8298719078125 0.4453936703125 0.8842786171875 0.4420087828125 0.9800467515625 0.447673834375 1 0.50213653125 1
1 0.8340908031250001 0.6098871781249999 0.8283170359375 0.6223263171875 0.8299238875 0.6631023046875 0.820575296875 0.7355241968749999 0.787708971875 0.8304619093750001 0.8066576375000001 0.8901789703125 0.8324376265625 0.927135225 0.8614535968749999 0.9450549421875 0.8898141640624999 0.9442785703125001 0.9199938 0.919475053125 0.9409104390625 0.878433371875 0.9508511203125 0.81277910625 0.9471719515625001 0.748316425 0.9321146718750001 0.6882589109375 0.9054465484374999 0.641151215625 0.8674636250000001 0.6103771484375 0.8340908031250001 0.6098871781249999
1 1 0.5728196343749999 0.9721083640625 0.5739442078125 0.9411672171875001 0.61245320625 0.9322840921875001 0.6677858046875 0.9346524546874999 0.6948563125 0.946283815625 0.7381649828125 0.98103075625 0.7879755890625 1 0.79771266875 1 0.5728196343749999
1 0.8424914734375 0.2016913765625 0.9057256062500001 0.27458253125 0.9336412234375 0.3471539421875 0.9420160859375001 0.3532406671875 0.9663586437499999 0.3289478265625 0.9836799421875 0.2916304109375 0.9694697671875 0.1292073625 0.9314235312499999 0.0865048359375 0.8847269046875 0.0905902609375 0.8642757328125 0.11454264843749999 0.8424914734375 0.2016913765625
1 1 0.8617645078124999 0.9869516624999999 0.8556518578125001 0.9472762953125 0.8727618609375 0.9121049203125 0.9525575249999999 0.9141139265625 0.964315759375 1 0.95565143125 1 0.8617645078124999
1 0.20130426093749998 1 0.180144565625 0.9449917609374999 0.14133681874999998 0.9159947140625 0.10885213281249999 0.925656184375 0.08922578437499999 0.9478315531250001 0.07025483906249999 0.9887030093750001 0.06781165624999999 1 0.20130426093749998 1
1 0.8036543875 0.9006708625 0.7799895140625 0.8430712734375 0.7434440203125 0.8735463031249999 0.7167964125 0.8826970953125001 0.6824721421875 0.8601272249999999 0.7059248 0.9825299484375 0.8059799546875 0.9720713984374999 0.8036543875 0.9006708625
1 0.8591033375 0 0.8637692343750001 0.019114965625 0.8678077609375 0.0988899234375 0.9252904078125 0.08363170156250001 0.9688776765625 0.12243973593749999 0.9574338499999999 0 0.8591033375 0