1 0.31640625 0.7591711953125 0.30078125 0.708220109375 0.2666015625 0.6487771734375001 0.2353515625 0.631793478125 0.2060546875 0.6351902171875 0.1845703125 0.6521739125 0.16015625 0.7048233703125 0.1484375 0.7659646734375001 0.150390625 0.8033288046875 0.1640625 0.8508831515624999 0.1845703125 0.8831521734375001 0.2177734375 0.9069293484375001 0.251953125 0.9086277171875 0.2763671875 0.8967391296875 0.302734375 0.8576766296875 0.31640625 0.8135190218749999 0.31640625 0.7591711953125
1 0.478515625 0.7048233703125 0.46875 0.657269021875 0.4384765625 0.5978260875 0.4208984375 0.5842391296875 0.3955078125 0.5842391296875 0.3330078125 0.6351902171875 0.3125 0.684442934375 0.310546875 0.7319972828125 0.3203125 0.799932065625 0.3447265625 0.8525815218749999 0.3740234375 0.8865489125 0.416015625 0.8916440218749999 0.4384765625 0.8763586953125 0.4609375 0.8372961953125 0.478515625 0.7455842390625 0.478515625 0.7048233703125
1 0.5986328125 0.7133152171875 0.607421875 0.6810461953125 0.607421875 0.6165081515625 0.595703125 0.565557065625 0.5556640625 0.5163043484375 0.5087890625 0.48573369531250005 0.4873046875 0.48573369531250005 0.4580078125 0.512907609375 0.439453125 0.5553668484375 0.435546875 0.592730978125 0.46484375 0.643682065625 0.48046875 0.721807065625 0.486328125 0.7252038046875 0.5146484375 0.6929347828125 0.5478515625 0.682744565625 0.5712890625 0.68953804375 0.5986328125 0.7133152171875
1 0.3798828125 0.546875 0.3583984375 0.53328804375 0.3154296875 0.5366847828125 0.2783203125 0.5706521734375001 0.255859375 0.6402853265624999 0.2841796875 0.6725543484375 0.30859375 0.7184103265624999 0.31640625 0.6674592390625 0.3349609375 0.631793478125 0.400390625 0.5757472828125 0.3798828125 0.546875
1 0.626953125 0.8033288046875 0.615234375 0.7523777171875 0.5908203125 0.7065217390625 0.5595703125 0.6861413046875 0.5244140625 0.68953804375 0.5009765625 0.7065217390625 0.48046875 0.7455842390625 0.47265625 0.786345109375 0.47265625 0.8305027171875 0.482421875 0.8678668484375001 0.5068359375 0.9069293484375001 0.5380859375 0.9341032609375001 0.56640625 0.9425951093749999 0.5947265625 0.9341032609375001 0.61328125 0.9086277171875 0.626953125 0.8610733703125 0.626953125 0.8033288046875
0 0.76953125 0.67764945625 0.76171875 0.606317934375 0.74609375 0.5553668484375 0.7314453125 0.53328804375 0.7060546875 0.53328804375 0.697265625 0.5485733703125 0.708984375 0.5825407609375 0.7080078125 0.5944293484375 0.693359375 0.59952445625 0.70703125 0.7150135875 0.69921875 0.8372961953125 0.70703125 0.840692934375 0.7216796875 0.8288043484375001 0.7529296875 0.8355978265624999 0.767578125 0.7523777171875 0.76953125 0.67764945625
0 0.66796875 0.565557065625 0.6669921875 0.540081521875 0.6416015625 0.540081521875 0.62890625 0.6097146734375001 0.662109375 0.7795516296875 0.6748046875 0.7982336953125 0.6875 0.7965353265624999 0.705078125 0.7591711953125 0.705078125 0.72860054375 0.68359375 0.5893342390625 0.66796875 0.565557065625
0 0.7958984375 0.526494565625 0.7685546875 0.5298913046875 0.7578125 0.5451766296875 0.755859375 0.57235054375 0.76953125 0.6334918484375 0.7998046875 0.7065217390625 0.8212890625 0.7302989125 0.837890625 0.72860054375 0.84765625 0.7116168484375 0.845703125 0.670855978125 0.810546875 0.5485733703125 0.7958984375 0.526494565625
0 0.8546952765625001 0.6365799328125 0.8759979296875 0.6317776281249999 0.868107990625 0.5830688703125 0.8527227703125 0.5590575765625 0.8322090859375001 0.5618016625 0.8255026843750001 0.5851270875 0.849172328125 0.6729399218750001 0.84765625 0.7150135875 0.8427734375 0.7269021734375001 0.82421875 0.735394021875 0.822265625 0.7931385875 0.8310546875 0.8186141296875 0.853515625 0.8271059781250001 0.865234375 0.80672554375 0.875 0.735394021875 0.873046875 0.6674592390625 0.8546952765625001 0.6365799328125
0 0.62890625 0.6097146734375001 0.6162109375 0.5740489125 0.5927515265625 0.5487669453125 0.592357128125 0.5199533484375001 0.5821002 0.5069186296875 0.56789843125 0.4993722390625 0.5592196109375001 0.513092978125 0.5974854203125 0.5618016625 0.6108982203125 0.62011495625 0.6120816718750001 0.674312040625 0.6015625 0.7184103265624999 0.626953125 0.7965353265624999 0.626953125 0.8678668484375001 0.638671875 0.8746603265624999 0.6533203125 0.8661684781250001 0.662109375 0.8440896734375001 0.662109375 0.7829483703125 0.62890625 0.6097146734375001
2 1 0.3549592390625 0.9501953125 0.3396739125 0.9072265625 0.370244565625 0.896484375 0.395720109375 0.896484375 0.4398777171875 0.888671875 0.473845109375 0.892578125 0.5757472828125 0.9013671875 0.5876358703125 0.9208984375 0.5706521734375001 0.9521484375 0.567255434375 1 0.5961277171875 1 0.3549592390625
2 0.970703125 0.2836277171875 0.9599609375 0.268342390625 0.9462890625 0.268342390625 0.9443359375 0.292119565625 0.9384765625 0.278532609375 0.9033203125 0.2615489125 0.8720703125 0.227581521875 0.8564453125 0.227581521875 0.8369140625 0.2445652171875 0.833984375 0.2564538046875 0.84765625 0.2734375 0.849609375 0.29721467343749997 0.8671875 0.3413722828125 0.8818359375 0.35326087031250003 0.884765625 0.33797554375 0.8935546875 0.332880434375 0.900390625 0.3481657609375 0.8984375 0.371942934375 0.904296875 0.371942934375 0.9404296875 0.3430706515625 0.9775390625 0.3396739125 0.98046875 0.3243885875 0.970703125 0.2836277171875
2 0.8294476984375001 0.21329410625 0.82313586875 0.23593335624999998 0.83063115 0.2469099703125 0.8606126218749999 0.22907298593749997 0.8870438265624999 0.22084049687500001 0.9118969218749999 0.21603823125 0.92175910625 0.199573328125 0.9296491328125001 0.1529227125 0.9608139703124999 0.153608771875 0.9608139703124999 0.14331814062499998 0.9371444140625 0.0877490328125 0.924126096875 0.0767724375 0.895722559375 0.0623656 0.866135571875 0.0555052125 0.837732034375 0.0685399484375 0.8057780546875 0.100097725 0.7970991484375001 0.1385159125 0.8043052718749999 0.17968407343749998 0.8034110640625001 0.180364228125 0.8227412968750001 0.1865385765625 0.8294476984375001 0.21329410625