0 0.9956293374999999 0.6338869265625 0.9607949140625 0.5680931 0.9145492890625 0.437323403125 0.8371043609375001 0.27657431875 0.8111998015624999 0.23488399843750002 0.7903212374999999 0.2171608546875 0.76896849375 0.213016390625 0.7470230296875 0.2258452765625 0.7357539359375 0.24074639375 0.731020253125 0.2643727578125 0.7694029140625 0.3404869203125 0.8359343812500001 0.5059531109375001 0.8780390468749999 0.6433758218750001 0.891789478125 0.6693470687499999 0.9033508843750001 0.70203949375 0.9406983046875 0.7798169109375 0.9849684312500001 0.8272467875 0.9956293374999999 0.6338869265625
0 1 0.45035774375 0.9936619375 0.438386671875 0.9131665124999999 0.33701023124999996 0.8802207031249999 0.32906211875 0.8729740250000001 0.34070489375 0.879833409375 0.3681349046875 0.9246329375 0.45636898437499995 0.9951632578125 0.5353051718749999 1 0.47701450625 1 0.45035774375
0 0.9988300390625 0.5422308390625 0.92451439375 0.4597636546875 0.9500316578125 0.5405267609375 0.993795946875 0.6304240937500001 0.9988300390625 0.5422308390625
0 0.8623606015625 0.770133484375 0.8910085921875 0.786235875 0.8706421625 0.6873020421875 0.856567759375 0.642626028125 0.769276271875 0.4560420234375 0.6822851937500001 0.20489112812500002 0.6681791296874999 0.189103890625 0.6384259250000001 0.201660125 0.62851604375 0.233602753125 0.629519621875 0.260828278125 0.66305005625 0.3639634734375 0.7444857390624999 0.5503429875 0.8400591453124999 0.723620965625 0.8623606015625 0.770133484375
0 0.7396983484375 0.7898759515625 0.7771731609375 0.8358044109374999 0.7795402390625 0.8132338718750001 0.7533441843750001 0.744384478125 0.7273844031250001 0.648311275 0.706276846875 0.5252170375 0.632949315625 0.27454328281249996 0.6078429062499999 0.237979046875 0.5805158140625 0.2370247640625 0.552919971875 0.271748596875 0.545997265625 0.3020961359375 0.5466452109375 0.33950566875 0.5855572734375001 0.456424034375 0.6094465765625 0.555823746875 0.6581183140625 0.6730829265625 0.7020559359375 0.7487469453125 0.7396983484375 0.7898759515625
0 0.6827188843750001 0.7521146171875001 0.6781670671875 0.714568759375 0.62866551875 0.6210722671875 0.5373597125 0.32558617500000003 0.521538803125 0.3029414328125 0.49983042656250004 0.3089809796875 0.4899205453125 0.340923609375 0.4955944859375 0.40230032187500003 0.5441476796875 0.522954171875 0.55786645 0.5778141953125 0.6169774703125 0.703934946875 0.63738185625 0.7352367703125 0.6592956609375 0.7512966609375 0.6827188843750001 0.7521146171875001
0 0.523719 0.82813365 0.5428274953125001 0.784616409375 0.5484778718750001 0.7627214625 0.5540097046875 0.744221184375 0.5501139312500001 0.631924425 0.534680315625 0.5702068984374999 0.529362009375 0.498646178125 0.5170024515625 0.460827665625 0.4994666953125 0.4313254234375 0.47628056250000006 0.423718125 0.46513001249999997 0.4352245734375 0.4453102515625 0.499109834375 0.4288016359375 0.580104771875 0.46670202187500004 0.7819580484374999 0.5096998203124999 0.8378405171875001 0.523719 0.82813365
0 0.6611209546875 0.866919928125 0.65343985625 0.751092171875 0.6168589250000001 0.7073296171875 0.5969287171875 0.6624491140625001 0.568953678125 0.6240852984374999 0.5690405609375 0.6495794046875 0.6119117171874999 0.8210169781250001 0.6395311234375 0.8695648046875 0.6611209546875 0.866919928125
0 0.3926551265625 0.6638127468749999 0.43631706562500006 0.53278388125 0.4899205453125 0.340923609375 0.49945123125 0.23589333125 0.4858193453125 0.20652741406250003 0.4603256421875 0.2090359640625 0.435448225 0.277842821875 0.410712915625 0.4265266671875 0.37497726249999996 0.554433515625 0.372606371875 0.622326915625 0.3827769046875 0.6668666015625 0.3926551265625 0.6638127468749999
0 0.1906891046875 0.655060534375 0.23434294531250002 0.6361921015625 0.3133134859375 0.5573783828125001 0.3788575703125 0.471298184375 0.3971679140625 0.42265485625 0.41349466250000005 0.40283214218749996 0.4286440640625 0.304795690625 0.3992781515625 0.278279140625 0.361480115625 0.2973520609375 0.2496742125 0.47698342968749996 0.20933151875 0.5129615390625 0.157806615625 0.5893348703125 0.11518801406250001 0.606540046875 0.1346757046875 0.6361104546874999 0.17415692656249998 0.6527838125 0.1906891046875 0.655060534375
0 0.2365790953125 0.796014240625 0.23601803437500002 0.784098815625 0.25672283125 0.7508337453125 0.28275403125 0.6769689640625 0.3091725265625 0.564031396875 0.242387775 0.6296754140624999 0.22212549531249998 0.678250578125 0.211946865625 0.745871325 0.2276175703125 0.8007995125 0.2365790953125 0.796014240625
0 0.1891951515625 0.8657345578125 0.17165939531250002 0.8362323140625 0.226298115625 0.6427087890625 0.175073621875 0.6545152296875 0.1605486046875 0.706689553125 0.1503699734375 0.7743103 0.150543740625 0.8252985109375001 0.1712721015625 0.8753051 0.181711384375 0.884166671875 0.1891951515625 0.8657345578125
0 0.253815171875 0.47033041718749996 0.317083346875 0.36547728749999997 0.3199836375 0.3383880921875 0.310255621875 0.3091585 0.281450771875 0.294557375 0.2621368484375 0.3159751796875 0.23379807968750002 0.3999558078125 0.20853336875 0.5078354515625 0.253815171875 0.47033041718749996
0 0.143283834375 0.590853653125 0.192295740625 0.50249673125 0.228679340625 0.411999415625 0.26796323125 0.29441290468750003 0.258353759375 0.26178864375 0.22552649531250002 0.2504458609375 0.2154111859375 0.26028905625 0.15740609375 0.3823200234375 0.1436792265625 0.4396204328125 0.1009656421875 0.5434919390624999 0.08738111093749999 0.6039768109375 0.0877309984375 0.641350184375 0.09270431875 0.6776135953125 0.1031688703125 0.6944539640625 0.11597646406249999 0.68940961875 0.12393495000000002 0.664975090625 0.143283834375 0.590853653125
0 0.0766072921875 0.8159189734375 0.0897097765625 0.8044806890625 0.1198186171875 0.7817404453125001 0.1541000765625 0.7234584140625 0.17208644687500002 0.6561103187499999 0.13650909687499999 0.6395732875 0.12855115 0.67158408125 0.11509303281250001 0.693206375 0.0943013515625 0.7009773390625 0.083387890625 0.7056944453125 0.030827748437500004 0.78373103125 0.025027165624999997 0.8379094234375 0.0305273375 0.8482979234375 0.0766072921875 0.8159189734375
0 0.081432175 0.59347224375 0.1081548609375 0.5281218234375 0.148916509375 0.42418215468750003 0.158265328125 0.3803240984375 0.1815147828125 0.33015384375 0.177405484375 0.30791808125000003 0.1425077390625 0.29990180624999996 0.08935487343750001 0.394911740625 0.057641634374999993 0.51956024375 0.037944623437500005 0.5953858999999999 0.03547855625 0.666004840625 0.081432175 0.59347224375
0 0.049162384375 0.3986064015625 0.0803064640625 0.3742029046875 0.06998572656249999 0.3619466640625 0.04461056875 0.36106054374999996 0.004623509374999999 0.386854640625 0.00062465625 0.47338464374999994 0.049162384375 0.3986064015625
0 0 0.6748054906250001 0.0186469703125 0.63933174375 0.055680034375 0.5143935296875 0.060974778125 0.5026825921875 0.08751181875 0.3863503546875 0.0700629453125 0.3823422171875 0.047880392187499995 0.4019604421875 0.0011760546875 0.48020151718750004 0.001618571875 0.4955116140625 0 0.5322098453125 0 0.6748054906250001
0 0.46593709843750003 0.8652021718749999 0.4297118015625 0.8112556078125 0.4136854625 0.7665114296875 0.4087861109375 0.6269891484375 0.405000784375 0.623458153125 0.38852383125 0.6755643140625 0.37820309218750003 0.663308071875 0.3731770984375 0.6393408921875 0.3686252828125 0.601795034375 0.372236840625 0.55433781875 0.3922936921875 0.48366321718750005 0.3738095796875 0.48131833281249997 0.3543771109375 0.5061308078125 0.341124421875 0.5498525390625 0.341963628125 0.66327091875 0.3429630609375 0.734147903125 0.3536396578125 0.7810626921875 0.3719518953125 0.8143368000000001 0.43228002187500003 0.877622078125 0.5004475484375 0.9122912328125 0.46593709843750003 0.8652021718749999
0 0.91419404375 0.7440557578125 0.8850169765624999 0.6674111640625 0.8358158375 0.50934778125 0.76195080625 0.330030259375 0.724366296875 0.25904218125 0.7031320984375 0.251503046875 0.7086006109375 0.29078032187499997 0.765728034375 0.4457216875 0.8641414140625001 0.6626789484375 0.885555609375 0.7615900140625 0.9119913390625 0.8071329796875 0.91419404375 0.7440557578125
0 0.7467081984374999 0.5665929375000001 0.7137872453125 0.49199234374999995 0.7165071359375 0.5497497234375001 0.73188774375 0.6518824390625 0.74630436875 0.7024972843749999 0.7726299921875001 0.78510484375 0.79816865 0.8450319515625001 0.828524575 0.8687451265625 0.840987425 0.8396626656249999 0.8251263124999999 0.7738953921875 0.793681871875 0.6482747343749999 0.7467081984374999 0.5665929375000001