1 0.33984375 0.735394021875 0.318359375 0.684442934375 0.2861328125 0.6419836953125 0.2607421875 0.631793478125 0.2255859375 0.6419836953125 0.203125 0.670855978125 0.185546875 0.7184103265624999 0.177734375 0.7591711953125 0.181640625 0.8169157609375001 0.19140625 0.8474864125 0.2197265625 0.8899456515624999 0.2548828125 0.9103260875 0.28515625 0.9086277171875 0.3173828125 0.8831521734375001 0.341796875 0.83389945625 0.34765625 0.7795516296875 0.33984375 0.735394021875
1 0.505859375 0.6946331515625 0.49609375 0.6538722828125 0.4736328125 0.6080163046875 0.4462890625 0.5842391296875 0.4189453125 0.5876358703125 0.3642578125 0.631793478125 0.345703125 0.6674592390625 0.337890625 0.7150135875 0.34765625 0.7931385875 0.357421875 0.8237092390624999 0.3974609375 0.8831521734375001 0.43359375 0.8950407609375001 0.4619140625 0.8831521734375001 0.486328125 0.8474864125 0.5078125 0.7455842390625 0.505859375 0.6946331515625
1 0.650390625 0.776154890625 0.634765625 0.72860054375 0.6025390625 0.6929347828125 0.5712890625 0.6861413046875 0.5419921875 0.696331521875 0.513671875 0.735394021875 0.50390625 0.7659646734375001 0.505859375 0.8542798906250001 0.5400390625 0.9137228265624999 0.5771484375 0.9408967390624999 0.60546875 0.9425951093749999 0.6240234375 0.9341032609375001 0.650390625 0.8916440218749999 0.65625 0.8440896734375001 0.650390625 0.776154890625
1 0.6279296875 0.7133152171875 0.63671875 0.6368885875 0.625 0.5689538046875 0.6005859375 0.53328804375 0.5439453125 0.489130434375 0.5166015625 0.48573369531250005 0.4892578125 0.5095108703125 0.466796875 0.5553668484375 0.462890625 0.5893342390625 0.494140625 0.6470788046875 0.509765625 0.721807065625 0.517578125 0.7252038046875 0.5400390625 0.696331521875 0.5634765625 0.6861413046875 0.5908203125 0.6861413046875 0.6279296875 0.7133152171875
1 0.3837890625 0.53328804375 0.3447265625 0.5366847828125 0.3115234375 0.5638586953125 0.294921875 0.5961277171875 0.28515625 0.6402853265624999 0.3154296875 0.6759510875 0.337890625 0.7184103265624999 0.341796875 0.6810461953125 0.3564453125 0.6419836953125 0.427734375 0.5757472828125 0.3837890625 0.53328804375
0 0.6396484375 0.5706521734375001 0.6279296875 0.5638586953125 0.63671875 0.6233016296875 0.630859375 0.7184103265624999 0.654296875 0.7931385875 0.65625 0.8712635875 0.671875 0.8746603265624999 0.69140625 0.840692934375 0.69140625 0.7931385875 0.65234375 0.59952445625 0.6396484375 0.5706521734375001
0 0.6953125 0.5689538046875 0.697265625 0.5485733703125 0.6923828125 0.540081521875 0.6669921875 0.540081521875 0.65625 0.6131114125 0.69140625 0.786345109375 0.7021484375 0.7982336953125 0.71484375 0.7965353265624999 0.73046875 0.7693614125 0.732421875 0.7319972828125 0.7109375 0.5961277171875 0.6953125 0.5689538046875
0 0.7890625 0.6131114125 0.76953125 0.5485733703125 0.7587890625 0.5366847828125 0.724609375 0.5451766296875 0.736328125 0.5893342390625 0.720703125 0.59952445625 0.734375 0.7319972828125 0.7265625 0.8305027171875 0.728515625 0.8440896734375001 0.734375 0.8440896734375001 0.7529296875 0.8288043484375001 0.7783203125 0.838994565625 0.794921875 0.7523777171875 0.7890625 0.6131114125
0 0.8251953125 0.5298913046875 0.7900390625 0.5366847828125 0.78125 0.5553668484375 0.78125 0.5757472828125 0.8125 0.6810461953125 0.8466796875 0.7302989125 0.86328125 0.7319972828125 0.875 0.7150135875 0.875 0.6810461953125 0.837890625 0.5553668484375 0.8251953125 0.5298913046875
0 0.90625 0.643682065625 0.896484375 0.5859375 0.8779296875 0.553668478125 0.8525390625 0.5502717390625 0.845703125 0.5621603265624999 0.84765625 0.5961277171875 0.87109375 0.657269021875 0.876953125 0.708220109375 0.8642578125 0.7336956515625 0.8515625 0.735394021875 0.849609375 0.7965353265624999 0.8583984375 0.8186141296875 0.880859375 0.8271059781250001 0.892578125 0.8101222828125 0.900390625 0.7693614125 0.900390625 0.657269021875 0.90625 0.643682065625
2 0.9599609375 0.34986412968749997 0.92578125 0.3821331515625 0.916015625 0.4670516296875 0.916015625 0.57235054375 0.927734375 0.5893342390625 0.9541015625 0.5706521734375001 1 0.5757472828125 0.9990234375 0.3430706515625 0.9599609375 0.34986412968749997
2 1 0.3006114125 0.994140625 0.2836277171875 0.9716796875 0.2513586953125 0.955078125 0.2496603265625 0.9775390625 0.20720108750000002 0.9990234375 0.2038043484375 0.9990234375 0.1868206515625 0.9599609375 0.20040760937500002 0.9326171875 0.234375 0.9033203125 0.1970108703125 0.8974609375 0.227581521875 0.8720703125 0.234375 0.859375 0.253057065625 0.87109375 0.2700407609375 0.875 0.3006114125 0.8974609375 0.34986412968749997 0.9072265625 0.35326087031250003 0.9169921875 0.332880434375 0.92578125 0.3481657609375 0.92578125 0.371942934375 0.931640625 0.371942934375 0.9619140625 0.346467390625 1 0.33797554375 1 0.3006114125
2 0.8645833328125001 0.2430555546875 0.9036458328125001 0.235507246875 0.925347221875 0.22493961406250002 0.921875 0.215881640625 0.9123263890625 0.2113526578125 0.9053819437499999 0.1992753609375 0.8967013890625 0.1841787453125 0.859375 0.16455314062499998 0.840277778125 0.16455314062499998 0.8220486109375 0.1796497578125 0.824652778125 0.1871980671875 0.831597221875 0.1992753609375 0.8385416671874999 0.208333334375 0.8420138890625 0.2324879234375 0.8489583328125001 0.2536231875 0.8585069437499999 0.2626811609375 0.8689236109375 0.265700484375 0.8576388890625 0.2445652171875 0.8645833328125001 0.2430555546875
2 0.8515625 0.17361111093749998 0.8767361109375 0.1721014484375 0.8975694437499999 0.1841787453125 0.9140625 0.2053140109375 0.921875 0.2128623171875 0.9427083328125001 0.220410628125 0.949652778125 0.2173913046875 0.9583333328125001 0.2053140109375 0.973090278125 0.1871980671875 0.9826388890625 0.18266908125 0.9817708328125001 0.181159421875 0.9774305562500001 0.15549516875 0.973090278125 0.1343599015625 0.9661458328125001 0.1147342984375 0.956597221875 0.0875603859375 0.9461805562500001 0.07095410625000001 0.9296875 0.064915459375 0.8975694437499999 0.0664251203125 0.875 0.0664251203125 0.8567708328125001 0.0694444453125 0.8454861109375 0.0754830921875 0.8333333328125001 0.08907004843750001 0.823784721875 0.11171497500000001 0.8177083328125001 0.13888888906250002 0.8151041671874999 0.163043478125 0.8177083328125001 0.17361111093749998 0.8220486109375 0.181159421875 0.8350694437499999 0.1721014484375 0.8515625 0.17361111093749998
2 0.9921875 0.279287440625 0.995659721875 0.27777777656249997 0.9982638890625 0.2506038640625 0.9982638890625 0.22192029062500002 0.9991319437499999 0.1977657015625 0.980034721875 0.1962560375 0.949652778125 0.21890096718750002 0.9401041671874999 0.226449275 0.953125 0.22795893750000001 0.9696180562500001 0.2385265703125 0.9756944437499999 0.25211352656249997 0.9826388890625 0.2626811609375 0.9921875 0.279287440625