1 0 0.47724184843749995 0.064453125 0.49082880468749995 0.0966796875 0.47214673906250004 0.134765625 0.409307065625 0.154296875 0.3549592390625 0.173828125 0.24626358750000002 0.173828125 0.188519021875 0.162109375 0.1341711953125 0.1455078125 0.10529891250000001 0.1142578125 0.0815217390625 0.0908203125 0.084918478125 0 0.17493206562500002 0 0.47724184843749995
1 0.154296875 0.75577445625 0.142578125 0.6878396734375001 0.1142578125 0.631793478125 0.0751953125 0.5876358703125 0.0517578125 0.546875 0.0009765625 0.512907609375 0 0.9358016296875 0.03125 0.9358016296875 0.0908203125 0.917119565625 0.1220703125 0.8933423906250001 0.1484375 0.8305027171875 0.154296875 0.75577445625
1 0.322265625 0.7591711953125 0.2900390625 0.7201086953125 0.2490234375 0.7065217390625 0.2041015625 0.709918478125 0.1708984375 0.7438858703125 0.1328125 0.9154211953125 0.134765625 0.9867527171875 0.1416015625 0.9986413046875 0.302734375 0.996942934375 0.326171875 0.96297554375 0.33984375 0.9086277171875 0.33984375 0.8237092390624999 0.322265625 0.7591711953125
1 0.224609375 0.57235054375 0.1982421875 0.5298913046875 0.1728515625 0.512907609375 0.1181640625 0.5197010875 0.0947265625 0.53328804375 0.078125 0.5587635875 0.07421875 0.579144021875 0.13671875 0.6674592390625 0.1572265625 0.7404891296875 0.16796875 0.7387907609375 0.2158203125 0.703125 0.224609375 0.684442934375 0.232421875 0.6402853265624999 0.224609375 0.57235054375
1 0.3388671875 0.424592390625 0.2958984375 0.4177989125 0.2685546875 0.4415760875 0.248046875 0.47724184843749995 0.228515625 0.57235054375 0.23828125 0.6233016296875 0.2529296875 0.6521739125 0.2744140625 0.6725543484375 0.31640625 0.6742527171875 0.3427734375 0.6555706515625 0.36328125 0.6165081515625 0.36328125 0.4568614125 0.3388671875 0.424592390625
1 0.2041015625 0.305706521875 0.1826171875 0.3023097828125 0.1669921875 0.3125 0.142578125 0.3991168484375 0.1484375 0.450067934375 0.1884765625 0.512907609375 0.234375 0.52139945625 0.265625 0.44327445625 0.255859375 0.37533967343749997 0.2373046875 0.3396739125 0.2041015625 0.305706521875
1 0.630859375 0.3617527171875 0.646484375 0.28702445625 0.654296875 0.1647418484375 0.650390625 0.0900135875 0.6298828125 0.0407608703125 0.6103515625 0.0237771734375 0.5712890625 0.0237771734375 0.4912109375 0.10529891250000001 0.4609375 0.161345109375 0.443359375 0.23947010937500002 0.4453125 0.3006114125 0.4619140625 0.356657609375 0.4794921875 0.37703804375 0.5068359375 0.37703804375 0.5302734375 0.411005434375 0.55859375 0.4194972828125 0.5810546875 0.411005434375 0.5888671875 0.3940217390625 0.6142578125 0.3940217390625 0.630859375 0.3617527171875
1 0.865234375 0.551970109375 0.853515625 0.4806385875 0.8310546875 0.43817934843749995 0.7802734375 0.434782609375 0.7431640625 0.4449728265625 0.7041015625 0.4789402171875 0.681640625 0.5180027171875 0.669921875 0.5893342390625 0.671875 0.6606657609375 0.7080078125 0.7438858703125 0.7353515625 0.7574728265624999 0.76171875 0.75577445625 0.8115234375 0.723505434375 0.84765625 0.6640625 0.861328125 0.6131114125 0.865234375 0.551970109375
1 0.529296875 0.799932065625 0.50390625 0.7048233703125 0.4853515625 0.669157609375 0.4638671875 0.6487771734375001 0.4208984375 0.645380434375 0.3857421875 0.6657608703125 0.3681640625 0.6861413046875 0.357421875 0.7150135875 0.384765625 0.7523777171875 0.408203125 0.8169157609375001 0.412109375 0.878057065625 0.40234375 0.9358016296875 0.4130859375 0.9442934781250001 0.44921875 0.9425951093749999 0.4892578125 0.9137228265624999 0.515625 0.8712635875 0.525390625 0.8474864125 0.529296875 0.799932065625
1 0.634765625 0.6640625 0.6162109375 0.6148097828125 0.572265625 0.59952445625 0.5859375 0.579144021875 0.572265625 0.5621603265624999 0.5673828125 0.5298913046875 0.5458984375 0.5230978265624999 0.5322265625 0.502717390625 0.5087890625 0.526494565625 0.4794921875 0.5197010875 0.453125 0.5587635875 0.453125 0.5893342390625 0.443359375 0.59952445625 0.4453125 0.6266983703125 0.4892578125 0.6725543484375 0.505859375 0.708220109375 0.529296875 0.7965353265624999 0.52734375 0.8542798906250001 0.5625 0.8610733703125 0.5947265625 0.838994565625 0.630859375 0.7897418484375 0.640625 0.748980978125 0.634765625 0.6640625
1 0.7607421875 0.788043478125 0.6923828125 0.7438858703125 0.6650390625 0.747282609375 0.63671875 0.7829483703125 0.623046875 0.8305027171875 0.6240234375 0.8695652171875 0.6513671875 0.8661684781250001 0.6904296875 0.8865489125 0.7236328125 0.92391304375 0.7509765625 0.9714673906250001 0.7578125 0.9697690218749999 0.775390625 0.9459918484375001 0.78515625 0.9052309781250001 0.78125 0.8372961953125 0.7607421875 0.788043478125
1 0.763671875 0.0390625 0.7451171875 0.0033967390625 0.6884765625 0 0.6572265625 0.033967390624999996 0.646484375 0.059442934375 0.654296875 0.110394021875 0.650390625 0.2768342390625 0.6748046875 0.3023097828125 0.728515625 0.31080162968749997 0.759765625 0.2734375 0.775390625 0.22248641249999998 0.775390625 0.0934103265625 0.763671875 0.0390625
1 0.3369140625 0 0.166015625 0.0016983703124999999 0.16015625 0.0628396734375 0.17578125 0.13756793437499998 0.2041015625 0.1970108703125 0.2275390625 0.22078804375 0.248046875 0.2258831515625 0.2880859375 0.20720108750000002 0.314453125 0.161345109375 0.333984375 0.0628396734375 0.3369140625 0
1 0.412109375 0.280230978125 0.400390625 0.2258831515625 0.376953125 0.1647418484375 0.3505859375 0.1392663046875 0.3310546875 0.1392663046875 0.2734375 0.22927989062499998 0.267578125 0.2496603265625 0.26953125 0.2768342390625 0.28125 0.3515625 0.298828125 0.4025135875 0.361328125 0.4398777171875 0.3798828125 0.424592390625 0.404296875 0.3821331515625 0.412109375 0.3413722828125 0.412109375 0.280230978125
1 0.603515625 1 0.607421875 0.9935461953125 0.59375 0.9493885875 0.5693359375 0.9103260875 0.5556640625 0.9035326093749999 0.5263671875 0.9137228265624999 0.5068359375 0.9341032609375001 0.484375 0.9935461953125 0.5087890625 1 0.603515625 1
1 0.8857421875 0.2309782609375 0.8662109375 0.2105978265625 0.8017578125 0.21399456562500002 0.7841796875 0.2309782609375 0.765625 0.2734375 0.7578125 0.33797554375 0.763671875 0.4025135875 0.7822265625 0.4279891296875 0.8271484375 0.4313858703125 0.8525390625 0.46875 0.861328125 0.4670516296875 0.900390625 0.4194972828125 0.912109375 0.331182065625 0.91015625 0.2836277171875 0.8857421875 0.2309782609375
1 0.9091796875 0.859375 0.8818359375 0.838994565625 0.8603515625 0.8355978265624999 0.8349609375 0.8525815218749999 0.80859375 0.8882472828125 0.798828125 0.956182065625 0.8095703125 0.995244565625 0.916015625 1 0.94921875 0.9935461953125 0.935546875 0.9663722828125 0.939453125 0.91202445625 0.9091796875 0.859375
1 0.671875 0.4568614125 0.6455078125 0.40760869531250005 0.6181640625 0.4008152171875 0.587890625 0.42629076093749996 0.572265625 0.47724184843749995 0.578125 0.5112092390625 0.572265625 0.5349864125 0.5966796875 0.5944293484375 0.630859375 0.6097146734375001 0.6572265625 0.5944293484375 0.673828125 0.565557065625 0.6796875 0.487432065625 0.671875 0.4568614125
1 0.7900390625 0 0.767578125 0.0356657609375 0.77734375 0.10360054375000001 0.779296875 0.2055027171875 0.7841796875 0.21399456562500002 0.80078125 0.2122961953125 0.8623046875 0.1970108703125 0.884765625 0.1341711953125 0.888671875 0.056046195312500005 0.8759765625 0.0271739125 0.8525390625 0 0.7900390625 0
1 0.958984375 0.57235054375 0.9453125 0.5112092390625 0.9306640625 0.48573369531250005 0.9013671875 0.46535326093749996 0.8740234375 0.461956521875 0.853515625 0.4840353265625 0.8671875 0.5859375 0.849609375 0.6640625 0.8740234375 0.6997282609375 0.896484375 0.708220109375 0.9208984375 0.68953804375 0.94921875 0.643682065625 0.958984375 0.606317934375 0.958984375 0.57235054375