1 0.7177734375 0 0.70703125 0.015285326562500002 0.69140625 0.052649456250000004 0.681640625 0.10699728281250001 0.681640625 0.1647418484375 0.689453125 0.20889945625 0.708984375 0.2564538046875 0.7451171875 0.3125 0.7705078125 0.3294836953125 0.798828125 0.32778532656250003 0.8642578125 0.278532609375 0.91796875 0.2055027171875 0.955078125 0.0662364125 0.9609375 0.015285326562500002 0.9560546875 0 0.7177734375 0
1 0.6044921875 0.08831521718749999 0.5693359375 0.071331521875 0.5478515625 0.084918478125 0.53125 0.110394021875 0.5234375 0.13756793437499998 0.521484375 0.1851222828125 0.5439453125 0.24796195625 0.5654296875 0.268342390625 0.583984375 0.2700407609375 0.61328125 0.2428668484375 0.62109375 0.2122961953125 0.62109375 0.14096467343750002 0.6044921875 0.08831521718749999
1 0.4365234375 0.16983695625 0.4111328125 0.149456521875 0.3701171875 0.14266304375 0.33203125 0.188519021875 0.314453125 0.23607337031250003 0.3125 0.2700407609375 0.3310546875 0.3125 0.400390625 0.32778532656250003 0.43359375 0.2904211953125 0.44921875 0.23947010937500002 0.451171875 0.1987092390625 0.4365234375 0.16983695625
1 0.267578125 0.4059103265625 0.265625 0.33797554375 0.2119140625 0.2513586953125 0.1572265625 0.29891304375 0.126953125 0.3549592390625 0.115234375 0.3991168484375 0.1171875 0.4534646734375 0.142578125 0.52139945625 0.1533203125 0.5366847828125 0.1953125 0.541779890625 0.2197265625 0.53328804375 0.24609375 0.501019021875 0.259765625 0.463654890625 0.267578125 0.4059103265625
1 0.3173828125 0 0.16015625 0.0016983703124999999 0.154296875 0.07302989062500001 0.162109375 0.10360054375000001 0.1982421875 0.1528532609375 0.236328125 0.1579483703125 0.2783203125 0.13247282656249998 0.298828125 0.10699728281250001 0.310546875 0.0696331515625 0.3173828125 0
1 0 0.6402853265624999 0.0107421875 0.6657608703125 0.0322265625 0.6793478265624999 0.09375 0.6946331515625 0.103515625 0.67764945625 0.11328125 0.5893342390625 0.14453125 0.5349864125 0.11328125 0.4398777171875 0.119140625 0.3515625 0.0849609375 0.2955163046875 0.0732421875 0.292119565625 0.017578125 0.3787364125 0.009765625 0.4059103265625 0 0.4568614125 0 0.6402853265624999
1 0.22784499687499998 0.174875940625 0.1962890625 0.15625 0.1669921875 0.1154891296875 0.1376953125 0.1188858703125 0.1181640625 0.1392663046875 0.083984375 0.1953125 0.078125 0.2190896734375 0.078125 0.2768342390625 0.1064453125 0.32608695625 0.12890625 0.331182065625 0.1708984375 0.278532609375 0.2041015625 0.24796195625 0.2158203125 0.24796195625 0.22784499687499998 0.174875940625
1 0.333984375 0.18172554375 0.333984375 0.1647418484375 0.3212890625 0.14266304375 0.2705078125 0.1392663046875 0.2490234375 0.163043478125 0.224609375 0.2122961953125 0.22265625 0.253057065625 0.2431640625 0.292119565625 0.265625 0.3006114125 0.2939453125 0.28872282656250003 0.30859375 0.2700407609375 0.3125 0.23947010937500002 0.333984375 0.18172554375
1 0.216796875 0.721807065625 0.216796875 0.6674592390625 0.234375 0.6097146734375001 0.234375 0.5893342390625 0.2197265625 0.5570652171875 0.1552734375 0.540081521875 0.1298828125 0.56046195625 0.11328125 0.5961277171875 0.1015625 0.776154890625 0.11328125 0.8305027171875 0.1376953125 0.8831521734375001 0.1630859375 0.9069293484375001 0.203125 0.9086277171875 0.2421875 0.8372961953125 0.2421875 0.8237092390624999 0.220703125 0.7795516296875 0.216796875 0.721807065625
1 0.3505859375 0.5944293484375 0.3037109375 0.5774456515625 0.2607421875 0.580842390625 0.2451171875 0.5944293484375 0.224609375 0.6368885875 0.216796875 0.670855978125 0.22265625 0.7829483703125 0.2431640625 0.8186141296875 0.275390625 0.8237092390624999 0.3017578125 0.8118206515624999 0.326171875 0.7659646734375001 0.353515625 0.6266983703125 0.3505859375 0.5944293484375
1 0.5078125 0.7150135875 0.5 0.6742527171875 0.4755859375 0.625 0.4443359375 0.6012228265624999 0.4150390625 0.6012228265624999 0.3837890625 0.625 0.357421875 0.670855978125 0.34375 0.7184103265624999 0.341796875 0.7795516296875 0.35546875 0.8372961953125 0.3837890625 0.8865489125 0.4111328125 0.9103260875 0.43359375 0.9086277171875 0.4697265625 0.8865489125 0.490234375 0.8508831515624999 0.5078125 0.7897418484375 0.5078125 0.7150135875
1 0.2958984375 0.8220108703125 0.2548828125 0.838994565625 0.216796875 0.9018342390624999 0.19140625 0.9867527171875 0.1923828125 0.9986413046875 0.38671875 0.996942934375 0.37890625 0.8984375 0.3671875 0.8678668484375001 0.3349609375 0.8220108703125 0.2958984375 0.8220108703125
1 0.44140625 0.473845109375 0.439453125 0.41610054375 0.427734375 0.37533967343749997 0.3798828125 0.3226902171875 0.3388671875 0.3430706515625 0.302734375 0.4025135875 0.28515625 0.4568614125 0.279296875 0.5112092390625 0.279296875 0.5621603265624999 0.2841796875 0.5740489125 0.3466796875 0.5876358703125 0.35546875 0.6029211953125 0.35546875 0.6368885875 0.3671875 0.6402853265624999 0.416015625 0.592730978125 0.4231192703125 0.5679760109374999 0.431640625 0.541779890625 0.44140625 0.473845109375
1 0.732421875 0.541779890625 0.7041015625 0.49932065156250005 0.6572265625 0.489130434375 0.6201171875 0.502717390625 0.5908203125 0.5298913046875 0.552734375 0.619904890625 0.5546875 0.6640625 0.5791015625 0.71671195625 0.6103515625 0.737092390625 0.650390625 0.7387907609375 0.7158203125 0.7201086953125 0.74609375 0.6606657609375 0.74609375 0.5825407609375 0.732421875 0.541779890625
1 0.802734375 0.776154890625 0.7744140625 0.7336956515625 0.7333984375 0.71671195625 0.6787109375 0.747282609375 0.662109375 0.786345109375 0.658203125 0.8271059781250001 0.658203125 0.8746603265624999 0.669921875 0.9459918484375001 0.7099609375 0.9986413046875 0.77734375 0.996942934375 0.796875 0.96297554375 0.814453125 0.8916440218749999 0.810546875 0.80672554375 0.802734375 0.776154890625
1 0.966796875 0.7931385875 0.943359375 0.708220109375 0.9140625 0.65047554375 0.8896484375 0.6216032609375 0.8720703125 0.6216032609375 0.8447265625 0.6419836953125 0.826171875 0.6742527171875 0.8125 0.786345109375 0.814453125 0.8372961953125 0.828125 0.8984375 0.8583984375 0.9646739125 0.8720703125 0.9782608703125 0.8984375 0.9765625 0.9267578125 0.9646739125 0.9609375 0.8916440218749999 0.96875 0.8474864125 0.966796875 0.7931385875
1 0.111328125 0.8305027171875 0.09765625 0.7591711953125 0.0732421875 0.7506793484375 0.0263671875 0.7778532609375 0.01171875 0.8033288046875 0.005859375 0.8576766296875 0.02734375 0.9018342390624999 0.0439453125 0.957880434375 0.0634765625 0.9714673906250001 0.09375 0.9697690218749999 0.1142578125 0.957880434375 0.134765625 0.91202445625 0.134765625 0.8882472828125 0.111328125 0.8305027171875
1 1 0.4059103265625 0.9560546875 0.370244565625 0.9169921875 0.3736413046875 0.8740234375 0.4144021734375 0.853515625 0.46025815156250005 0.841796875 0.5078125 0.845703125 0.579144021875 0.8623046875 0.618206521875 0.8896484375 0.618206521875 0.9189453125 0.6555706515625 0.935546875 0.6606657609375 0.9619140625 0.6487771734375001 1 0.5961277171875 1 0.4059103265625
1 0.78515625 0.3549592390625 0.7119140625 0.2853260875 0.6943359375 0.2955163046875 0.6611328125 0.34986412968749997 0.6279296875 0.35326087031250003 0.609375 0.41610054375 0.6142578125 0.434782609375 0.6171875 0.473845109375 0.619140625 0.487432065625 0.6298828125 0.4959239125 0.6826171875 0.48573369531250005 0.7021484375 0.4959239125 0.7158203125 0.5095108703125 0.75390625 0.5859375 0.791015625 0.528192934375 0.802734375 0.473845109375 0.80078125 0.42629076093749996 0.78515625 0.3549592390625
1 0.5951185156250001 0.3024791 0.5791015625 0.278532609375 0.5595703125 0.268342390625 0.533203125 0.23267662968749997 0.521484375 0.1919157609375 0.5146484375 0.13247282656249998 0.4775390625 0.13586956562500002 0.44921875 0.1783288046875 0.453125 0.22248641249999998 0.423828125 0.3209918484375 0.423828125 0.358355978125 0.44140625 0.4025135875 0.4580078125 0.411005434375 0.4619140625 0.4279891296875 0.541015625 0.44327445625 0.5712890625 0.4279891296875 0.5869140625 0.3940217390625 0.5931460093750001 0.3532459625 0.5951185156250001 0.3024791
1 0.6669921875 0.149456521875 0.6376953125 0.13247282656249998 0.623046875 0.1443614125 0.619140625 0.2258831515625 0.59375 0.28702445625 0.6103515625 0.3294836953125 0.6318359375 0.346467390625 0.65625 0.344769021875 0.68359375 0.3040081515625 0.693359375 0.23947010937500002 0.677734375 0.1681385875 0.6669921875 0.149456521875
1 0.326171875 0.0016983703124999999 0.326171875 0.052649456250000004 0.3603515625 0.14266304375 0.3955078125 0.1392663046875 0.4345703125 0.1664402171875 0.44921875 0.1647418484375 0.4765625 0.1137907609375 0.48046875 0.025475543750000003 0.4736328125 0 0.326171875 0.0016983703124999999
1 0.0009765625 0 0 0.1987092390625 0.0361328125 0.2173913046875 0.060546875 0.21569293437499998 0.0732421875 0.20720108750000002 0.1484375 0.096807065625 0.1588086171875 0.0026802640625 0.1044921875 0 0.0009765625 0
1 0.576171875 0.5078125 0.548828125 0.4704483703125 0.5302734375 0.461956521875 0.5016234828125 0.4438031109375 0.4653300921875 0.45409366562500003 0.4558623046875 0.4849654046875 0.4463944296875 0.5261276953125 0.44836685000000004 0.574150359375 0.4794921875 0.625 0.5048828125 0.6759510875 0.541015625 0.6810461953125 0.5546875 0.670855978125 0.552734375 0.6165081515625 0.58203125 0.541779890625 0.576171875 0.5078125
1 0.642578125 0.83389945625 0.642578125 0.7693614125 0.6337890625 0.7438858703125 0.5888671875 0.7302989125 0.5576171875 0.68953804375 0.5205078125 0.6929347828125 0.509765625 0.7048233703125 0.51171875 0.7591711953125 0.501953125 0.8271059781250001 0.4794921875 0.879755434375 0.435546875 0.9222146734375001 0.443359375 0.96297554375 0.4697265625 0.995244565625 0.53125 0.996942934375 0.5537109375 0.9918478265624999 0.6025390625 0.9375 0.6328125 0.8746603265624999 0.642578125 0.83389945625