1 0.392578125 0.7455842390625 0.375 0.698029890625 0.3466796875 0.6521739125 0.3095703125 0.631793478125 0.2744140625 0.6419836953125 0.259765625 0.657269021875 0.234375 0.721807065625 0.2265625 0.7727581515625 0.23046875 0.8135190218749999 0.244140625 0.8542798906250001 0.2666015625 0.8865489125 0.2939453125 0.9069293484375001 0.3359375 0.9086277171875 0.3623046875 0.8899456515624999 0.390625 0.8372961953125 0.396484375 0.8101222828125 0.392578125 0.7455842390625
1 0.5546875 0.6946331515625 0.544921875 0.6538722828125 0.5224609375 0.6080163046875 0.4951171875 0.5842391296875 0.4697265625 0.5876358703125 0.4189453125 0.625 0.400390625 0.6538722828125 0.388671875 0.6946331515625 0.3984375 0.8033288046875 0.408203125 0.8271059781250001 0.4462890625 0.8831521734375001 0.484375 0.8950407609375001 0.5146484375 0.879755434375 0.537109375 0.8440896734375001 0.556640625 0.7455842390625 0.5546875 0.6946331515625
1 0.4638671875 0.5570652171875 0.4384765625 0.5366847828125 0.4033203125 0.53328804375 0.3798828125 0.5434782609375 0.349609375 0.579144021875 0.33203125 0.6368885875 0.3662109375 0.6759510875 0.38671875 0.7150135875 0.39453125 0.6674592390625 0.4150390625 0.6283967390625 0.4765625 0.5825407609375 0.4638671875 0.5570652171875
1 0.6748046875 0.7133152171875 0.68359375 0.67764945625 0.68359375 0.6233016296875 0.671875 0.5689538046875 0.6337890625 0.5197010875 0.5830078125 0.48573369531250005 0.5595703125 0.489130434375 0.5341796875 0.512907609375 0.517578125 0.5451766296875 0.509765625 0.5825407609375 0.546875 0.657269021875 0.55859375 0.7252038046875 0.564453125 0.72860054375 0.5908203125 0.696331521875 0.6142578125 0.6861413046875 0.6474609375 0.68953804375 0.6748046875 0.7133152171875
1 0.705078125 0.799932065625 0.697265625 0.762567934375 0.6748046875 0.7133152171875 0.6513671875 0.6929347828125 0.6259765625 0.6861413046875 0.5927734375 0.696331521875 0.5810546875 0.7065217390625 0.5546875 0.762567934375 0.5546875 0.8508831515624999 0.5869140625 0.9103260875 0.6259765625 0.9408967390624999 0.65625 0.9425951093749999 0.6748046875 0.9341032609375001 0.69921875 0.8950407609375001 0.705078125 0.8678668484375001 0.705078125 0.799932065625
0 0.69140625 0.579144021875 0.6748046875 0.5638586953125 0.685546875 0.6368885875 0.677734375 0.7150135875 0.705078125 0.7931385875 0.705078125 0.8712635875 0.720703125 0.8746603265624999 0.73828125 0.8474864125 0.73828125 0.786345109375 0.70703125 0.630095109375 0.69140625 0.579144021875
0 0.740234375 0.5689538046875 0.7412109375 0.5434782609375 0.7138671875 0.540081521875 0.70703125 0.5485733703125 0.701171875 0.6131114125 0.73828125 0.7829483703125 0.7490234375 0.7982336953125 0.76171875 0.7965353265624999 0.779296875 0.762567934375 0.779296875 0.7319972828125 0.755859375 0.59952445625 0.740234375 0.5689538046875
0 0.8359375 0.6233016296875 0.81640625 0.5553668484375 0.8017578125 0.5366847828125 0.7744140625 0.540081521875 0.76953125 0.5553668484375 0.78125 0.592730978125 0.763671875 0.5961277171875 0.779296875 0.7014266296875 0.775390625 0.8372961953125 0.78125 0.8474864125 0.8037109375 0.8288043484375001 0.8271484375 0.838994565625 0.841796875 0.7523777171875 0.8359375 0.6233016296875
0 0.87890625 0.5451766296875 0.8701171875 0.5298913046875 0.8349609375 0.5366847828125 0.826171875 0.551970109375 0.826171875 0.5757472828125 0.861328125 0.6878396734375001 0.8974609375 0.7336956515625 0.9140625 0.7319972828125 0.923828125 0.7150135875 0.919921875 0.670855978125 0.8984375 0.619904890625 0.87890625 0.5451766296875
0 0.9306640625 0.6623641296875 0.919921875 0.643682065625 0.9326171875 0.625 0.9462890625 0.631793478125 0.947265625 0.6165081515625 0.939453125 0.5825407609375 0.9228515625 0.553668478125 0.9013671875 0.5502717390625 0.888671875 0.57235054375 0.900390625 0.6233016296875 0.919921875 0.6674592390625 0.923828125 0.7150135875 0.9169921875 0.7302989125 0.896484375 0.7387907609375 0.896484375 0.7897418484375 0.9033203125 0.8152173906250001 0.9169921875 0.8288043484375001 0.9296875 0.8271059781250001 0.9375 0.8169157609375001 0.947265625 0.7693614125 0.947265625 0.6674592390625 0.9306640625 0.6623641296875
2 0.980777859375 0.23745313281249997 0.9902455609375 0.1818840046875 0.9990234375 0.1514811796875 1 0.085244765625 0.9462890625 0.056372484375 0.9072265625 0.06316596249999999 0.8798828125 0.083546396875 0.865234375 0.109021940625 0.853515625 0.163369765625 0.8701171875 0.1650681359375 0.8900442125 0.2106976390625 0.8983285484374999 0.26146450312499997 0.9219981921875 0.2333368890625 0.9448788671875 0.2264765578125 0.980777859375 0.23745313281249997
2 1 0.2768342390625 0.9697265625 0.2649456515625 0.9404296875 0.2309782609375 0.9091796875 0.241168478125 0.90234375 0.25985054375 0.916015625 0.2734375 0.919921875 0.3040081515625 0.9296875 0.31419837031250003 0.9375 0.344769021875 0.9521484375 0.356657609375 0.955078125 0.33797554375 0.9638671875 0.332880434375 0.97265625 0.37533967343749997 1 0.3549592390625 1 0.2768342390625
2 0.96484375 0.41270380468749995 0.958984375 0.57235054375 0.9638671875 0.5876358703125 0.974609375 0.592730978125 1 0.57235054375 0.9990234375 0.356657609375 0.9775390625 0.370244565625 0.96484375 0.41270380468749995