0 0.27230235468749997 0.43609905937500004 0.30797335000000003 0.25245564374999996 0.315493928125 0.1849101765625 0.347213675 0.20480363906250001 0.38658353437500004 0.1983312890625 0.3867983109375 0.18978617343749998 0.35103873124999996 0.1916207328125 0.3267543171875 0.1539065734375 0.3139461875 0.15382156875 0.2934447671875 0.1663758265625 0.2787888765625 0.1934721015625 0.21900618125000001 0.3943075625 0.2058559671875 0.5159437703124999 0.21440948437500001 0.546301915625 0.232848365625 0.56947405625 0.25072815625 0.5685567765624999 0.2697681953125 0.5523670140625 0.2647817765625 0.5036445281249999 0.27230235468749997 0.43609905937500004
0 0.4082883796875 0.184231103125 0.3702083046875 0.2166106265625 0.289579875 0.39736580625 0.26619998125 0.4935534796875 0.2672749859375 0.528005771875 0.282103590625 0.5558157015625 0.3101267015625 0.5528938515624999 0.330112209375 0.529976725 0.41589754218749997 0.2984944890625 0.41894761562499994 0.19258940156249998 0.4082883796875 0.184231103125
0 0.46828506406250003 0.4533520421875 0.500433253125 0.378977396875 0.527782696875 0.3258009796875 0.557638609375 0.2806833390625 0.5546498609375 0.270690771875 0.512595934375 0.3275198765625 0.47206582812500003 0.3492647078125 0.4152900265625 0.4304685328125 0.34231059531249997 0.5076800234375 0.3038873203125 0.5846028828125001 0.2976985890625 0.6146042031250001 0.30577937187500004 0.6483260296875 0.3280433109375 0.6583152640625001 0.35864487500000003 0.6300298859375 0.3913089765625 0.5660181093750001 0.46828506406250003 0.4533520421875
0 0.5064169078125 0.4964426796875 0.5328491015625 0.44870567031249997 0.5793952234375 0.3420533140625 0.58077025 0.318235715625 0.5589358671875 0.291156246875 0.511787475 0.35999263125000003 0.4690664078125 0.45346208125 0.4012449953125 0.5571243906250001 0.36144669375 0.6578648484375 0.3601148453125 0.6954089999999999 0.37300933281250004 0.7229471078125 0.39235050625 0.7256653328125 0.41139054374999995 0.7094755703125 0.47577327968749994 0.5881793828124999 0.5064169078125 0.4964426796875
0 0.5149670828125 0.2952672 0.5571290578125 0.1777083296875 0.58889086875 0.13415046875 0.589105646875 0.125605353125 0.578231634375 0.1257921703125 0.549048275 0.14398650156249998 0.5064556296875 0.20145773125000002 0.43970922031250004 0.3395723296875 0.42574084375 0.35475980625000003 0.4027041484375 0.40640414375 0.40059843125 0.428403990625 0.414137253125 0.4303067484375 0.47138578906250006 0.34573924375 0.5116579390625 0.31881297656249996 0.5149670828125 0.2952672
0 0.6027818015624999 0.7089328921875 0.62766625625 0.6301072734375001 0.6520347984375 0.5409187859375 0.6738237734375 0.399915953125 0.66866575625 0.373465134375 0.6543530640624999 0.356018071875 0.6386653484375 0.36238861093749997 0.61532751875 0.3951249609375 0.6024341468750001 0.4447647265625 0.58846576875 0.459952203125 0.5746269265625 0.5163193359375 0.5300581 0.6369700671875 0.5249011968749999 0.6876971234375 0.5441571265625 0.7401401203125 0.57123476875 0.7439456359375 0.6027818015624999 0.7089328921875
0 0.5137260484375 0.6689759546875 0.563996034375 0.5290259046875 0.5836520640625 0.466135925 0.6360451609375 0.3139980296875 0.6776951546875 0.2103922078125 0.6692480062499999 0.1939638578125 0.616910453125 0.2517296890625 0.5940540953125 0.309482096875 0.5160443156250001 0.484075240625 0.45561617187500003 0.633368178125 0.4532956765625 0.663913140625 0.4603878109375 0.6906357812499999 0.486519984375 0.7011686609375001 0.5137260484375 0.6689759546875
0 0.9814070671874999 0.23367829218749997 0.9297283828125 0.25274095937499996 0.8053847015625 0.27777068125 0.7043821593749999 0.357904021875 0.6767033609374999 0.393460409375 0.651347284375 0.5528275859375 0.7033957390625 0.505260584375 0.7391973843749999 0.43997470156249996 0.7707444171875 0.4049619578125 0.7886242078125 0.404044678125 0.8688673734375 0.331284159375 0.9986308578124999 0.24718331093749998 0.9814070671874999 0.23367829218749997
0 0.6776532859375 0.6954445453125 0.7635249749999999 0.49141541406249994 0.8000573125000001 0.42794728125 0.7983379734375 0.4191303421875 0.7877219171875 0.42449859375 0.768595521875 0.413235253125 0.7257449203124999 0.465525046875 0.655646190625 0.613458871875 0.61236603125 0.6828388999999999 0.6023090671875 0.712296575 0.578240546875 0.743215171875 0.5619948531250001 0.8026741640624999 0.57003245625 0.8226694406249999 0.5845599265625 0.831571384375 0.6038579203125 0.8205630562499999 0.6776532859375 0.6954445453125
0 0.99296725625 0.2986590515625 0.9808466390625 0.28666524843749996 0.9192991984375001 0.31060146718750004 0.899786425 0.3301549109375 0.8402594593750001 0.38181605625000004 0.767366384375 0.48648065 0.7131701500000001 0.6194988203125 0.8132704015625001 0.5598193953124999 0.97474538125 0.42129754375 0.9884558015625 0.4009286328125 0.995117265625 0.3675636328125 0.99296725625 0.2986590515625
0 1 0.42716323125000005 0.9574083281249999 0.4380561015625 0.8205177828125001 0.5560222234375 0.7144004015625 0.6234312984375 0.6512210921875 0.7431815562499999 0.667424721875 0.7471738875 0.78411498125 0.660670009375 0.925346496875 0.53988385 1 0.4943245328125 1 0.42716323125000005
0 1 0.4965484953125 0.9272806140625001 0.5401556734375 0.7749603078125 0.6696737671874999 0.7006910937499999 0.720978084375 0.678298734375 0.7469870703125 0.6730986531250001 0.783987575 0.689904553125 0.8257958796875 0.7285868984375 0.8312323296875 0.9291306015625 0.66733014375 0.9896030375 0.608941634375 1 0.524643715625 1 0.4965484953125
0 0.95728325 0.7055879468749999 0.96789930625 0.7002196953125 0.972283453125 0.7111262093749999 0.9838438640625 0.62185271875 0.74788489375 0.820224003125 0.7380858859375 0.8548631109375 0.7415245640625 0.8724969890625 0.750034903125 0.889128584375 0.7761238984375 0.8859349109375 0.8609228109375 0.8018092375 0.877813953125 0.793892771875 0.8859799796875001 0.7778898265625 0.8961233 0.77588525625 0.95728325 0.7055879468749999
0 0.8230154484375 0.8890949687499999 0.8476862390625 0.8959923421875 0.8872708765624999 0.880974875 0.95479226875 0.8355824546875 0.9701345578125 0.7193995046875 0.8238313828124999 0.8411879484375 0.8077141093750001 0.86464871875 0.8230154484375 0.8890949687499999
0 0.6012674625 0.2564590015625 0.6078274265625 0.2239503765625 0.6007954 0.10675201875 0.56603729375 0.166988484375 0.5530865328125001 0.239295928125 0.5749917250000001 0.310233821875 0.6012674625 0.2564590015625