1 1 0.158943221875 0.9782947765625 0.125138128125 0.9424342328125 0.10922452499999999 0.9198877937500001 0.1139268609375 0.8869844046875001 0.15242098125 0.8595228031250001 0.270845615625 0.8606456921875001 0.3184268078125 0.8698170171875 0.35255945781250003 0.889580690625 0.395370140625 0.91650530625 0.41962090781250005 0.951774765625 0.413442025 1 0.370571034375 1 0.158943221875
1 0.8692903953125001 0.15890664375000002 0.8343783515625001 0.088653490625 0.8035480796875 0.0643345515625 0.773368175 0.05871187343749999 0.7467382375 0.0735347015625 0.7234804234375 0.11899169843749999 0.71868555 0.1698668515625 0.72720478125 0.24135794375000003 0.7469091718749999 0.2875648484375 0.7738337890625 0.3118156140625 0.808925403125 0.315825396875 0.8365021140625 0.302717725 0.8657369734374999 0.2505705453125 0.8692903953125001 0.15890664375000002
1 0.866029925 0.345698840625 0.8563267953125001 0.2860774828125 0.8226544765625 0.3126677828125 0.7932435015625 0.318948925 0.7660817609375 0.3082830453125 0.734423278125 0.27545650781250003 0.721876375 0.3227990921875 0.719093609375 0.3703121109375 0.7241221546875 0.4179614765625 0.7420515625 0.45394562812499994 0.7861959390625 0.4988805078125 0.8171447734375 0.5164070046875 0.8464964671875 0.5135220828125 0.8755534828125 0.47156356875 0.8904089015625001 0.4038777390625 0.866029925 0.345698840625
1 1 0.3721323296875 0.947809828125 0.4167700734375 0.92325128125 0.42483454375 0.9605904015625001 0.4679520078125 0.999646953125 0.4686337421875 1 0.42070474375 1 0.3721323296875
0 0.74128090625 0.4980965125 0.7544188953125001 0.47284641250000004 0.72968423125 0.4350448453125 0.7187972031250001 0.3872932203125 0.719804984375 0.32955745 0.7285647953125001 0.275354246875 0.71827058125 0.1936404046875 0.7190412375 0.149489521875 0.7086860140625 0.127226603125 0.69992793125 0.12537510000000002 0.6871456296875 0.1302478703125 0.6718769703125 0.1656525484375 0.6706320640625 0.23697320624999998 0.6786177624999999 0.33903029375 0.6909240859375 0.4173820015625 0.7235293421875 0.45192369374999997 0.7232922171875 0.46550858125000005 0.7133502359375 0.47552681249999995 0.7237054578125 0.49778973281249994 0.74128090625 0.4980965125
0 0.6706913453125 0.23357698437500002 0.66228895 0.21134815312500002 0.6477909453125 0.202601946875 0.6299190921875 0.219276275 0.62151496875 0.253102146875 0.6251207625 0.38226083593750004 0.6267179031250001 0.402672253125 0.645594084375 0.44037155937500005 0.6413920234375 0.45728449531250004 0.6657134453125 0.4628049109375 0.674649371875 0.45446774687499997 0.6838241515625 0.37649099218750004 0.6706913453125 0.23357698437500002
0 0.636726075 0.16503898749999998 0.6063683265625001 0.169604975 0.5821654671875 0.157292115625 0.5592616125000001 0.238426484375 0.550264678125 0.3062145734375 0.5490197703125 0.37753523125 0.5672438578125 0.4525929765625 0.5816825796875 0.464735403125 0.6083125171875 0.4499125765625 0.6029282859375 0.42264054218749997 0.61517878125 0.3922790671875 0.6148858296874999 0.29715076875 0.636726075 0.16503898749999998
0 0.54706694375 0.3775011453125 0.52884285625 0.3024433984375 0.5089606203125 0.2664251578125 0.5002025375 0.26457365625 0.48221212031249994 0.288040428125 0.4798443234375 0.3117798953125 0.48138218281249995 0.3355875328125 0.4927434609375 0.356169384375 0.4885413984375 0.37308231875 0.49700134843750005 0.44796963281249996 0.5093093984375 0.4702666375 0.53866109375 0.4673817171875 0.5497276921875 0.4488899734375 0.54706694375 0.3775011453125
0 0.49084991406249995 0.352739075 0.4794886359375 0.332157225 0.4799628859375 0.3049874515625 0.4842835109375 0.28128207031249997 0.5002025375 0.26457365625 0.5064759890625 0.2409023640625 0.5054716609375001 0.18652872812500002 0.494997875 0.171058253125 0.4783692015625 0.172466628125 0.46842722031250006 0.182484859375 0.4560581609375 0.21963877968749998 0.449666146875 0.2501025140625 0.4478877078125 0.3519891671875 0.43362510312499997 0.3857127796875 0.433387978125 0.399297665625 0.4589508515625 0.44560683125 0.47853840937500003 0.44255147656249993 0.4855807890625 0.430784003125 0.49084991406249995 0.352739075
2 0.3986451421875 0.5991293625 0.3992379546875 0.5651671453125 0.4050964375 0.56526940625 0.40562996875 0.5347034109375 0.4116070140625 0.5280132265625 0.40598565625000005 0.5143260781250001 0.4091223828125 0.5024904343750001 0.41196270156250003 0.5076358953125 0.41237767031250006 0.48386234375 0.40657846875 0.48036386093749994 0.4146269046875 0.466915321875 0.41302976406249997 0.446503903125 0.392791840625 0.4308629953125 0.344148996875 0.41982216250000004 0.3020760109375 0.36812892656249996 0.2952114734375 0.36970773281249997 0.27313755781250004 0.40329499843749994 0.2607092171875 0.4438451375 0.25697795156250003 0.54569770625 0.26975852499999997 0.5968796390625 0.28774721406250003 0.6294675703125 0.32828234218749996 0.6573531671875 0.3517162734375 0.6577622078124999 0.3912470734375 0.6312741671875 0.40432578125 0.6094202906249999 0.3986451421875 0.5991293625
2 0.2491073609375 0.54895758125 0.2576300453125 0.508339265625 0.2588749515625 0.4370186078125 0.24319477812499998 0.3840874328125 0.1982797453125 0.3833034375 0.1410566609375 0.3602224375 0.1159628546875 0.4549076078125 0.0936518140625 0.5020797578125 0.0908097671875 0.5529889984375 0.1161355171875 0.6128830515625 0.1508121625 0.6406663859374999 0.1735347171875 0.6818300890625 0.1871452296875 0.6854649171875 0.198211828125 0.6669731750000001 0.2027695765625 0.629682909375 0.2491073609375 0.54895758125
2 0.158916425 0.73593103125 0.1843624640625 0.7329779359375 0.2282731703125 0.6793882953125 0.2477421640625 0.683125384375 0.2608208703125 0.6612715062500001 0.247625328125 0.633863125 0.26401687812499997 0.6460396390625001 0.2731899296875 0.6241175875 0.253013015625 0.5490257546875 0.20472240468749997 0.6297169953124999 0.198211828125 0.6669731750000001 0.1871452296875 0.6854649171875 0.1754282640625 0.6852603968750001 0.152705709375 0.6440966953125 0.10654922343749999 0.6025239515624999 0.1050096375 0.6347710156249999 0.11400311875 0.67909233125 0.1338260734375 0.71850679375 0.158916425 0.73593103125
2 0.32117549843750004 0.8406809687499999 0.35425500468750004 0.8480528875 0.349167178125 0.8037997453125 0.3216497484375 0.8135111953124999 0.313010228125 0.80486725 0.34177083750000004 0.77988984375 0.34893178125 0.761329928125 0.3268595921875 0.7388624890625 0.30431488125 0.687510121875 0.29354468906250003 0.6890207562499999 0.31165366875 0.6587615390625 0.30490769375000004 0.6535479046875 0.2869765578125 0.6736184546875 0.2816516078125 0.642950196875 0.266975759375 0.6443926578125 0.266679353125 0.6613737671875 0.24969499062499997 0.683159471875 0.21815334375 0.6995951921875 0.21389200156250002 0.7199043484375001 0.200162928125 0.723061965625 0.181107175 0.751606025 0.1938284671875 0.8061841812500001 0.213769984375 0.8388062 0.2523522859375 0.8666577078125 0.32117549843750004 0.8406809687499999
2 0.3531913953125 0.7970754734375001 0.3751467484375 0.770280653125 0.40005925624999994 0.7978935546875 0.40437988125 0.7741881765625 0.43379085625 0.7679070343750001 0.4527280453125 0.746155415625 0.434741084375 0.65751278125 0.42231447031249997 0.6420082203125 0.41710635468749996 0.6606022234375 0.408229709375 0.665543165625 0.401602296875 0.6535370859375 0.4001830015625 0.622937003125 0.3615396921875 0.65453641875 0.31851820468750003 0.6571827328125 0.3134879328125 0.6655880703125 0.3072737625 0.6858631421875 0.3164450875 0.7199957921875 0.3528374359375 0.7613981015625 0.341652275 0.7866822875 0.32389898281249996 0.796564171875 0.32176831093749997 0.8067187515625 0.3531913953125 0.7970754734375001
2 0.3068553390625 0.8217460984375 0.3017657859375 0.833547659375 0.285965321875 0.8434636296875 0.2705205453125 0.8330022703125 0.269336646875 0.8448720046875 0.285787478125 0.8536522953125001 0.305493596875 0.843804496875 0.320995928125 0.9069243374999999 0.3411152890625 0.929357690625 0.37602905937500003 0.9435561375000001 0.42502759062499995 0.9342196406250001 0.45082931718749997 0.9108892171875 0.4701221953125 0.86876026875 0.4750356328125 0.8110926703124999 0.46758000937500005 0.79057899375 0.46621999531249997 0.7565826875 0.4526687640625 0.7495516375 0.41000123750000006 0.7878753234375 0.3943193359375 0.7909988515624999 0.3750874671875 0.773676875 0.3432494140625 0.8070937062500001 0.33058567656250004 0.80517403125 0.33774661875 0.7866141140625 0.3141348453125 0.7963937390625 0.310466315625 0.7827406781249999 0.303423934375 0.7945081515625 0.3068553390625 0.8217460984375