1 0.8379624328125 0.716538878125 0.8563007562499999 0.6667951515625 0.9008722078125 0.6330791828125 0.90544640625 0.601859371875 0.8962149531250001 0.5140279546875 0.866681984375 0.4385766609375 0.8241785765625 0.3798581359375 0.7766623421875 0.3575286984375 0.7358714046875 0.3618159984375 0.7178673718749999 0.377370096875 0.69643788125 0.4257309921875 0.6830703406249999 0.5227685578125 0.689816403125 0.5869530546874999 0.705731628125 0.626265690625 0.7275577015625 0.656418446875 0.78992399375 0.707926121875 0.8173894359375 0.7169934609374999 0.8379624328125 0.716538878125
1 1 0.736362178125 0.9567846843750001 0.6698956609375 0.9159729828125001 0.6366152015625001 0.8836618609375 0.6468421359375001 0.8547133859375 0.6703774390625 0.8428081140625 0.6972446046874999 0.8392990828125001 0.738598809375 0.8529375890625 0.8123052296875001 0.903858003125 0.9230785562499999 0.9248903921875 0.9550224546875 1 0.9471281171875001 1 0.736362178125
1 0.6390626187499999 0.6179033625 0.6643769609375 0.569134153125 0.672815246875 0.4999382671875 0.6632079734375 0.3711609578125 0.6504674875 0.324683746875 0.5776581921874999 0.2298728328125 0.5537853546875 0.17090388125 0.5208476937500001 0.1658271453125 0.48995679374999995 0.1895666046875 0.46940456093750005 0.22758894999999998 0.46061121875 0.2934067046875 0.4733932328125 0.4150194375 0.4972868328125 0.5115561484375 0.512136890625 0.5407343874999999 0.5719549828125 0.6147103125 0.6056027562499999 0.6265433109375 0.6390626187499999 0.6179033625
1 0.5905734953125 0 0.568615165625 0.0036959125 0.5492952468750001 0.0347578375 0.544365990625 0.0625995171875 0.5598005421875001 0.1907643546875 0.6270540437500001 0.2981132796875 0.6907362234375001 0.3341131296875 0.7303784203125 0.3282388421875 0.7533952796875 0.27629565624999997 0.762898734375 0.217234165625 0.75792795 0.169940325 0.745897578125 0.130219378125 0.7207924265625001 0.0782108453125 0.6708743734375 0.02368708125 0.6315993546875001 0 0.5905734953125 0
1 1 0.4894218515625 0.9689629906249999 0.1784986921875 0.9185434984375 0.17525937187500001 0.8740556203125 0.20042793125 0.858975609375 0.23445967343750002 0.8554873421875 0.3133816390625 0.8767284046875 0.40336624531250004 0.9397420000000001 0.507745353125 1 0.54639925625 1 0.4894218515625
1 0.7695819875 0.32753383125 0.809474903125 0.2960173203125 0.8526053656249999 0.21122106875000002 0.858579025 0.155946021875 0.8534410953125 0.125746996875 0.832220796875 0.07333015000000001 0.8038573343750001 0.037033603124999995 0.760058803125 0.0313906671875 0.722024740625 0.07125042499999999 0.7572178390625 0.1631840625 0.7636088453125 0.22399042812499997 0.7537503359375 0.2796737875 0.736644325 0.3224570953125 0.7454791953125001 0.331774859375 0.7695819875 0.32753383125
1 0.7423444328125 0.8905303015625 0.7805456421875 0.833575728125 0.785474896875 0.805734046875 0.7820914828125 0.75485791875 0.7651110906249999 0.705410890625 0.7190778875 0.6504788125000001 0.6692641703125 0.6249754000000001 0.5889146109375 0.62658958125 0.5744403734375 0.63835723125 0.5648325828125 0.6683983703124999 0.5623887187500001 0.7198869718750001 0.576549428125 0.7798767093750001 0.7004047546875001 0.8932306140625 0.7423444328125 0.8905303015625
1 0.446761453125 0.9557518171874999 0.4852341453125 0.9107227828125 0.547037225 0.7419931734375 0.5537209953125 0.6934743906249999 0.5496274703124999 0.635842 0.529639484375 0.576464734375 0.5170033359375 0.559007875 0.49350631875 0.540984815625 0.47779976875 0.5597128859375 0.44442347812499994 0.5598054265625 0.40701595468749996 0.61496885625 0.3524396109375 0.7590307578125 0.3445235265625 0.8145099625000001 0.347551884375 0.8620079578125001 0.387862146875 0.9465728609375 0.415244015625 0.9641876078125 0.446761453125 0.9557518171874999
1 0.30245823125000004 0.9094406078124999 0.3268953140625 0.87100995 0.34751035625000004 0.7868724375 0.3446491453125 0.722279628125 0.318290915625 0.6396637546874999 0.271088209375 0.5455769296875 0.24042726406249998 0.5061064078124999 0.214987821875 0.48828750625 0.1750741421875 0.48223625468750003 0.1320064875 0.520917340625 0.1114542546875 0.5589396843750001 0.10706796562500001 0.6106324421875 0.117531734375 0.6915034390625 0.15255768593750002 0.8005318906250001 0.18649770625 0.8618581875 0.22528340937500002 0.9038902125 0.267410996875 0.9216628453125001 0.30245823125000004 0.9094406078124999
1 0.3953614 0.6161938 0.431014409375 0.5817074718749999 0.4505014734375 0.533550734375 0.448893340625 0.4995652625 0.462302409375 0.4776632171875 0.46827606718750003 0.42238817031250003 0.46735728125 0.3575912015625 0.45426174062499997 0.3077358578125 0.42713059218750005 0.2644788921875 0.38897142812499996 0.23775053750000003 0.350833028125 0.24858994375000001 0.3056558015625 0.3045700015625 0.281406628125 0.36347360625 0.2703158046875 0.4261173875 0.2747643859375 0.48712790781250004 0.289092240625 0.5300228328125 0.3391982046875 0.6050195421875 0.3650762765625 0.61766916875 0.3953614 0.6161938
1 0.2518939078125 0.48440852031250003 0.2699815125 0.4603070140625 0.2782318890625 0.3706381828125 0.30291969218750003 0.306565303125 0.305906521875 0.2789277796875 0.3000377171875 0.20440473125 0.28994976875 0.164479625 0.26943958125 0.11881904218749999 0.228711453125 0.0769911765625 0.1941028484375 0.0840441359375 0.15563015625 0.1290731703125 0.135265834375 0.187568459375 0.125595234375 0.263724765625 0.1330721734375 0.3722332875 0.1514727890625 0.4351928421875 0.17329886249999998 0.4653455984375 0.2219638390625 0.48926202031250005 0.2518939078125 0.48440852031250003
1 0.4737961109375 0 0.3263341703125 0.015498875 0.32077837656249997 0.028036884374999998 0.3208199046875 0.1031724046875 0.3355028140625 0.149445459375 0.3698814640625 0.2056024796875 0.41731412656250005 0.2364793234375 0.4475992515625 0.23500395468750002 0.4710755046875 0.2154592546875 0.5055590078125001 0.14181818125 0.50603968125 0.052965978125 0.48999775625 0 0.4737961109375 0
1 0.1242570328125 0.7181201765624999 0.1063578546875 0.6038761796875 0.1098668859375 0.5625219734375 0.1284766921875 0.5247037859375 0.179397621875 0.4766586640625 0.1590753453125 0.45147102656250004 0.1412176953125 0.41236255 0.12484307812499999 0.34065143125 0.10577387812500001 0.346071134375 0.08459510625 0.3687898078125 0.07022520625 0.40957781249999997 0.0570248109375 0.4895205640625 0.057588540625 0.5509394015625 0.0694725328125 0.645322925 0.1175524984375 0.7290711984375 0.1242570328125 0.7181201765624999
1 0.1261589640625 0.325143603125 0.12576237968749998 0.24662995156249998 0.13491077812500002 0.184190328125 0.1694778546875 0.1020018484375 0.16275255625 0.0753851109375 0.126619390625 0.0399051921875 0.0379779265625 0.056052684374999995 0.012663584375 0.1048218953125 0.00245001875 0.1571271234375 0.0061884890625 0.211381384375 0.027241642187499998 0.28089304375 0.06408491875 0.3231292265625 0.1019726 0.33793204062500004 0.1261589640625 0.325143603125
1 0.122356134375 0.793459853125 0.1094277390625 0.726509696875 0.0873301828125 0.684431403125 0.05579198125 0.6552994328125 0.0174656703125 0.64566589375 0.012787134375 0.6478653515625 0.0429668875 0.9350065234375 0.0651272546875 0.93096965 0.0882484515625 0.9080468187499999 0.11444004999999999 0.8489390578125 0.122356134375 0.793459853125
1 0.7395662781250001 0.9762085296875 0.7396498499999999 0.9676611218750001 0.6799989046875 0.8765903828124999 0.64889933125 0.8422891390625 0.5888305203125 0.7939554359375001 0.5392047125 0.7889249703125001 0.5144125734375 0.823977496875 0.4927323640625 0.897980615625 0.49912337031250004 0.95878698125 0.520865871875 0.9974871437499999 0.7395662781250001 0.9762085296875