1 0.8617958437500001 0.1262729984375 0.842662021875 0.24632478125 0.847101271875 0.29371173906250003 0.8586312296875 0.327121484375 0.88133308125 0.3684492390625 0.909883759375 0.390762765625 0.9446362859375 0.38213866093750004 0.9919727999999999 0.3337389515625 0.9814842765625 0.1336059953125 0.95098063125 0.09268711562500001 0.9140973656250001 0.0793137828125 0.8919338671875 0.0855774234375 0.8617958437500001 0.1262729984375
1 0.8445973515625 0.133977134375 0.8048697406249999 0.06633045625 0.7724181671875 0.0442213671875 0.7419195609375 0.0407176296875 0.7163884796875 0.05736195937500001 0.696358240625 0.10433060937500001 0.69512391875 0.15541630625 0.7086093640625 0.226138978125 0.7314889875 0.27085881562499997 0.7600396640625 0.2931723421875 0.79532550625 0.294724490625 0.8219206953124999 0.27972509375 0.8474467359375 0.22566562031249998 0.8445973515625 0.133977134375
1 0.8543747890625 0.3205417546875 0.8405363203125 0.2617424875 0.808800871875 0.2906168765625 0.779899690625 0.29893432343750004 0.7520601 0.29018913281250003 0.718188871875 0.2596509421875 0.708974984375 0.30775343125 0.7095133390624999 0.35534482500000003 0.7178534859375 0.402527346875 0.738249346875 0.43717315156250003 0.7854206890625 0.47891921562500006 0.81751671875 0.49424413593749994 0.8465956718750001 0.489318771875 0.8726550281250001 0.44543555156250003 0.8827527343750001 0.376878340625 0.8543747890625 0.3205417546875
1 0.9902001234375 0.3372332546875 0.9409131609375001 0.3857351828125 0.9169769859375 0.3954931265625 0.9572328718750001 0.4359009125 0.9962418390625001 0.4338565390625 0.9902001234375 0.3372332546875
0 0.740560378125 0.48127024374999994 0.7519050046875 0.4551651921875 0.7245936890625 0.4191811109375 0.710402196875 0.372305246875 0.7073800796875 0.31463981875 0.7123375281250001 0.2599575984375 0.6963683203125 0.17916089531249998 0.6940572890625 0.135063803125 0.6821743078125 0.113577459375 0.6733084046875 0.1123414 0.6608971484375 0.11809394843750001 0.6481353875 0.1544774703125 0.651868590625 0.22571123593750003 0.6669539796875 0.3269626625 0.6846958640625 0.4042650640625 0.7196312015624999 0.4364481859375 0.7203422890625 0.45001652343750004 0.7111233609375 0.46070386875 0.7230063421875 0.48219021250000005 0.740560378125 0.48127024374999994
0 0.65169081875 0.22231915156249998 0.6417582859375 0.20073058906250002 0.6266854953125 0.19301701875 0.61002031875 0.21089740625000003 0.603996240625 0.245227121875 0.61660290625 0.373819659375 0.619619984375 0.39406994375000004 0.6410799546875 0.43036068125 0.638067915625 0.4475255390625 0.662715178125 0.45133593125000004 0.671047765625 0.4423957359375 0.6747608125 0.3639689296875 0.65169081875 0.22231915156249998
0 0.6130273171875 0.15631740624999999 0.5830620265625 0.162989921875 0.558059221875 0.1523953609375 0.540870809375 0.23492978281250002 0.536624446875 0.30318033906249997 0.54035765 0.374414103125 0.563773109375 0.44801776249999997 0.579023671875 0.45912341718749994 0.6045547515624999 0.44247908750000003 0.597281234375 0.415649071875 0.6073839796875 0.3845070046875 0.6004559265625 0.28963086875 0.6130273171875 0.15631740624999999
0 0.538407203125 0.374516321875 0.51499174375 0.300912659375 0.4926454359375 0.2663690734375 0.48377953281249997 0.2651330140625 0.46746989843750003 0.28979757031250003 0.4667638515625 0.313644378125 0.4699587 0.337286746875 0.48272802031250006 0.3570259390625 0.47971598125000003 0.3741907953125 0.49337919843750005 0.44830555156249996 0.507212628125 0.46968967656249994 0.5362915796875 0.4647643125 0.546041303125 0.445545646875 0.538407203125 0.374516321875
0 0.48059979999999997 0.3537360734375 0.46783048125000004 0.33399688125 0.4664083078125 0.3068602109375 0.46906480312500004 0.28291118437499996 0.48377953281249997 0.2651330140625 0.4883864765625 0.24108177187500002 0.4835916828125 0.18691064531249998 0.47206424374999995 0.17220846875 0.45557431875 0.1747733703125 0.44635539218750003 0.185460715625 0.436608190625 0.22338695312499998 0.4323567890625 0.2542223640625 0.43768993749999996 0.35598488437500003 0.42581451562500006 0.39062125625 0.42652560156249997 0.40418959218749995 0.45525657031250005 0.4486027734375 0.47458328125 0.444188503125 0.48078765 0.43195844375 0.48059979999999997 0.3537360734375
2 0.40580695312500004 0.605958046875 0.4040292359375 0.5720372078125 0.40988058125000004 0.5717305515625 0.4082806375 0.5412017953125 0.41377643906249995 0.5341109703125 0.4072140078125 0.520849290625 0.40951747968749996 0.5088236687500001 0.412709809375 0.5137584671875 0.41146540781249996 0.49001387812499997 0.4054362921875 0.4869284515625 0.41252699843749996 0.47295124062499994 0.4095099203125 0.452700953125 0.388230240625 0.43850987343750003 0.33893571875 0.43088908750000005 0.2933592828125 0.3822566375 0.2866215984375 0.38431044375 0.2669443828125 0.41935569062500005 0.25737495312499997 0.460674009375 0.26075765156249997 0.5625387500000001 0.2770773640625 0.6127044781250001 0.297295453125 0.6439581999999999 0.339677040625 0.6689482812499999 0.3630824203125 0.66772165625 0.4006692140625 0.6385406109375 0.4121916125 0.61582764375 0.40580695312500004 0.605958046875
2 0.25313362968750003 0.5663397078125 0.2588021640625 0.5252258249999999 0.2550689609375 0.4539920609375 0.23573469062500002 0.40228361718750005 0.1908743796875 0.40463464687500006 0.1321806390625 0.38560154999999996 0.1137528640625 0.481806528125 0.094786734375 0.530420109375 0.0955028609375 0.5814035875 0.12494491562500001 0.63938510625 0.1614751578125 0.6646818421875 0.187013796875 0.7041602265625 0.20084470625 0.7068367796875 0.210594428125 0.6876181156250001 0.2125398375 0.6501007546875 0.25313362968750003 0.5663397078125
2 0.176205003125 0.7591491015625 0.20138306093749997 0.7544281749999999 0.24144857812499998 0.6979060203125 0.2611308328125 0.7002759171874999 0.27265323124999996 0.67756295 0.25757792031250004 0.651141809375 0.27477893125 0.6621452453125001 0.2824004328125 0.6396367140625 0.2570345265625 0.566135271875 0.21449028593750002 0.6499985359375 0.210594428125 0.6876181156250001 0.20084470625 0.7068367796875 0.189142015625 0.7074500921875 0.163603378125 0.667971709375 0.114659359375 0.629719946875 0.11537296562499999 0.6619958546875 0.1274362375 0.705581853125 0.1499603171875 0.7435175234375 0.176205003125 0.7591491015625
2 0.345375809375 0.8523252546875 0.3788889734375 0.8573717046875 0.3707265984375 0.8135812703124999 0.34395363749999996 0.8251885828125 0.334732190625 0.8171683562500001 0.3616804046875 0.7902455546875 0.3675292296875 0.7712313265625 0.34394355781249997 0.750358296875 0.3178716046875 0.7007036609374999 0.307233025 0.70296190625 0.323187115625 0.67151318125 0.3160938890625 0.6667828203124999 0.29960648437500004 0.6880552921875001 0.29215519375 0.657833190625 0.2776157171875 0.6602958734375 0.2785045765625 0.67725629375 0.26308128124999997 0.7001736984375 0.232762965625 0.7187696171875 0.22992869843750002 0.7393265578125 0.21645333125000002 0.743434175 0.19943513125 0.7732379640625 0.21593261562500002 0.826795778125 0.238101153125 0.8579472812500001 0.27853229062499996 0.8830395796875001 0.345375809375 0.8523252546875
2 0.37427195156250004 0.8065926625 0.3943047109375 0.7783315859375 0.4210827109375 0.804139415625 0.42373920624999994 0.780190390625 0.45264038749999996 0.7718729421875 0.47001413124999997 0.7488533187499999 0.4458875875 0.6616813203125 0.4324097015625 0.6470813640624999 0.42851132343750004 0.665993371875 0.4200009640625 0.6715414828124999 0.41255219375 0.6600269546875001 0.4090018015625 0.6296004171875 0.37265689062499996 0.6638184796875 0.3299247984375 0.6694593734375001 0.32549310625 0.6781951296875001 0.32070839218749997 0.698854290625 0.3322383484375 0.7322640375 0.3714301265625 0.771026890625 0.36203594687499996 0.7970297234375 0.3450152265625 0.8081259421875 0.34359809375 0.818404415625 0.37427195156250004 0.8065926625
2 0.329769703125 0.83443543125 0.32551578281250004 0.8465632734374999 0.3104455109375 0.8575572749999999 0.2943086109375 0.848198771875 0.2939555875 0.8601221750000001 0.31097882656250003 0.8677335265625 0.3299499953125 0.8565350875 0.3498175796875 0.9184197828125 0.3714528015625 0.9393950328124999 0.4072719578125 0.9511234328124999 0.4554998515625 0.9383917140625 0.479611278125 0.913318284375 0.4959183921875 0.8699461562499999 0.49679717187500005 0.8120762906250001 0.4879287484375 0.7921326625 0.484200584375 0.7583140390625001 0.47019190312500003 0.7522454015625 0.43030163750000006 0.7934520703125 0.4148758234375 0.7976619031250001 0.3944824828125 0.7817236703125 0.36505302500000003 0.817280009375 0.352286225 0.8162483875 0.35813505 0.7972341609375 0.3352629859375 0.8086370359374999 0.330651003125 0.7952731375 0.324446634375 0.807503196875 0.329769703125 0.83443543125