0 0.6720395171875 0.11885565468749999 0.7272626468750001 0.18648363125 0.756586940625 0.20389421875 0.788104378125 0.1954584296875 0.78616091875 0.5132994828124999 0.7745271296875 0.552092184375 0.791758240625 0.5758969921875 0.811182496875 0.5738554203125 0.8407367453125 0.528056028125 0.8480890999999999 0.4111579859375 0.8170528515625 0.171923125 0.7920520390625 0.1489349484375 0.7777657125 0.1811755453125 0.7551667171875 0.19038169375 0.7254873671875 0.16959297499999998 0.6775117390625 0.1148650515625 0.6720395171875 0.11885565468749999
0 0.025001059375000002 0.7640730734375001 0.0422321703125 0.7878778796875 0.155122290625 0.8716452312499999 0.17648897187499998 0.8693995031249999 0.20163616874999998 0.83772510625 0.196769721875 0.8194516187499999 0.1693878546875 0.8018368734375001 0.015748840625 0.6386738953125 0.025001059375000002 0.7640730734375001
0 0 0.5079230328125 0.008752059375 0.60013161875 0.0387864640625 0.624298471875 0.24324155468750003 0.869214421875 0.26302086562500004 0.8705509812500001 0.27404887968749997 0.8540223687499999 0.27755791093750004 0.8126681625 0.2668641890625 0.795007146875 0.203432728125 0.733365075 0.151300765625 0.6671199296875 0.068612196875 0.590424615625 0.0491671765625 0.554898428125 0 0.5041612546875001 0 0.5079230328125
0 0 0.49121338750000004 0.0050763984375 0.499762190625 0.067902084375 0.583668353125 0.15978057968749998 0.6730595640625 0.2537894125 0.7827195640625 0.29424605625 0.8126218921874999 0.325679921875 0.812733509375 0.34746446875000003 0.7677507453125 0.3451462234375 0.7270090109375 0.3233201484375 0.6968562546875 0.13037323125 0.5053779359374999 0 0.4075838734375 0 0.49121338750000004
0 0 0.4066611359375 0.12577826718750001 0.4990299875 0.3560070921875 0.7275752109375 0.37852251406250004 0.7269164703125 0.33581043125 0.610157240625 0.30418865624999997 0.5895726765625 0.125026628125 0.41713820312500005 0 0.3554499953125 0 0.4066611359375
0 0.30385488125000004 0.4649438578125 0.36755730781249996 0.697329915625 0.4092877953125 0.7954073453125 0.42846133125 0.8190079953125 0.44753053125 0.8135882921875 0.458203490625 0.7936815484374999 0.45287765156250004 0.7430095750000001 0.376664178125 0.5597547734375 0.35082815156249997 0.4634222171875 0.317326759375 0.3969266453125 0.30036713125 0.3850473765625 0.2874802640625 0.393232740625 0.275909284375 0.38591027499999997 0.30385488125000004 0.4649438578125
0 0.43508384375000003 0.3401490359375 0.4221134046875 0.35688180625 0.413507971875 0.44317250625 0.41302729843749997 0.532024709375 0.42457699687500006 0.6605978609375 0.4392599078125 0.7068709171875 0.46073092656250003 0.733645540625 0.4965718453125 0.7196321593749999 0.5068897484375 0.696347284375 0.5116310921875 0.6480326578125 0.4839574953125 0.422106165625 0.47069480781250006 0.3893456375 0.4701518421875 0.36549455937499997 0.44982956406249996 0.3403069234375 0.43508384375000003 0.3401490359375
0 0.369626903125 0.12844008125 0.368311015625 0.1439479078125 0.3961315125 0.156393378125 0.41990001250000003 0.1863419765625 0.449975946875 0.28564434843750003 0.4535265046875 0.3194256640625 0.4777543984375 0.38177274687499996 0.5004572125 0.5604053984374999 0.5266482953125 0.6601160828125 0.5507718515625 0.6934428140625 0.5740809578125 0.690992928125 0.5847539171875 0.6710861828125 0.5859654671875 0.626558003125 0.5569339375 0.49982226562500004 0.53801111875 0.4505793953125 0.5275888796875 0.4448439171875 0.5219079843750001 0.39079381406249997 0.49164414062499995 0.271018496875 0.4406401546875 0.16879257812499998 0.3785453453125 0.12921043906250002 0.369626903125 0.12844008125
0 0.5681296140625001 0.307380390625 0.604930846875 0.43329949843750004 0.653198721875 0.5375207203125 0.6813322296875 0.6370272484374999 0.7125153765625 0.6627810875 0.7308744640625 0.650605121875 0.7404822546875 0.6205639828125 0.7365766390624999 0.5834045359375 0.7079209296875 0.497614690625 0.6540136875 0.41447888749999995 0.6167110171875 0.339844221875 0.5770480578125 0.3081507484375 0.5748341484374999 0.29642936875000003 0.5681296140625001 0.307380390625
0 0.6985648921875 0.1843767125 0.678116996875 0.251419409375 0.6802680953125 0.309255959375 0.7105734671875 0.5041667953125 0.734174821875 0.551210209375 0.7589041515625 0.56227285 0.7769081843750001 0.546718753125 0.7849286046875 0.5202599015625 0.7774516671875 0.41175138125000005 0.7477100250000001 0.27825938125 0.74397155625 0.22400512187500002 0.7110967031250001 0.1728132171875 0.6985648921875 0.1843767125
0 0.5335843359375 0.1094997359375 0.535359615625 0.12639039218749998 0.5569349703124999 0.18218537031249998 0.576776575 0.2962252109375 0.5897677781249999 0.3170602 0.6140584796875 0.333292115625 0.6563111687500001 0.41765286250000005 0.6659397234375 0.42517948437499997 0.6502752187499999 0.360224628125 0.6357802171875 0.33442451875 0.6081689124999999 0.2212013078125 0.57475109375 0.14615832812500001 0.5394116125 0.1088872640625 0.5335843359375 0.1094997359375
0 0.402729178125 0.537850765625 0.40547688125 0.5390799484375 0.4104804234375 0.5036405734375 0.41030416406250003 0.46874561562499995 0.41098197656249996 0.41706313906250003 0.4012259 0.3740671984375 0.3657193875 0.3185979609375 0.343812046875 0.301166809375 0.305019365625 0.2642586921875 0.25947808437500003 0.22957786093750002 0.25005606875 0.22297826718749997 0.21159745000000002 0.2224664953125 0.17039112812499999 0.220725546875 0.15484249375 0.2056620203125 0.1488736796875 0.19869948125 0.11817553437499999 0.1806743015625 0.09180311875 0.1788922234375 0.049807784375000004 0.1696443140625 0.0179584171875 0.1987974328125 0.0492042578125 0.2137290921875 0.0837362671875 0.21009963125 0.1037499765625 0.2095140828125 0.13664813125 0.23186196718750002 0.161145371875 0.249020909375 0.18250501562500002 0.26954558125 0.223414190625 0.301677315625 0.2578068546875 0.329940025 0.268565578125 0.340953059375 0.2902408296875 0.3644805140625 0.3253482203125 0.4078478828125 0.34844369375 0.44488786406249997 0.36919058437499996 0.49280053281249997 0.3650318859375 0.49475560781250005 0.3882016484375 0.524197896875 0.402729178125 0.537850765625
0 0.11845376562500001 0.2580619109375 0.0992941296875 0.24185993906249997 0.0967969734375 0.26792801875 0.09209980625 0.28967339375 0.0849054859375 0.33748685156249997 0.0882101125 0.35231929375000004 0.1054110578125 0.3747990421875 0.1268542203125 0.404422803125 0.1645515109375 0.447517959375 0.192668984375 0.48251213125000003 0.214344234375 0.5060395859375 0.2574534171875 0.5424940203124999 0.2762974484375 0.5556932078125 0.320353446875 0.6011559937500001 0.3435974953125 0.6230005843749999 0.334231309375 0.5754097296875 0.3277798578125 0.547246234375 0.3074971453125 0.48714095625000003 0.2961722703125 0.44582787812499997 0.2781730828125 0.39914439218750003 0.26560424375 0.3792137453125 0.244560203125 0.36169185625 0.2297170671875 0.34503620156250003 0.20961061406249998 0.31982588125 0.1808711609375 0.295522925 0.151667525 0.283412575 0.12355928125 0.2651151875 0.11845376562500001 0.2580619109375
0 0.593341815625 0.6240749921875001 0.60002535625 0.6461421859375001 0.61056121875 0.6799483046875 0.6213291703125 0.707658121875 0.6324777874999999 0.7140762390625001 0.6415841984374999 0.7176730499999999 0.659713503125 0.7157675828125 0.6659886953124999 0.709036125 0.6714748734375 0.6947977062499999 0.6741298328124999 0.6702310203125 0.6709737796875 0.6402031859374999 0.6644388140624999 0.6029405999999999 0.6505240375 0.56189973125 0.637788165625 0.5237709125000001 0.6248944937500001 0.4841407015625 0.6079999218750001 0.4479669546875 0.5994319781249999 0.42457984218749995 0.5790749796875 0.372072259375 0.5752969453125 0.352735640625 0.5726143015625 0.32721198125 0.5655408671875 0.3097396984375 0.547792225 0.29035347031250003 0.53397019375 0.2751084734375 0.5293380875 0.272559371875 0.512396915625 0.2940736671875 0.514531865625 0.32269085 0.5227934328125 0.359771959375 0.534424684375 0.3873910359375 0.5476339640625 0.43002403281249996 0.554800140625 0.47329218281249996 0.5610287296875 0.5242487671875 0.5640177515625 0.536078428125 0.5699865671875 0.5430409671875001 0.5801325375 0.5814419984375 0.593341815625 0.6240749921875001