0 0.6865234375 0.1813858703125 0.6611328125 0.211956521875 0.638671875 0.22044837031250003 0.6630859375 0.225543478125 0.6904296875 0.2085597828125 0.697265625 0.22044837031250003 0.69921875 0.2883831515625 0.716796875 0.434442934375 0.716796875 0.5397418484375 0.70703125 0.58389945625 0.7373046875 0.6059782609375 0.7587890625 0.588994565625 0.775390625 0.5533288046875 0.775390625 0.4412364125 0.73046875 0.21705162968749997 0.7158203125 0.1915760875 0.69921875 0.1830842390625 0.6865234375 0.1813858703125
0 0.0029296875 0.77921195625 0.0400390625 0.8165760875 0.0947265625 0.8471467390624999 0.1201171875 0.84375 0.13671875 0.8216711953125 0.1201171875 0.7927989125 0.001953125 0.66202445625 0.0029296875 0.77921195625
0 0 0.6484375 0.0048828125 0.6603260875 0.0166015625 0.6569293484375 0.0556640625 0.721467390625 0.1728515625 0.8539402171875 0.1923828125 0.8505434781250001 0.205078125 0.8284646734375001 0.20703125 0.797894021875 0.1982421875 0.7826086953125 0.001953125 0.5737092390625 0 0.6484375
0 0 0.563519021875 0.0322265625 0.602581521875 0.2138671875 0.7961956515625 0.2490234375 0.8029891296875 0.275390625 0.7673233703125 0.28125 0.7367527171875 0.2744140625 0.7112771734375001 0.0517578125 0.48369565156250005 0.00390625 0.44463315156250005 0 0.563519021875
0 0.0009765625 0.43953804375 0.0791015625 0.5074728265624999 0.2724609375 0.707880434375 0.2919921875 0.7248641296875 0.3046875 0.7231657609375 0.2529296875 0.5923913046875 0.1669921875 0.524456521875 0.00390625 0.3529211953125 0.0009765625 0.43953804375
0 0.1875 0.3834918484375 0.22265625 0.4684103265625 0.27734375 0.655230978125 0.3447265625 0.8063858703125 0.3564453125 0.8165760875 0.3740234375 0.8131793484375001 0.38671875 0.79110054375 0.380859375 0.7367527171875 0.357421875 0.6993885875 0.349609375 0.6654211953125 0.30859375 0.577105978125 0.25390625 0.420855978125 0.220703125 0.380095109375 0.1875 0.3834918484375
0 0.2353515625 0.12364130468750001 0.224609375 0.1321331515625 0.2880859375 0.1508152171875 0.33203125 0.1898777171875 0.33203125 0.22044837031250003 0.349609375 0.2578125 0.375 0.3461277171875 0.41015625 0.526154890625 0.443359375 0.6518342390625 0.4677734375 0.70108695625 0.4990234375 0.694293478125 0.509765625 0.668817934375 0.509765625 0.63485054375 0.466796875 0.48879076093749996 0.447265625 0.46161684843749995 0.451171875 0.4412364125 0.416015625 0.3325407609375 0.4140625 0.301970109375 0.396484375 0.2476222828125 0.3525390625 0.174592390625 0.3388671875 0.1711956515625 0.3212890625 0.147418478125 0.271484375 0.12533967343750002 0.2353515625 0.12364130468750001
0 0.4208984375 0.3070652171875 0.416015625 0.3257472828125 0.43359375 0.3665081515625 0.439453125 0.4038722828125 0.46484375 0.4514266296875 0.498046875 0.604279890625 0.5537109375 0.731657609375 0.5888671875 0.731657609375 0.603515625 0.6891983703125 0.5859375 0.6110733703125 0.51171875 0.4548233703125 0.48046875 0.3631114125 0.443359375 0.2883831515625 0.4208984375 0.3070652171875
0 0.45703125 0.3053668484375 0.4609375 0.32235054375 0.5078125 0.44463315156250005 0.5859375 0.5940896734375001 0.611328125 0.6586277171875 0.6337890625 0.680706521875 0.6572265625 0.67391304375 0.669921875 0.6484375 0.66796875 0.6076766296875 0.63671875 0.5295516296875 0.5458984375 0.40557065156250005 0.5224609375 0.354619565625 0.4814453125 0.3274456515625 0.462890625 0.301970109375 0.45703125 0.3053668484375
0 0.58984375 0.2102581515625 0.58203125 0.301970109375 0.619140625 0.42764945625 0.62890625 0.4921875 0.6572265625 0.5686141296875 0.6787109375 0.5855978265624999 0.6962890625 0.5822010875 0.71484375 0.5465353265624999 0.712890625 0.47520380468749995 0.703125 0.4242527171875 0.67578125 0.329144021875 0.638671875 0.2408288046875 0.595703125 0.20006793437499998 0.58984375 0.2102581515625
0 0.24739583281250002 0.5425724640625 0.230034721875 0.47916666562500004 0.21006944375 0.439915459375 0.19704861093749998 0.40066425 0.18663194375 0.3704710140625 0.18055555625 0.3599033796875 0.16319444375 0.34027777656249997 0.14149305625 0.3131038640625 0.121527778125 0.2874396140625 0.07725694375 0.24516908124999998 0.03211805625 0.2164855078125 0.0052083328125 0.23007246406249998 0.0017361109374999999 0.284420290625 0.004340278125 0.3463164234375 0.0390625 0.3855676328125 0.105902778125 0.45652173906250004 0.1510416671875 0.512379228125 0.25347222187499996 0.5863526578125 0.24739583281250002 0.5425724640625
0 0.3255208328125 0.5078502421875 0.31684027812500004 0.47765700468750005 0.3125 0.42481883906249995 0.3142361109375 0.381038646875 0.32378472187499996 0.3523550734375 0.31944444375000003 0.3432971 0.30121527812500004 0.3312198078125 0.2717013890625 0.30404589375 0.23263888906250002 0.263285025 0.206597221875 0.24667874531249998 0.16232638906250002 0.224033815625 0.1197916671875 0.20742753593750002 0.07899305625 0.1772342984375 0.0373263890625 0.168176328125 0 0.1787439625 0.019965278125 0.19233091875 0.0564236109375 0.2285628015625 0.07118055625 0.23611111093749998 0.1145833328125 0.27536231718750004 0.1588541671875 0.30857487968749997 0.18663194375 0.341787440625 0.22916666718749998 0.3916062796875 0.26215277812500004 0.42028985625 0.28038194375000003 0.46407004843750005 0.29600694375000003 0.497282609375 0.32899305624999997 0.53049516875 0.3255208328125 0.5078502421875
0 0.3229166671875 0.353864734375 0.31684027812500004 0.3734903375 0.3151041671875 0.4097222234375 0.3185763890625 0.4550120765625 0.3255208328125 0.4942632859375 0.3307291671875 0.5350241546875 0.3376736109375 0.577294684375 0.3463541671875 0.6240942031250001 0.35243055624999997 0.6618357500000001 0.3671875 0.707125603125 0.3845486109375 0.72675120625 0.39930555624999997 0.725241546875 0.41753472187499996 0.725241546875 0.4314236109375 0.7116545890625 0.43836805625 0.681461353125 0.43836805625 0.6557971 0.43055555625 0.6256038640625 0.4192708328125 0.569746378125 0.4140625 0.536533815625 0.40190972187499996 0.48671497500000005 0.39149305624999997 0.4368961359375 0.3802083328125 0.38707729375 0.3689236109375 0.3599033796875 0.35243055624999997 0.341787440625 0.3298611109375 0.34933575 0.3229166671875 0.353864734375
0 0.5677083328125 0.3448067640625 0.5399305562500001 0.270833334375 0.512152778125 0.2149758453125 0.48524305625 0.168176328125 0.4557291671875 0.1319444453125 0.42881944375 0.1108091796875 0.42274305625 0.1123188390625 0.4392361109375 0.1319444453125 0.453125 0.16666666562500002 0.4661458328125 0.20440821250000002 0.4782986109375 0.2557367140625 0.4921875 0.31461352656249997 0.5104166671875 0.3448067640625 0.5286458328125 0.3719806765625 0.5486111109375 0.412741546875 0.566840278125 0.4429347828125 0.5833333328125 0.46105072500000005 0.5963541671875 0.47916666562500004 0.613715278125 0.5003019328125 0.620659721875 0.498792271875 0.6180555562500001 0.4746376828125 0.6076388890625 0.45803140156250005 0.589409721875 0.3976449265625 0.5677083328125 0.3448067640625
0 0.453125 0.2210144921875 0.44878472187499996 0.184782609375 0.4401041671875 0.1455314015625 0.42621527812500004 0.10778985625 0.4140625 0.09118357656250001 0.41319444375 0.14704106249999999 0.40625 0.1817632859375 0.40277777812500004 0.23309178749999998 0.40972222187499996 0.264794684375 0.4201388890625 0.298007246875 0.43315972187499996 0.30253623125 0.44965277812500004 0.2919685984375 0.46961805625 0.3070652171875 0.47743055625 0.32065217343749997 0.484375 0.32669082031249996 0.4826388890625 0.3010265703125 0.4609375 0.2602657015625 0.453125 0.2210144921875