1 0.90935845 0.3029307484375 0.9055508921875 0.23440334843750002 0.877570196875 0.162056215625 0.8524028156250001 0.13598635625 0.82433829375 0.131826171875 0.7967392375 0.14475528124999998 0.7664757734375 0.1881387109375 0.7386029515625 0.3050401484375 0.7463018953125 0.3739080015625 0.7649767953125 0.41816327031249995 0.781007803125 0.436614371875 0.8060057640625 0.44221112656250006 0.8788417359375 0.39402802187499997 0.9013224296875 0.3499636859375 0.90935845 0.3029307484375
1 1 0.132292909375 0.99120240625 0.12937631875 0.9619537015624999 0.1387513875 0.9277988515625 0.1817943671875 0.912868196875 0.217994959375 0.9081314718750001 0.272135975 0.9143073921875 0.3135928671875 0.9445298234375 0.3827264140625 0.9738846359375 0.40575291093750004 0.9972329500000001 0.407795625 1 0.4062757828125 1 0.132292909375
1 0.7432130531250001 0.2747560546875 0.75602859375 0.217912128125 0.7559857984375 0.1735821015625 0.7241137171875 0.100894515625 0.6950549500000001 0.0744842046875 0.6630990421875 0.0699835671875 0.6438748484375 0.076825953125 0.6130192937500001 0.1269770109375 0.6032070015625 0.19431282968750002 0.60578758125 0.23204545625 0.6172084890625 0.280780653125 0.6334722296875 0.307776403125 0.6631230875 0.3274190859375 0.700683340625 0.32388575468749997 0.7238622328125001 0.30545536093750003 0.7432130531250001 0.2747560546875
1 0.7529860765625 0.4767842171875 0.7655055734375 0.42332410468750004 0.744652246875 0.37035396249999997 0.73724935 0.2981022953125 0.731412271875 0.2975916171875 0.6845257078125 0.32929157343750004 0.649799284375 0.32284369062499996 0.617441221875 0.2893253 0.5993173796875 0.35081938125 0.6016447109375 0.43626584843750005 0.6245070421875 0.47747775625 0.6790292359375 0.5265741140625 0.704027196875 0.5321708671875001 0.7227226124999999 0.520167646875 0.7529860765625 0.4767842171875
1 0.9087663593749999 0.3096983765625 0.8984886 0.3599449015625 0.8765999984375 0.397241609375 0.798751771875 0.4466910546875 0.8274511812500001 0.48841363906249996 0.850207403125 0.4972239796875 0.881930578125 0.49317996875 0.9176717640625001 0.46561949062499997 0.9398564109375 0.4249389703125 0.9486539421875 0.39161151250000004 0.9087663593749999 0.3096983765625
0 0.3840214015625 0.2569697125 0.36892132499999997 0.272697196875 0.362534953125 0.323284175 0.37640981562500003 0.43360891874999996 0.38654043437499996 0.463477803125 0.41796756406249996 0.4628176078125 0.43372304218749996 0.428394034375 0.43203059843749997 0.38050996875 0.412488078125 0.2901476515625 0.39457468906250004 0.25959786406249996 0.3840214015625 0.2569697125
0 0.5316818343749999 0.20510375781249998 0.5162857140625 0.2242150578125 0.5074881828125 0.2575425140625 0.5089701734375 0.3974704515625 0.5248745578125 0.4397784734375 0.521977415625 0.4616881484375 0.547271421875 0.46390108750000003 0.566875490625 0.3854879390625 0.55820281875 0.238111471875 0.5480722 0.20824258750000002 0.5316818343749999 0.20510375781249998
0 0.6286311609374999 0.48636285625 0.6029983125 0.4432037015625 0.5975839046875 0.41545229062500005 0.600205515625 0.340667940625 0.6152627953125 0.2806104265625 0.6041379328125001 0.22849141718750002 0.6073516359375 0.1469394390625 0.5979825296875 0.1307760359375 0.587133196875 0.1315316984375 0.572329165625 0.1438753703125 0.5621780328125 0.17026497499999999 0.5605301500000001 0.32355793906249997 0.5714017625000001 0.4233907921875 0.5993396609375 0.451407896875 0.6009259953125 0.46689039687499995 0.5922550890625 0.47636093281249997 0.5930166 0.49006641406250007 0.611818125 0.5104647625000001 0.6286311609374999 0.48636285625
0 0.5274516078125 0.1638170921875 0.49849895 0.169808346875 0.47521394843750003 0.155837175 0.448947978125 0.23196262499999998 0.4321572234375 0.356653046875 0.44556662031250005 0.44988849999999997 0.45912315625 0.463008540625 0.48082182187500005 0.46149721406250005 0.49090964374999996 0.44703607031250003 0.4866794171875 0.4057494046875 0.4972960171875 0.3964490953125 0.5043583078125 0.2709075421875 0.5274516078125 0.1638170921875
0 0.3882088328125 0.2539263515625 0.398021125 0.1865905328125 0.38564876875 0.1599352359375 0.37090805 0.1603504484375 0.3577536671875 0.176248159375 0.33626721875 0.24256262031250003 0.317700190625 0.3875559234375 0.3344293984375 0.43164096562500004 0.35942735937500003 0.43723771874999995 0.3698112265625 0.4193927609375 0.37306772499999996 0.38217081249999996 0.36194286249999996 0.33005180156249997 0.3666795875 0.275910784375 0.3882088328125 0.2539263515625
2 0.28297553125 0.5379550453124999 0.29058888125000004 0.5181628421875 0.2964669921875 0.40615654375 0.2694600265625 0.4123180265625 0.2253011828125 0.4016352 0.179978675 0.348229140625 0.1553195546875 0.3835786015625 0.14487237656250002 0.41335201875000005 0.1329877671875 0.50437453125 0.1409827546875 0.5698585703125 0.16189939375 0.6109002515624999 0.19319989843750002 0.6340969765625 0.226572721875 0.63360700625 0.26396355312500003 0.609600565625 0.2819607703125 0.57196340625 0.28297553125 0.5379550453124999
2 0 0.588948053125 0.0173260375 0.60507115 0.0387714546875 0.6512736640625 0.048499918749999996 0.6521247953125 0.060533432812499996 0.6378338765625 0.0699230546875 0.5977387937499999 0.1119239890625 0.5434482593750001 0.1288003359375 0.50741789375 0.14157308125 0.4062439390625 0.12932735 0.355731721875 0.074847953125 0.3509653921875 0.02715708125 0.3246298390625 0.011464914062500001 0.34712495312499997 0 0.4781695234375 0 0.588948053125
2 0 0.6756814125 0.002734225 0.6822179562499999 0.026548004687499998 0.7013499640624999 0.056029440625 0.700519540625 0.08474936718750001 0.6859836375 0.094308409375 0.6663616609375 0.112411734375 0.66112606875 0.13087441875 0.6405782015625 0.09752211093749999 0.5848096843749999 0.13017621875000002 0.6149442609375 0.141321596875 0.610804784375 0.1450435625 0.5906721296875 0.1342147453125 0.5351693046875 0.12507837187499998 0.5275505484375 0.069627009375 0.6011226078125 0.05268735 0.6490814328125001 0.0351761140625 0.6475493984375 0.015380345312499998 0.6049009234375 0 0.5915646531250001 0 0.6756814125
2 0.21358952343749998 0.8268248281250001 0.213842771875 0.7791109859375001 0.191552015625 0.787389940625 0.17934908125 0.78120775 0.2120870171875 0.7431553796875 0.1845084765625 0.6998260000000001 0.1744411703125 0.6580286546874999 0.1820545203125 0.638236453125 0.1580080078125 0.6105597984375 0.143563334375 0.607591196875 0.13235464531250002 0.623659134375 0.135886671875 0.6393118609374999 0.11435742812500001 0.66129629375 0.0823382078125 0.6687241171875 0.0523707890625 0.708723734375 0.0573625265625 0.76371588125 0.0799288125 0.808311603125 0.1184199984375 0.8389568578125 0.1849962234375 0.817503809375 0.21358952343749998 0.8268248281250001
2 0.2765276109375 0.7573174859375 0.31639291406250003 0.73864210625 0.31922674375 0.7286608921875 0.31038641562499997 0.7176583203125 0.30133387031250003 0.641852615625 0.28972302656250004 0.6289027984375 0.2779222453125 0.6517383625 0.2743269046875 0.6480140984375 0.2685531390625 0.635574959375 0.269271853125 0.6049504109375 0.23046410625 0.6339474578125001 0.1873628203125 0.6335862984375 0.1792206921875 0.6482176671875 0.18480452187500002 0.6964421859375001 0.21627444687500003 0.7401120171875 0.1918480609375 0.7840061265625 0.21608451093749997 0.7758973984375 0.23761375624999997 0.7539129640625 0.27145204375 0.7705122875 0.2765276109375 0.7573174859375
2 0.2636710375 0.9266783875 0.3046572109375 0.9063962140624999 0.3281954609375 0.8726535453125001 0.34266065 0.819363659375 0.34384483125 0.8058284062500001 0.326756265625 0.7770556375 0.3300127640625 0.7398336875 0.3205803453125 0.7355987453124999 0.26950635156249997 0.7703420609375 0.2353720171875 0.7571265515625 0.219151071875 0.77446083125 0.21553521562500003 0.826995053125 0.186941915625 0.8176740359375 0.1735547984375 0.8250271 0.1777850265625 0.8663137656250001 0.2006473578125 0.9075256734374999 0.234485646875 0.9241249968749999 0.2636710375 0.9266783875