1 0.8113773765625 0.574367490625 0.8846377828125 0.492944325 0.9089170281250001 0.4567230234375 0.9490373453125001 0.3662652421875 0.9571589578124999 0.3246381234375 0.9521261875 0.2671132921875 0.9366034421875 0.22414507499999997 0.906339978125 0.18076164374999998 0.8584591703125 0.171311815625 0.8196719390625 0.19857325625 0.7718749593750001 0.2573103765625 0.7215607125 0.3657085828125 0.7107318953124999 0.42121140781250005 0.7129308375 0.46875502343750003 0.75594653125 0.55705391875 0.7777718203124999 0.5824221656249999 0.8113773765625 0.574367490625
1 0.7460560953125001 0 0.7436017484375 0.0125796875 0.7485078953125 0.046247596875000005 0.77824258125 0.0947918609375 0.808293828125 0.2029784265625 0.86983728125 0.1669066453125 0.9018565015625001 0.17433446875 0.93571530625 0.21399363437500002 0.9535653828124999 0.171515384375 0.9517052828124999 0.0830255546875 0.9292755421875001 0 0.7460560953125001 0
1 1 0.47816952968750004 0.986936440625 0.328852359375 0.9723651421874999 0.307964040625 0.9590413390625001 0.3125394375 0.9493333906249999 0.36964905625 0.8788640171875001 0.5053834625 0.925644471875 0.5694849859375 0.9658486171874999 0.5472141515625 1 0.485509690625 1 0.47816952968750004
1 0.7111340484374999 0.392193653125 0.7580856890625001 0.27897506562499996 0.7897883484375 0.22676058906250002 0.78822429375 0.141654571875 0.7715173671875 0.08515109843749999 0.7418459921875 0.0485352953125 0.7006903999999999 0.0487262296875 0.673577325 0.0749663140625 0.6439469828125 0.1508674875 0.6328221203125 0.2029864984375 0.6345555968750001 0.26761940625 0.6234307343750001 0.31973841875 0.625799096875 0.3468089265625 0.6367750546875001 0.3714215109375 0.6814198796875 0.399907878125 0.7111340484374999 0.392193653125
1 1 0.5878728875 0.9888580875 0.586117653125 0.9699932515624999 0.594587540625 0.946242784375 0.6256480078125 0.9472147484375 0.703986396875 0.9384582484375 0.783175915625 0.9762289546874999 0.8787531156249999 1 0.912829503125 1 0.5878728875
1 0.8973231703125 0.8396253375 0.9202488140625 0.8103418906250001 0.93862766875 0.762702809375 0.9455650999999999 0.7075404359374999 0.942181978125 0.646461565625 0.9322002640625 0.59959885625 0.9169735640625 0.5600144499999999 0.8979187906250001 0.53269895625 0.87727768125 0.5208659625000001 0.8636578328125 0.5220575453125 0.80807808125 0.5814755703125 0.7875841125 0.649757984375 0.7903323484375 0.7483992546875 0.80137161875 0.7849402999999999 0.831931128125 0.83170754375 0.875391771875 0.8466586578124999 0.8973231703125 0.8396253375
1 0.9938873296875 0.9573364906249999 0.9938240171875 0.9454080296875 0.9578928953125001 0.8820621718749999 0.9282848343750001 0.8573748265625 0.8979152609375 0.8463929640625001 0.8153080296875 0.84339101875 0.78436688125 0.8819000156250001 0.777894915625 0.9199730953125 0.77874025625 0.9744545625000001 0.9938873296875 0.9573364906249999
1 0.7623944500000001 0.776416359375 0.7822535328125 0.7456963453125 0.7854689984375 0.6704013171875001 0.7686354468750001 0.5900409234375 0.6708665921875 0.402536028125 0.63512540625 0.37497555 0.5854255312500001 0.38955286718750004 0.5655664484375 0.4202728828125 0.5598559953125 0.44464048125 0.563704584375 0.48863005781249996 0.5871367249999999 0.55477429375 0.5983026203125 0.6151722578125 0.647282015625 0.726817396875 0.7135193984375 0.789216659375 0.7623944500000001 0.776416359375
1 0.5443965609375 0.41360072187499997 0.5867791328124999 0.382615015625 0.6214850421875 0.3199086453125 0.633371415625 0.254084153125 0.6241512140625 0.1935159609375 0.59270356875 0.136597278125 0.5379709218750001 0.093649765625 0.513734471875 0.0855410375 0.47092923124999997 0.08928601093750001 0.41264227656249997 0.162579740625 0.3693715703125 0.1834140078125 0.3601290875 0.2234343328125 0.3663460390625 0.2944944171875 0.397920309375 0.37527002187499997 0.42782441562500007 0.403341178125 0.46479257812499997 0.40010688437499997 0.5104949609375 0.41827158593749997 0.5443965609375 0.41360072187499997
1 0.5174872875000001 0 0.5363640703125 0.05287377812500001 0.5847941734375001 0.1134212609375 0.6162846140625 0.12600991718750001 0.6421073984375 0.1186361453125 0.6633833953125 0.0929067375 0.6955515203125 0.0236029671875 0.7012365296875 0 0.5174872875000001 0
1 0.40126416562499995 0.1669849109375 0.44994928125 0.11839923125 0.47881811093750004 0.056203539062499995 0.489646928125 0.0007007156250000001 0.28811970468750003 0.0166272046875 0.284122209375 0.049369225 0.2945265921875 0.1234726703125 0.321956228125 0.1568748859375 0.3657129171875 0.1752098140625 0.40126416562499995 0.1669849109375
1 0.2647268296875 0.21984694999999999 0.2859395140625 0.1821890828125 0.2918193875 0.1373483765625 0.2815844265625 0.0427718234375 0.27367503125 0.019595807812499998 0.0877133484375 0.0341604890625 0.09424478281250001 0.0948155671875 0.099830690625 0.11663835625 0.1313416484375 0.1854855 0.1613090671875 0.22548511875 0.186433653125 0.2437452859375 0.2270604671875 0.248715184375 0.2647268296875 0.21984694999999999
1 0.1150573921875 0.1562227609375 0.0941630328125 0.0966759265625 0.08688852500000001 0.035937509374999996 0.027396873437500004 0.039437496875 0.030716684374999997 0.08858790625 0.0392181703125 0.11853155 0.060810726562499993 0.15244444375 0.0825727046875 0.16588423125 0.1150573921875 0.1562227609375
1 0.3304113890625 0.544842565625 0.3608237578125 0.5114944 0.37949865781250003 0.46723913125000005 0.38867782812499996 0.415290346875 0.3833490125 0.354381703125 0.364400346875 0.2946646421875 0.34027000625000003 0.254154346875 0.300341390625 0.22355050781250002 0.261427534375 0.22695502968749998 0.23372237031249998 0.24642748750000001 0.20980248281249997 0.29796106093749997 0.20121540312500003 0.3566774734375 0.2062481734375 0.4142023015625 0.2392393578125 0.499968515625 0.2697988671875 0.546735759375 0.297101878125 0.5562810546875 0.3304113890625 0.544842565625
1 0.1599109046875 0.4336000015625 0.1956312546875 0.43440694999999996 0.203269334375 0.41307890625 0.1998618015625 0.3636153265625 0.203965403125 0.2984717390625 0.18425522656249999 0.2524601578125 0.1526381609375 0.2160145796875 0.11406314687500001 0.1784728875 0.07591080312500001 0.1681719296875 0.0391325765625 0.20719160625000002 0.0287692265625 0.2456051359375 0.029318520312500002 0.296702790625 0.037354540625 0.34373572812500003 0.0604906359375 0.40649615 0.11699955468750001 0.4697465421875 0.1599109046875 0.4336000015625
1 0 0.5218304765624999 0.0108728234375 0.6461074203125 0.053043178125 0.6799248484375 0.085823909375 0.6736471921875 0.086967059375 0.57466546875 0.1123466578125 0.483792475 0.10361243906249999 0.462393478125 0.059665812500000005 0.4082731703125 0.0229936953125 0.4148912796875 0 0.43942651093749996 0 0.5218304765624999
1 0.53178794375 0.762494675 0.5834763093750001 0.7034171015624999 0.595722040625 0.652904884375 0.5945806546875 0.595039603125 0.5750398999999999 0.5285549140625 0.537163084375 0.46537928125 0.473167440625 0.40619360625 0.43560718749999994 0.402660275 0.40819806718749996 0.42551654531249994 0.387577475 0.469942040625 0.3797519078125 0.5149529734375 0.3844886328125 0.569093990625 0.404621478125 0.6423463046875 0.4291111765625 0.6981688734375 0.4680455484375 0.751022840625 0.5020737734375 0.7702088984375 0.53178794375 0.762494675
1 0.7390015765625 0.9796361046875001 0.7465944109375 0.9431698203125001 0.74096955 0.8788773624999999 0.6998995484375 0.7904082406249999 0.6786030375000001 0.7598791609375 0.657961928125 0.7480461671875 0.6171023796874999 0.7516209140625 0.5339868859375 0.8100382890625 0.5028130046875 0.8570919343750001 0.48231903593750003 0.9253743484375001 0.48451797812499997 0.9729179640625001 0.49272341875 0.99947779375 0.7390015765625 0.9796361046875001
1 0.450912421875 0.980972640625 0.47077150312500005 0.9502526265625001 0.4958550578125 0.8559958171875 0.487100321875 0.7783383328125 0.4386702203125 0.7177908515625 0.4097603578125 0.667469565625 0.3846357734375 0.6492093984375 0.355915846875 0.6346734953125 0.31311060625 0.6384184687500001 0.28900078125 0.6541666609375001 0.2677880984375 0.6918245296875 0.2610200875 0.7265137953125 0.2655873921875 0.8011279171875 0.27781084218749996 0.851204215625 0.33197191406250004 0.9436425890625 0.3596342828125 0.9685001578125 0.40339097187500006 0.9868350859374999 0.450912421875 0.980972640625
1 0.20804143281249998 0.8044576796875 0.2332088140625 0.778387821875 0.25399882812499996 0.71348921875 0.262755328125 0.6342996984375 0.261317896875 0.5730506046875 0.251336184375 0.52618789375 0.2358767515625 0.49514813437500005 0.1757724921875 0.43562200625 0.15077453125 0.441218759375 0.122011809375 0.47101288593749996 0.1000376140625 0.5223762328125 0.0848519453125 0.595308803125 0.08463972812500001 0.6601119375 0.0956362015625 0.7409830109375 0.1267878015625 0.79451788125 0.15273721093749998 0.811001028125 0.20804143281249998 0.8044576796875
1 0.374737484375 1 0.3761512734375 0.9892182515625001 0.3042462328125 0.906856559375 0.266834884375 0.82659163125 0.25126934218749997 0.8279534406250001 0.22639800625 0.8574071140624999 0.2050159015625 0.9155380890625 0.20078567500000002 0.9568247546875 0.2058169625 1 0.374737484375 1
1 0.2000565015625 1 0.197190334375 0.9605490203124999 0.163796996875 0.9038005625000001 0.12204931249999999 0.89722386875 0.0835581265625 0.9278691234374999 0.0484928609375 0.9752632203125 0.041069446875 0.9912563999999999 0.0418344125 1 0.2000565015625 1
1 0.045323718750000005 0.6925342125 0.0204951796875 0.6776578578125 0.013833278125000001 0.6799455562500001 0.04047735625 0.9844887734375 0.08095703125 0.9093432640625 0.08658365625 0.816788715625 0.06662023125 0.72306329375 0.045323718750000005 0.6925342125
1 0.2038950328125 0.9139312937499999 0.242365703125 0.8270275515625001 0.23716351093750002 0.789975828125 0.22990951874999999 0.7854959 0.20055470625 0.8085223984375001 0.1438335703125 0.810075140625 0.1032495515625 0.7607752125 0.0857178015625 0.706048759375 0.0755871828125 0.7359176421875 0.0782515921875 0.766371965625 0.10747801406249999 0.87633555 0.12175326718749999 0.8938400546875 0.1551260890625 0.894330025 0.18361328125 0.9174105750000001 0.2038950328125 0.9139312937499999
1 0.40969704531250006 0.6555411062500001 0.3813587578125 0.5557289609375 0.382269175 0.46529188593750004 0.352279475 0.5258807859375 0.304355871875 0.560760984375 0.3005277984375 0.5730298968749999 0.3052645234375 0.6271709125 0.31311060625 0.6384184687500001 0.35980723281250004 0.63433304375 0.4022103203125 0.659605825 0.40969704531250006 0.6555411062500001
1 0 0.24134505625 0.0227627265625 0.2665889203125 0.0358332828125 0.21429968437500002 0.0703064578125 0.1601379609375 0.0439976921875 0.12834253906249998 0.023505487499999998 0.03977795 0 0.041834414062500005 0 0.24134505625