1 0.43359375 0.4704483703125 0.431640625 0.42629076093749996 0.4111328125 0.383831521875 0.3701171875 0.3600543484375 0.3525390625 0.3600543484375 0.3232421875 0.3804347828125 0.228515625 0.565557065625 0.212890625 0.65047554375 0.220703125 0.721807065625 0.2333984375 0.7438858703125 0.2626953125 0.7642663046875 0.29296875 0.7659646734375001 0.3447265625 0.723505434375 0.392578125 0.619904890625 0.40625 0.5451766296875 0.43359375 0.4704483703125
1 0.2109375 0.6165081515625 0.1845703125 0.5434782609375 0.1298828125 0.48233695625 0.1083984375 0.48573369531250005 0.078125 0.5247961953125 0.0625 0.5757472828125 0.056640625 0.619904890625 0.060546875 0.7014266296875 0.078125 0.75577445625 0.1083984375 0.801630434375 0.15234375 0.80672554375 0.1806640625 0.7914402171875 0.205078125 0.7455842390625 0.212890625 0.708220109375 0.2109375 0.6165081515625
1 0.2080078125 0.21399456562500002 0.1669921875 0.163043478125 0.1142578125 0.1290760875 0.0751953125 0.14266304375 0.048828125 0.1851222828125 0.037109375 0.2258831515625 0.03515625 0.280230978125 0.044921875 0.3243885875 0.0703125 0.3821331515625 0.1259765625 0.47214673906250004 0.1962890625 0.5502717390625 0.22265625 0.551970109375 0.28125 0.44667119531250005 0.28125 0.39232337031250003 0.267578125 0.3345788046875 0.2080078125 0.21399456562500002
1 0.611328125 0.5757472828125 0.61328125 0.514605978125 0.6015625 0.4704483703125 0.5771484375 0.424592390625 0.5537109375 0.40421195625 0.5087890625 0.411005434375 0.4384765625 0.4789402171875 0.42578125 0.5078125 0.42578125 0.528192934375 0.416015625 0.5315896734375001 0.41796875 0.5485733703125 0.40625 0.565557065625 0.400390625 0.5961277171875 0.404296875 0.6606657609375 0.4267578125 0.7133152171875 0.4658203125 0.7574728265624999 0.501953125 0.7693614125 0.5380859375 0.747282609375 0.5703125 0.7014266296875 0.59765625 0.6334918484375 0.611328125 0.5757472828125
1 0.619140625 0.31080162968749997 0.626953125 0.2496603265625 0.619140625 0.202105978125 0.6123046875 0.1868206515625 0.5751953125 0.16983695625 0.5146484375 0.0951086953125 0.4970703125 0.084918478125 0.4580078125 0.0815217390625 0.3955078125 0.1188858703125 0.369140625 0.1579483703125 0.35546875 0.202105978125 0.353515625 0.23267662968749997 0.365234375 0.29721467343749997 0.3857421875 0.3430706515625 0.4306640625 0.397418478125 0.4677734375 0.4144021734375 0.5 0.41270380468749995 0.5263671875 0.4008152171875 0.5634765625 0.40760869531250005 0.603515625 0.36514945625 0.619140625 0.31080162968749997
1 0.349609375 0.161345109375 0.32421875 0.08322010937499999 0.3017578125 0.0407608703125 0.2626953125 0.016983695312499998 0.2412109375 0.020380434375 0.2109375 0.059442934375 0.201171875 0.096807065625 0.1953125 0.13756793437499998 0.19921875 0.1953125 0.25 0.2904211953125 0.2822265625 0.370244565625 0.318359375 0.3787364125 0.3525390625 0.356657609375 0.365234375 0.3243885875 0.353515625 0.2496603265625 0.349609375 0.161345109375
1 0.4599609375 0.7982336953125 0.3779296875 0.737092390625 0.3388671875 0.7336956515625 0.3115234375 0.7540760875 0.267578125 0.8372961953125 0.259765625 0.8746603265624999 0.26171875 0.9358016296875 0.2822265625 0.995244565625 0.515625 0.996942934375 0.5234375 0.9663722828125 0.5234375 0.9324048906250001 0.4921875 0.840692934375 0.4599609375 0.7982336953125
1 0.1806640625 0.8084239125 0.0869140625 0.8118206515624999 0.0478515625 0.838994565625 0.013671875 0.9018342390624999 0.00390625 0.9663722828125 0.0068359375 0.9986413046875 0.224609375 0.996942934375 0.232421875 0.9663722828125 0.2265625 0.8678668484375001 0.2080078125 0.8288043484375001 0.1806640625 0.8084239125
1 0.736328125 0.8237092390624999 0.73828125 0.748980978125 0.7265625 0.7048233703125 0.7099609375 0.6759510875 0.6650390625 0.6487771734375001 0.6201171875 0.6555706515625 0.5830078125 0.6793478265624999 0.5576171875 0.7269021734375001 0.513671875 0.7829483703125 0.5078125 0.8237092390624999 0.509765625 0.878057065625 0.537109375 0.9595788046875 0.5595703125 0.9918478265624999 0.60546875 0.996942934375 0.6669921875 0.9680706515624999 0.6904296875 0.9408967390624999 0.7265625 0.8678668484375001 0.736328125 0.8237092390624999
1 0.91015625 0.6334918484375 0.892578125 0.5587635875 0.8623046875 0.4959239125 0.8388671875 0.47214673906250004 0.8076171875 0.46875 0.7626953125 0.512907609375 0.744140625 0.5451766296875 0.732421875 0.606317934375 0.734375 0.6606657609375 0.748046875 0.748980978125 0.7763671875 0.8186141296875 0.8076171875 0.8423913046875 0.84765625 0.8474864125 0.8779296875 0.8288043484375001 0.90234375 0.786345109375 0.912109375 0.721807065625 0.91015625 0.6334918484375
1 0.787109375 0.37533967343749997 0.7734375 0.31080162968749997 0.7509765625 0.268342390625 0.7197265625 0.2445652171875 0.6787109375 0.241168478125 0.6416015625 0.27173912968749997 0.619140625 0.31419837031250003 0.603515625 0.37533967343749997 0.603515625 0.43308423906250004 0.6171875 0.49082880468749995 0.6474609375 0.5434782609375 0.6845703125 0.5740489125 0.71484375 0.57235054375 0.7353515625 0.5570652171875 0.775390625 0.473845109375 0.787109375 0.422894021875 0.787109375 0.37533967343749997
1 0.7255859375 0 0.708984375 0.0288722828125 0.69140625 0.1273777171875 0.701171875 0.2055027171875 0.7255859375 0.2445652171875 0.7607421875 0.27173912968749997 0.7890625 0.2734375 0.8330078125 0.2445652171875 0.861328125 0.202105978125 0.8828125 0.151154890625 0.896484375 0.07302989062500001 0.896484375 0.0288722828125 0.8876953125 0 0.7255859375 0
1 0.6845703125 0 0.4921875 0.0016983703124999999 0.501953125 0.052649456250000004 0.5283203125 0.11209239062500001 0.5712890625 0.163043478125 0.611328125 0.1851222828125 0.6689453125 0.1664402171875 0.6875 0.13756793437499998 0.6953125 0.059442934375 0.6845703125 0
1 0.955078125 0.2700407609375 0.9365234375 0.2309782609375 0.9130859375 0.20720108750000002 0.8837890625 0.20720108750000002 0.8447265625 0.234375 0.8115234375 0.268342390625 0.783203125 0.331182065625 0.7890625 0.38892662968749997 0.787109375 0.46025815156250005 0.7919921875 0.46875 0.8369140625 0.46875 0.8701171875 0.5061141296875 0.87890625 0.5044157609375 0.9189453125 0.46535326093749996 0.935546875 0.436480978125 0.955078125 0.371942934375 0.955078125 0.2700407609375
1 1 0.4976222828125 0.9638671875 0.4585597828125 0.9287109375 0.45176630468749995 0.8916015625 0.4959239125 0.8828125 0.5315896734375001 0.91015625 0.6266983703125 0.912109375 0.7184103265624999 0.953125 0.721807065625 0.9775390625 0.7065217390625 1 0.6742527171875 1 0.4976222828125
1 0.7333984375 0.8525815218749999 0.6962890625 0.9341032609375001 0.6484375 0.99014945625 0.6494140625 0.9986413046875 0.8046875 0.996942934375 0.791015625 0.9154211953125 0.7666015625 0.8695652171875 0.7470703125 0.8525815218749999 0.7333984375 0.8525815218749999
1 1 0.72860054375 0.9638671875 0.7302989125 0.927734375 0.7795516296875 0.916015625 0.8508831515624999 0.91796875 0.918817934375 0.9423828125 0.995244565625 1 0.996942934375 1 0.72860054375
1 0.041015625 0.0016983703124999999 0.033203125 0.045855978125 0.033203125 0.096807065625 0.0390625 0.1443614125 0.0517578125 0.1664402171875 0.0849609375 0.13247282656249998 0.1240234375 0.1290760875 0.1748046875 0.16983695625 0.18359375 0.1681385875 0.208984375 0.052649456250000004 0.234375 0.015285326562500002 0.2314453125 0 0.041015625 0.0016983703124999999