1 0.29339900625 0.6684173796875 0.28072256875 0.68537396875 0.263386409375 0.75252529375 0.26184151875 0.8040487015625001 0.270686153125 0.8440296953124999 0.2892236203125 0.8828205562500001 0.315449740625 0.91211175 0.345073425 0.9290079078125 0.3869595890625 0.9255760578125001 0.41085346874999995 0.90381989375 0.43254633125 0.8481115000000001 0.4350503640625 0.820426059375 0.42330802187499994 0.756845125 0.400065503125 0.7117874734375 0.36636784843750003 0.6697246765625 0.32705133124999997 0.65401865 0.29339900625 0.6684173796875
1 0.48063234218749995 0.59067205 0.43478315 0.63394635 0.41988541250000005 0.664864671875 0.4132215125 0.7067498703124999 0.4361610140625 0.8134451921875 0.44875155624999996 0.8358550046875 0.49338391875000004 0.88684193125 0.5326348249999999 0.8940003953125 0.5608197953125 0.8751396 0.57876675 0.8370023859375 0.586147625 0.7368509359375001 0.5779996828125 0.68651765625 0.5633393484375 0.6472507421875 0.53545739375 0.6044738671875 0.50541975 0.5842062890624999 0.48063234218749995 0.59067205
1 0.36037559375 0.5968821015625 0.3499657859375 0.6563384812499999 0.388651225 0.690944359375 0.4137666953125 0.7272164203125 0.4157255453125 0.6790644312499999 0.43131997499999997 0.6377938234375 0.4867963875 0.584781828125 0.47109101718749996 0.56104334375 0.4434059 0.5439091609375 0.408097740625 0.544822209375 0.38607681562499996 0.5577927828125 0.36037559375 0.5968821015625
1 0.635192778125 0.503249453125 0.5806504593749999 0.47572392656250007 0.5578016171875 0.48195165937500006 0.535497959375 0.5086459421875 0.5229527468749999 0.5426976546875 0.519752021875 0.5807353843749999 0.5656918734375 0.6503841375 0.585602440625 0.7163843875 0.5918321 0.7190417296875 0.6140701453124999 0.683799884375 0.6360910703125 0.6708293109375 0.6694606624999999 0.6701542890625001 0.6994983046875001 0.6904218656250001 0.7038752921875 0.653950834375 0.6972519593750001 0.6000081078124999 0.678997225 0.547493540625 0.635192778125 0.503249453125
1 0.6477224703125 0.6694011546875 0.6160087125 0.6835618578125 0.6056191875 0.6951042765625 0.58627885 0.7539460625000001 0.5970417671875 0.8416029921874999 0.6362723890625 0.8966754187499999 0.6787693484374999 0.92225768125 0.7090241109375001 0.9202539875 0.7264056 0.9095641890625 0.7458771625 0.867817528125 0.7483811953124999 0.8401320890624999 0.740102028125 0.77270368125 0.7277942187499999 0.7365701609374999 0.6994983046875001 0.6904218656250001 0.6737517546875 0.67304965625 0.6477224703125 0.6694011546875
0 0.7392741109375 0.765960840625 0.748795153125 0.8435035078125 0.7647176453125 0.8449707203125 0.778853078125 0.8158571218749999 0.771401828125 0.75517155625 0.7213426765625 0.6038946375 0.6996247671875 0.555227540625 0.6812841374999999 0.5420793703125 0.7008463593750001 0.6132557656250001 0.7026131343750001 0.6917505375 0.7392741109375 0.765960840625
0 0.7134571843749999 0.5877516125 0.7709878703124999 0.7518001359375 0.7835127984375 0.765662384375 0.795906503125 0.7624295046875 0.8092140203125 0.726573065625 0.8054883953124999 0.6962302828125 0.76608121875 0.5676012015625 0.7468470593750001 0.5391626281249999 0.7447116546875 0.5137579624999999 0.7171577625000001 0.51371890625 0.711407675 0.52298055 0.7134571843749999 0.5877516125
0 0.7742697265625 0.52210655625 0.79045466875 0.557764021875 0.7734215265625 0.563277678125 0.8017627703124999 0.6658875 0.8144439703125 0.801220365625 0.8215015453125 0.8106205484375 0.8415182921875 0.7893404375 0.8660229671874999 0.7965983859375 0.8700062796875001 0.708841971875 0.8484601609375 0.581442075 0.8207953265624999 0.5163939296875 0.8039793062499999 0.49963631406250003 0.7772533296875 0.5063400984374999 0.7742697265625 0.52210655625
0 0.8329719109375 0.535432321875 0.8815267375 0.6424047234375 0.9229786593749999 0.683515415625 0.939249496875 0.6798064859374999 0.9468725390625 0.661759253125 0.9376139468750001 0.618406840625 0.9100803375 0.5704538218749999 0.8815875859375 0.498662834375 0.8710012234375 0.48456256093750005 0.8369349406250001 0.4955898703125 0.8300742031249999 0.5118323796875 0.8329719109375 0.535432321875
0 0.9581305468749999 0.56113175 0.946236696875 0.5283696515625 0.9262402328125001 0.5017357984374999 0.904502040625 0.5009826656249999 0.8945920875000001 0.5244440671875 0.9124328625 0.573587215625 0.9371999890625 0.6150354203124999 0.9468725390625 0.661759253125 0.94195036875 0.6777637359375001 0.9226303140625 0.6886915609375001 0.9288396890625 0.739262865625 0.9387293609375 0.7637154265625 0.9539551609375 0.7755349265625 0.9663488656249999 0.7723020468749999 0.9728612578125 0.76123568125 0.9767586734375 0.712845665625 0.964339921875 0.6117030546875 0.9472411671875 0.6086691453124999 0.9343022796874999 0.591435478125 0.9446261921874999 0.571345496875 0.9590240765625 0.5764221546875 0.9581305468749999 0.56113175
2 0.8888978968749999 0.0052902609375 0.8509544796874999 0.0167936234375 0.826298296875 0.040354509375 0.814863734375 0.0674253578125 0.8098556671875 0.12279623906249999 0.8265404640625 0.122458728125 0.85187979375 0.1653196234375 0.8662893031250001 0.21469847187500002 0.8863546234375 0.18389591249999998 0.9082286859375 0.17429826406249999 0.9451978000000001 0.1808180359375 0.9478227578125 0.1245092890625 0.9528300328125001 0.093263328125 0.9457271281249999 0.027401617187499998 0.8888978968749999 0.0052902609375
2 0.8700778843749999 0.21260721249999998 0.8853036843750001 0.2244267109375 0.89290644375 0.2542934421875 0.9038411515625 0.2632175734375 0.91532104375 0.29260825156250003 0.9313091484375 0.302623028125 0.931940228125 0.2837231765625 0.9400428406250001 0.277594928125 0.9539408703125 0.318666565625 0.9785970531249999 0.2951056796875 0.9690760109375001 0.21756301093750002 0.9375793734375 0.20945244375 0.9043612890625001 0.17930863125000002 0.874586096875 0.193231309375 0.8700778843749999 0.21260721249999998
2 1 0.47091527031249997 0.9778347500000001 0.296910403125 0.9581663484374999 0.3130143703125 0.9507401453125001 0.35670429531250003 0.9643804890625001 0.5158751296874999 0.9710897171875 0.53045145625 0.9823727718749999 0.5341994421875 1 0.516102590625 1 0.47091527031249997