1 0.8707126765625001 0.139195328125 0.8719575828125 0.21051598437500002 0.919301421875 0.29292238125000003 0.96037008125 0.29560278125 0.9960527812500001 0.26950051406250003 0.9921994984375001 0.048746096875 0.9705998328125001 0.0423286078125 0.9461598484374999 0.04105658125 0.8959198640625001 0.07250883125 0.8707126765625001 0.139195328125
1 0.791003653125 0 0.7221199406250001 0.13159725312499998 0.7335422265625 0.1704663265625 0.7573318437500001 0.19043461875 0.7710016375000001 0.1901960109375 0.7902927875 0.17627025624999998 0.8082814765625 0.1436823265625 0.8246712984375 0.075451109375 0.8239006421875 0.031300225 0.8161240234375 0 0.791003653125 0
1 0.8302318718749999 0 0.81946145625 0.0008024031250000001 0.8368015062499999 0.0429654390625 0.8526612515625 0.05627763125 0.8957420203125 0.0623201671875 0.94787555 0.027437607812499997 0.9648390359375 0 0.8302318718749999 0
1 0.7943170046875 0.18299452656249998 0.778872228125 0.19345588593750002 0.7493444171875 0.236437003125 0.7383981093750001 0.2807924046875 0.73751234375 0.341958484375 0.7560362921875 0.395991253125 0.7870461359375 0.43791568124999997 0.820599890625 0.4577135375 0.8596564421874999 0.457031803125 0.8809004187499999 0.4430719609375 0.898889109375 0.41048403125000005 0.912674009375 0.3049284609375 0.900067825 0.2541896546875 0.8769878546875001 0.21892132343749998 0.851186128125 0.1955908984375 0.8207098171875 0.184232465625 0.7943170046875 0.18299452656249998
1 0.9283000843749999 0.4167651734375 0.9349292234375 0.460813796875 0.9522099921875 0.499580609375 0.9641048015625 0.5095647546875 0.9836330765625 0.5092238874999999 0.9999060625 0.49025492968749995 0.99652703125 0.29667028906250004 0.9905499859375 0.28998010625 0.9506652250000001 0.29916943749999997 0.9292451296875001 0.358995315625 0.9283000843749999 0.4167651734375
1 0.7136582640625 0.1504298640625 0.646555934375 0.278998259375 0.6617060312499999 0.3076104953125 0.7111788140625 0.3441167671875 0.7374530625 0.3385622625 0.7418295140625 0.2535544578125 0.76443350625 0.2055983125 0.722475628125 0.1519745859375 0.7136582640625 0.1504298640625
1 0.630460790625 0.3081558828125 0.585962453125 0.388768134375 0.5749568640625 0.42972731406250003 0.5876223296875 0.48386234375 0.618869296875 0.5393716578125 0.642599634375 0.5559437265625 0.6660335640625 0.5555346859375 0.68911180625 0.5347483140625 0.7031355593749999 0.498832334375 0.7104133390625 0.46812999218750007 0.7073934484375 0.40703208750000003 0.6967400921875 0.35625919375000004 0.6815899937500001 0.3276469578125 0.6411124203125 0.3028740734375 0.630460790625 0.3081558828125
1 0.5394589171875 0.690237059375 0.49691167968750005 0.7147605203125 0.4520576546875 0.7749954406249999 0.4428270484375 0.8057318703125 0.44632118906249996 0.89399955 0.46567334843749997 0.9395247203125001 0.493368621875 0.9594248359374999 0.54408285625 0.955142359375 0.5692324890625 0.9411143453124999 0.6142050765625 0.88767186875 0.6327255703125 0.8295952312500001 0.6355641624999999 0.768395065625 0.62100515 0.717690346875 0.58721426875 0.6843076015625 0.5394589171875 0.690237059375
1 0.4924097578125 0.5687570703125 0.42897595781250003 0.6836724046875 0.425425990625 0.7041179109375 0.44832811718750004 0.7291975765625 0.47377415625 0.732150671875 0.5470923828124999 0.6799120484375 0.557388325 0.6542529078125 0.5587483390625 0.620256603125 0.5483321078125 0.583068596875 0.5244239281249999 0.5563078640625 0.4924097578125 0.5687570703125
1 0.5638954468749999 0.57939968125 0.5749044921875 0.6505499046875001 0.622898696875 0.7142600375 0.636333090625 0.756491246875 0.6656255046874999 0.7559799453125 0.68373275625 0.7301844578125001 0.6947976265625 0.6926214984375 0.6956241109375 0.628059196875 0.689350659375 0.604387903125 0.6641400171875 0.55896499375 0.6172721578125 0.559783075 0.6051995046875 0.539610265625 0.5866180015625 0.5382359796875 0.5638954468749999 0.57939968125
1 0.75290129375 0.440210309375 0.736452190625 0.5050453046875 0.73982776875 0.586520540625 0.7698350109375001 0.73887330625 0.7985973468750001 0.819905415625 0.8317971421875001 0.87538064375 0.8476568875 0.8886928375 0.8848791734375 0.8948376328125001 0.9215679281250001 0.87041643125 0.9394380546875001 0.8310360578125 0.9444665984375 0.78338669375 0.935999740625 0.63405519375 0.9191914953125 0.5664034515624999 0.8656927671875 0.46711820781249996 0.8166942359375 0.45778171093750003 0.7721331625000001 0.4228883328125 0.75290129375 0.440210309375
1 0.40915300312499997 0.7230868671875 0.340038565625 0.8482931296875 0.3493301796875 0.877007621875 0.3928851984375 0.9102199328125 0.41625984687499995 0.9064146703124999 0.44016630156250003 0.8771207015625 0.440755659375 0.7989735140625001 0.42371028906249997 0.717736884375 0.40915300312499997 0.7230868671875
1 0.7506641515625 0.8156462078125 0.71912423125 0.8552651906250001 0.6991844421875 0.9439419109375 0.7049853703125 0.9964981312500001 0.8191961390625 0.9928059453125 0.81659121875 0.9554815937500001 0.8273004015625001 0.8975413015625 0.8249918859375001 0.877198059375 0.8077704000000001 0.8418274671875 0.7809033375000001 0.813419753125 0.7506641515625 0.8156462078125
1 0.6375762703125 0.7717572015624999 0.6291756015625001 0.8500407359375 0.6085837187500001 0.901359015625 0.6197688796875 0.926643203125 0.6513105265625 0.9430789234375 0.6786501109375 0.942601709375 0.70078158125 0.9235304937500001 0.717052840625 0.8485068328125 0.7166378718749999 0.8247332796875 0.6972264328125 0.7758118875 0.6725493218749999 0.7609549734375001 0.6375762703125 0.7717572015624999
1 1 0.7978744828125001 0.9935244125 0.7961194125 0.9710372546875 0.794813296875 0.959498134375 0.805206484375 0.932160275 0.8617384015624999 0.9215103734375001 0.9230749140625001 0.9241745765625 0.9637954890625 0.933466190625 0.9925099828124999 1 0.9898448406250001 1 0.7978744828125001
1 0.8322713921875 0.90255041875 0.8200226234375 0.9282436468749999 0.822155021875 0.9944529265625001 0.9226959984375 0.9909993484375 0.9100898140625 0.94026054375 0.8949397171875001 0.9116483078125001 0.8810328000000001 0.898302028125 0.8506750515625001 0.8937360390625001 0.8322713921875 0.90255041875
1 0.353338603125 1 0.41880721562499995 0.996397503125 0.40862638125000006 0.9167396828125 0.3811089515625 0.90702823125 0.34246564375 0.8754288156250001 0.32595553125 0.8808128843749999 0.2947120171875 0.9374129765625 0.2800378984375 0.9920252187499999 0.282151403125 1 0.353338603125 1
1 0.7042601765625001 0.507305846875 0.678697303125 0.5536150109375 0.678993709375 0.5705961203125 0.7018975625 0.6517304890625 0.7404223078125 0.6765374609375 0.7520799921875 0.67293671875 0.752848921875 0.6610329 0.7377563781250001 0.5797621828125 0.7324872546875 0.50171725625 0.7042601765625001 0.507305846875
1 1 0.5004899 0.977833875 0.51272236875 0.9522692734374999 0.50297683125 0.9361741296874999 0.5321344546875 0.9367669421875 0.566096671875 0.9536937515625 0.6405408578125 0.9768330015625001 0.6792054109375 0.9986105109375 0.695811565625 1 0.6953009109375 1 0.5004899
1 1 0.7975704968749999 0.9954772406249999 0.7960853250000001 0.9652380546874999 0.79831178125 0.932160275 0.8617384015624999 0.9214510921875 0.9196786921875001 0.9241745765625 0.9637954890625 0.933466190625 0.9925099828124999 1 0.9898448406250001 1 0.7975704968749999