1 0.1387173140625 0.265757315625 0.15290880625 0.218881453125 0.1555753796875 0.1680001921875 0.14937353125 0.13706256249999998 0.11622346875 0.0792021296875 0.096188190625 0.0696486234375 0.053986895312500005 0.0725390484375 0.0201156671875 0.1030772375 0.00962714375 0.30321019531250004 0.0399429390625 0.34051368593750003 0.075051009375 0.34235362187499996 0.105552134375 0.32014231406250004 0.1387173140625 0.265757315625
1 0.09402469687500001 0.33484448906250003 0.11458321093749999 0.4090520296875 0.1594384828125 0.4488182 0.19862522031250002 0.44747049062500005 0.2324964484375 0.41693230000000003 0.236044321875 0.40521333437499996 0.20005243281250001 0.382918675 0.161226278125 0.340067075 0.14864228906250002 0.30029146875 0.147052421875 0.2559899390625 0.09402469687500001 0.33484448906250003
1 0.23289482499999997 0.09211941875 0.20044325000000002 0.1142285078125 0.16053786718750002 0.1852672671875 0.147407965625 0.24920577187499998 0.14864228906250002 0.30029146875 0.16849475625000002 0.3506522015625 0.236044321875 0.40521333437499996 0.2700908 0.38999063125 0.28605245 0.3653166421875 0.308045734375 0.3188496515625 0.3160303390625 0.2784512984375 0.30310340468749997 0.1519220046875 0.2844903 0.1152318265625 0.2610874390625 0.0952976296875 0.23289482499999997 0.09211941875
1 0.29882176875 0.3455774484375 0.273105359375 0.3884479171875 0.274517453125 0.43614152968750003 0.2945476921875 0.48311017968750003 0.31493599375 0.5045870890625 0.3463209390625 0.5028305046875 0.3989880828125 0.4681752640625 0.4358763875 0.4173867890625 0.446527565625 0.3261071765625 0.438200015625 0.279751840625 0.4055706703125 0.30525301250000003 0.37790884999999996 0.3106061203125 0.3472349921875 0.29879436875 0.3224149984375 0.268581703125 0.29882176875 0.3455774484375
1 0.389291271875 0.056097600000000004 0.360918365625 0.0750190421875 0.3171120859375 0.1458533671875 0.3107223875 0.19313810468749998 0.31585760625 0.24442824062500002 0.33429294062500003 0.28451050312500004 0.349185440625 0.2988965875 0.393690209375 0.308031784375 0.417806675 0.2956900734375 0.4374914484375 0.27461260468750004 0.4577120578125 0.22465131249999998 0.46782992031250004 0.143547953125 0.46216138593749995 0.10243406875000001 0.43982515624999996 0.06214736875 0.41588898125 0.052389425 0.389291271875 0.056097600000000004
0 0.475634234375 0.12524925468749998 0.46818546406249995 0.13676378281249998 0.462324040625 0.2112874125 0.4415701171875 0.2714249578125 0.4481224703125 0.3329935640625 0.43552084375 0.42417095624999995 0.395366828125 0.4772835296875 0.410800759375 0.4918320328125 0.43039173281250004 0.48736296718750005 0.4263853484375 0.45074304062500004 0.4578621140625 0.4270425140625 0.46797241874999995 0.4020618671875 0.5013279671875 0.2507469296875 0.5094953828125 0.16954134999999998 0.5048884390625 0.14549010625 0.49212415781249996 0.1278141546875 0.475634234375 0.12524925468749998
0 0.5162280265625 0.2090103015625 0.5043450453125 0.2304966453125 0.47293994375 0.3819138015625 0.477008534375 0.453556440625 0.485341121875 0.462496634375 0.5089242734375 0.46033117343749996 0.5092823359375 0.434839434375 0.528791859375 0.398446478125 0.55044471875 0.24651822812500002 0.5414060828125 0.21373122812499998 0.5291725984375 0.20458659531249998 0.5162280265625 0.2090103015625
0 0.5766969640624999 0.1747639359375 0.5447812234375 0.16798920312500001 0.5525679 0.2806435046875 0.5404945484375 0.399059790625 0.549713475 0.40974713593749995 0.548291303125 0.4368838078125 0.5396006515625 0.453435353125 0.55147859375 0.4693641515625 0.58321908125 0.46082339843750003 0.607520878125 0.3889668890625 0.6126812937499999 0.253181309375 0.5976211 0.16735702187499998 0.5766969640624999 0.1747639359375
0 0.6632126578124999 0.27793865 0.639093671875 0.308987934375 0.6119550890625 0.3789950734375 0.5988251874999999 0.4429335765625 0.6096364999999999 0.4792148796875 0.640843671875 0.480850378125 0.6548548734375 0.4560741703125 0.686610478125 0.3352879890625 0.6867932890625 0.29448076093750003 0.6758016859375 0.2802991125 0.6632126578124999 0.27793865
0 0.6878725171875 0.18059039999999998 0.6722664109375 0.198480221875 0.6658767125 0.24576496093750003 0.6701281125 0.2766003734375 0.6885659656249999 0.29797506406249996 0.6862549359375001 0.34207215625 0.7062902140625 0.3516256625 0.7171116046875 0.31307668125 0.71995595 0.2588033359375 0.7095027 0.19703029218749998 0.6965606484375 0.1827464265625 0.6878725171875 0.18059039999999998
2 0.7970623484375 0.44822064531250005 0.7378403328124999 0.44001485 0.7280729734375 0.5517491859375 0.7307244296875 0.6131133531249999 0.7436639609375 0.646104790625 0.77930030625 0.67518361875 0.812457928125 0.6769213359374999 0.84685995 0.6549144640625 0.8692062593750001 0.6203708781249999 0.8832199796875001 0.5768870984375 0.8869582218750001 0.468238190625 0.875616115625 0.42342556875000004 0.85930648125 0.39876101249999996 0.7970623484375 0.44822064531250005
2 0.7335536578124999 0.6710854375 0.7261048875 0.6825999671874999 0.717594528125 0.6770518562500001 0.7156465984375 0.658242065625 0.7003960359375 0.6693477203125 0.6844318671875 0.7127292828125 0.680881475 0.7431558203125 0.67059591875 0.752820978125 0.6764447437500001 0.77183520625 0.701089484375 0.786732384375 0.7762781890625 0.732849046875 0.7805295906249999 0.7636844593750001 0.8083717015625 0.736231696875 0.8175956671875 0.7095039 0.812457928125 0.6769213359374999 0.7753994093750001 0.67497918125 0.7353313734375 0.6371645984375001 0.7335536578124999 0.6710854375
2 0.6636616859375 0.935820453125 0.704558003125 0.962008040625 0.7641905453125 0.94727176875 0.7895530875000001 0.9005123796875001 0.7995494875 0.8680612156249999 0.760763575 0.8619066406250001 0.75858438125 0.8205736109374999 0.7473064015625 0.7945643140625 0.71786658125 0.7985172578124999 0.6727445140625 0.7700472984375 0.6601031734375 0.7625149343750001 0.6568028906250001 0.80287383125 0.6330221546875 0.8314375281249999 0.6383111265625 0.8918991234375 0.6636616859375 0.935820453125
2 0.9210715234375 0.8332110953124999 0.9338297265625 0.7706775140625 0.9053951421875001 0.7554477515625 0.8895683578125 0.73332195 0.867869909375 0.6950878578124999 0.8227788046875 0.7037164109375 0.803290596875 0.7439138562500001 0.76954928125 0.77718155 0.7829407671874999 0.8005537234375 0.8121629765625 0.8158247640624999 0.81298283125 0.8454078703125001 0.8196421218750001 0.861557440625 0.84564005625 0.8855902531250001 0.8833537781249999 0.8745141406249999 0.9210715234375 0.8332110953124999
2 0.991203403125 0.6809420265624999 0.9811508437500001 0.68934598125 0.96033810625 0.72466519375 0.9400331515625 0.7126093421874999 0.93541940625 0.6649659437500001 0.910104665625 0.62035950625 0.88629296875 0.5847625921875 0.863543403125 0.6419636171875001 0.8695174921875 0.693800240625 0.8847719875 0.71177419375 0.9043260546875 0.7155469046875 0.923699509375 0.7303017921875 0.9333299046875 0.7575987515625 0.9561423124999999 0.7670380484375 0.98366316875 0.7632327359375 0.991203403125 0.6809420265624999
2 1 0.401580446875 0.980363840625 0.410390865625 0.9432594921874999 0.41737698593749994 0.9108845578125001 0.409497465625 0.9001381015625001 0.4261088015625 0.8877361046875001 0.5044615140625 0.8919364890624999 0.5728946015624999 0.9123616218749999 0.61498189375 0.9367807593749999 0.661602396875 0.9894976484375 0.6732958828125 1 0.49532704843750003 1 0.401580446875