1 0.857894946875 0.1264774359375 0.8616281499999999 0.1977111984375 0.9118190890625 0.27841511875 0.952956275 0.2796606109375 0.9877062828125001 0.25232893437500004 0.9761511296875 0.0318434734375 0.9543406546875 0.0261837109375 0.9298711656249999 0.025765403125000003 0.880759453125 0.058951843749999996 0.857894946875 0.1264774359375
1 0.76865044375 0 0.7091275609375 0.12406980000000001 0.7218994000000001 0.16251656406249998 0.746371409375 0.1816424453125 0.760024546875 0.1809269140625 0.77881794375 0.16633639218750002 0.795658371875 0.1331405171875 0.809656975 0.06437886875 0.8073459453125 0.020281775 0.80154833125 0 0.76865044375 0
1 0.806391203125 0 0.820646059375 0.031489648437500004 0.8369607328124999 0.044240234375 0.8802261390625 0.0487755921875 0.9311105265625 0.0120948484375 0.93801678125 0 0.806391203125 0
1 0.783074384375 0.1729161234375 0.7680041125 0.1839101234375 0.7399943078125 0.2278955640625 0.7306026484375 0.27260596718749996 0.7318520890625 0.33376569843750004 0.75225046875 0.387119075 0.7847045625 0.4279357359375 0.8189288140625001 0.446550521875 0.8579377796875001 0.44450614843749997 0.8786816249999999 0.4298134078125 0.8955220546874999 0.3966175328125 0.905614721875 0.290645178125 0.8912454578125001 0.24037722968750003 0.8669487 0.2059358625 0.8403484703125 0.1835201171875 0.809494321875 0.1732322125 0.783074384375 0.1729161234375
1 0.925134321875 0.4018684203125 0.933296696875 0.44565885625 0.95191988125 0.48379896406249995 0.9641558859374999 0.4933619046875 0.9836603687500001 0.4923397171875 0.9992614359375 0.47281439687500004 0.9891284546874999 0.2794656078125 0.9829215671875 0.272988096875 0.94338180625 0.2835637875 0.9240626531249999 0.344100771875 0.925134321875 0.4018684203125
1 0.7013282875 0.14318624687499998 0.63875380625 0.274018159375 0.654893228125 0.302084234375 0.7056099234375 0.33684169218750004 0.7316743171875 0.3303736140625 0.7330813734375 0.2452648578125 0.75399795 0.19654905625000002 0.710194190625 0.14442230625000002 0.7013282875 0.14318624687499998
1 0.6236860546874999 0.3037197328125 0.5820281515625 0.385835846875 0.5724587203125 0.427154165625 0.5870057562500001 0.4808141984375 0.6201709359375001 0.5351991953125 0.6444651734375 0.550932990625 0.667870553125 0.5497063671875 0.690209303125 0.5281272390625 0.7029710640625 0.4917437171875 0.7091729140624999 0.46080608749999996 0.7040225765625 0.39985079375 0.6916037609375 0.3494806265625 0.6754643406249999 0.3214145515625 0.6341468625 0.2980694046875 0.6236860546874999 0.3037197328125
1 0.5460740578125 0.6887440765624999 0.5044085953125 0.714737475 0.4616840625 0.776501084375 0.453531765625 0.807540934375 0.46010427500000006 0.8956329000000001 0.4810334515625 0.94045495625 0.50940635625 0.9593763984375 0.559940240625 0.9533266296875 0.5845849828125 0.9384294499999999 0.6276650578125 0.883450009375 0.644147425 0.8247623953125001 0.6448484328124999 0.763500446875 0.6285287203125 0.7133347156250001 0.5935933828125 0.6811515921875 0.5460740578125 0.6887440765624999
1 0.49481396875000005 0.5689800796875 0.4354292984375 0.6860392203125001 0.43259503125 0.7065961625 0.45635847343749997 0.730861278125 0.4818920734375 0.7329245203125 0.5533425359375 0.67815895 0.5627367140625 0.6521561171875 0.562909446875 0.6181330593750001 0.5512017171875 0.5813312265625 0.526374165625 0.5554211796875 0.49481396875000005 0.5689800796875
1 0.5666275328125 0.5771213937499999 0.5801129781250001 0.647844065625 0.630301396875 0.7098404140625 0.6452014562499999 0.7515770421875 0.67445818125 0.7500437625 0.691654153125 0.7236320546874999 0.7014013546875 0.68570581875 0.69997414375 0.6211540046875 0.6928783968750001 0.5977160703125 0.6660978765625 0.5532006703125 0.6192871171875 0.5556539171875 0.6065177984375001 0.5359147265625 0.587899653125 0.5351897625 0.5666275328125 0.5771213937499999
1 0.7506606031249999 0.431420603125 0.7364842281249999 0.49679016875000004 0.7427011953125 0.578097965625 0.7780071937499999 0.7293106859375 0.8095799875 0.8092896406250001 0.844695615625 0.8635724187499999 0.8610102890625001 0.87632300625 0.89842435 0.8811650203125 0.9342384671874999 0.8554782765625 0.950723353125 0.8154982328125 0.9540858953125 0.7677024015625 0.9404125999999999 0.618757359375 0.92125358125 0.551733428125 0.8643224390625001 0.4543757453125 0.8150279171875001 0.44675495937500004 0.7692762281250001 0.41343799687500005 0.7506606031249999 0.431420603125
1 0.41699396406250006 0.7261214828125 0.3522912640625 0.8536635312499999 0.362579340625 0.8820362609375 0.40726691875 0.913708290625 0.43049452656250004 0.9090895828125 0.453364071875 0.8789791359375 0.451225775 0.800858984375 0.4313556703125 0.7202667171875 0.41699396406250006 0.7261214828125
1 0.761527346875 0.806705871875 0.7313893234375 0.847401446875 0.7145564531249999 0.9367200359375 0.7221880328125 0.9890417921875001 0.8362003734375 0.98136595625 0.8322944375000001 0.9441552515625 0.8409750109375 0.8858765109375 0.8379579328125001 0.8656262265624999 0.8195125203125 0.830878203125 0.791670409375 0.803425440625 0.761527346875 0.806705871875
1 0.6469766531250001 0.7667903109374999 0.6413131578125 0.8453193375 0.6225248 0.8973250015625001 0.634585553125 0.9222034296875 0.6666815828125 0.93752835 0.693987859375 0.9360972890625 0.715440271875 0.9162653140625 0.72908333125 0.840719496875 0.7278389296875 0.8169749078124999 0.7067319828125 0.7687607671875 0.6815514078125 0.7547741218749999 0.6469766531250001 0.7667903109374999
1 1 0.7786330234375 0.9810391484375 0.7781947421875001 0.9698697734374999 0.7889843078125 0.9445215031249999 0.8464358640625 0.9360187015625 0.9081066890624999 0.9401024093749999 0.9487094781250001 0.9503904859375 0.9770822078125001 1 0.9733573874999999 1 0.7786330234375
1 0.8461177890625 0.8907090921874999 0.8347731625 0.9168141437499999 0.8392149312500001 0.982908671875 0.939574134375 0.9759483671875 0.9252048703125 0.9256804203125 0.9090654499999999 0.897614346875 0.894701225 0.884761540625 0.86420261875 0.881257803125 0.8461177890625 0.8907090921874999
1 0.42429324843750005 1 0.43618069843749996 0.9989286999999999 0.4232260484375 0.919674709375 0.39538645781250004 0.9109295187500001 0.3556638859375 0.880697984375 0.33935173281250003 0.8866549687499999 0.310102565625 0.9443109640625 0.297343325 0.9994020562499999 0.29752435 1 0.42429324843750005 1
1 0.7043907171875 0.5001728187500001 0.68045958125 0.5473459046875 0.6813484390625 0.564306325 0.7070698890625 0.6445919359375 0.74643691875 0.6680393015625 0.7579618359375 0.66403390625 0.758314859375 0.6521105015625001 0.7403952031250001 0.5714160171875 0.7324055609375 0.49360252187500003 0.7043907171875 0.5001728187500001
1 1 0.4869070515625 0.9997947500000001 0.4829906484375 0.9779867953125001 0.4960384578125 0.9520976531249999 0.48719104843750005 0.9370299015624999 0.5168926218750001 0.9388076171874999 0.5508134609375 0.958322178125 0.624621559375 0.98279670625 0.6624550109375 1 0.6746477328125 1 0.4869070515625
1 1 0.77921255 0.975365575 0.7818934843750001 0.9445215031249999 0.8464358640625 0.9358409312499999 0.9047146046875 0.9401024093749999 0.9487094781250001 0.9503904859375 0.9770822078125001 1 0.9733573874999999 1 0.77921255