1 0.8362173296875 0.289276734375 0.8468672312500001 0.22794022187500002 0.8442623109375 0.19061586875 0.8297625796875 0.143307371875 0.80869471875 0.11140117499999999 0.77508168125 0.088207096875 0.740877559375 0.0871055046875 0.7166747 0.099418365625 0.6909932624999999 0.13893508593749998 0.6780941265625 0.1833245765625 0.6790426265625 0.237664125 0.695554465625 0.28833475625 0.7307663703125 0.347172121875 0.7623080171875001 0.36360784218750003 0.7915411484375 0.3597003203125 0.8127258453125 0.3423442578125 0.8362173296875 0.289276734375
1 0.6842524703125 0.31231283125 0.6853753593749999 0.26473163906249997 0.674425596875 0.1969776359375 0.6490963921875 0.1447622828125 0.6192111671875 0.11131136718750001 0.577136453125 0.1069498984375 0.5549457015625 0.12262489375 0.5331699203125 0.1620734421875 0.5171950671875 0.2540782109375 0.5179064421875 0.294832871875 0.5285005171875 0.34220954375 0.5598067671875 0.40111507968750004 0.5776193390625 0.4143931875 0.603006096875 0.41395006093750003 0.6646073593749999 0.3619159578125 0.6842524703125 0.31231283125
1 0.5129423609375 0.51404256875 0.5417605234375 0.4863614921875 0.55957136875 0.4435848953125 0.5628249296875001 0.4061582828125 0.5326432984375 0.35572625625 0.5156572078125 0.27788585 0.50973944375 0.2745918875 0.48198661718749997 0.307350253125 0.44896639374999997 0.31811839218750004 0.4254139 0.31173498906249997 0.3976593453125 0.28843865156250004 0.38943479375 0.3208561484375 0.3905611375 0.3853843640625 0.403167321875 0.43612316875 0.444059865625 0.48466960625000005 0.49146125781250005 0.514417521875 0.5129423609375 0.51404256875
1 0.6875653125000001 0.2782824390625 0.6806432203125 0.3293621125 0.6627138125 0.365346265625 0.59827223125 0.42252583125000004 0.6192808109375 0.4510358046875 0.6409990390625 0.46424573750000003 0.6839019640624999 0.46009960781250003 0.7204128734374999 0.42548974375000004 0.7416551250000001 0.35547519843750003 0.712775953125 0.3237053484375 0.6875653125000001 0.2782824390625
1 0.5152422390625 0.254112296875 0.5223421734375 0.2132212875 0.5215715171875 0.16907040625 0.5111552859375 0.1318823984375 0.48606320781249995 0.09325193281250001 0.45434371718750005 0.066627546875 0.42587951406249996 0.058631248437500005 0.39771171875 0.0676160609375 0.379604465625 0.0934115484375 0.3667646109375 0.1411972609375 0.36777239375000004 0.19893303125 0.38037857656249996 0.24967183906249998 0.40558921875 0.2950947484375 0.437190146875 0.314926690625 0.4722817609375 0.3109169078125 0.49541928437499994 0.2935267578125 0.5152422390625 0.254112296875
0 0.28960691875 0.42111909062499997 0.2903758484375 0.40921527031249993 0.3049331328125 0.40386528750000006 0.2892477765625 0.288632353125 0.2949249609375 0.16623202343750001 0.28705437031250003 0.16297214843750002 0.2726156484375 0.1751145734375 0.24125184531250002 0.16886751875 0.22805802968750002 0.252330603125 0.227409390625 0.32708157031249996 0.23646560781249998 0.3982658796875 0.252977446875 0.4489365125 0.26800898125 0.47075630312500005 0.2933957390625 0.4703131765625 0.301916696875 0.45487678750000005 0.28960691875 0.42111909062499997
0 0.30735330156249996 0.2067821640625 0.29042994843750003 0.244447384375 0.29096347968749997 0.2750133796875 0.3148751140625 0.4138835203125 0.330912703125 0.437384378125 0.33233372656250004 0.4628389984375 0.35772048437500004 0.4623958703125 0.3691985984375 0.3925517609375 0.333036465625 0.2233201453125 0.32001704062499997 0.20486248906250001 0.30735330156249996 0.2067821640625
0 0.1747406015625 0.27534342968750003 0.1581712078125 0.277331278125 0.1487034765625 0.2944828203125 0.1513676796875 0.3352033953125 0.1886527 0.45685381718749996 0.2036842359375 0.47867360937500003 0.2309645390625 0.47480017343750003 0.241438325 0.45932969999999995 0.24291690312499997 0.4321258375 0.22818004687500001 0.3712324515625 0.1966366734375 0.298742028125 0.1747406015625 0.27534342968750003
0 0.147862634375 0.333180315625 0.1486441953125 0.2910865984375 0.15331877968750002 0.27911460625 0.1717224375 0.27030022656249997 0.17266748437499999 0.21253037031250002 0.16343515 0.1872120984375 0.14082943125 0.179113540625 0.12946815312499999 0.199695390625 0.12094892187499999 0.2711864828125 0.124087375 0.33907683125 0.142975096875 0.3696311546875 0.12175949999999999 0.3748045109375 0.130498321875 0.4233681515625 0.14630025468750002 0.4471072796875 0.16676292343750002 0.44400559843750004 0.17306121875 0.4205666828125 0.147862634375 0.333180315625
0 0.4405609046875 0.48794254062500003 0.4014508390625 0.4399091046875 0.38702237500000003 0.381838778125 0.384893234375 0.32767060312499996 0.3946411828125 0.2833954484375 0.36789095625 0.205725475 0.3666460484375 0.1344048171875 0.354810521875 0.12781689375 0.3403125171875 0.1365631 0.331910121875 0.15879193125 0.332977184375 0.21992392343749997 0.3691985984375 0.3925517609375 0.3825144296875 0.4279905265625 0.40641150000000004 0.45285921875 0.4073087046875 0.48166154531250005 0.4177915578125 0.49451527031250003 0.43212286562499996 0.50181265625 0.4405609046875 0.48794254062500003
2 0 0.504363446875 0.0026074625000000002 0.6537448734375 0.052671329687500004 0.6681586609375 0.09510000468749999 0.63684275625 0.10539594687500001 0.6111836140625 0.10462529062499999 0.5670327328125 0.11184378749999999 0.5329341671875001 0.10615969375 0.4311156875 0.0971644859375 0.4193823 0.0779326171875 0.436704278125 0.046746657812499995 0.4406458875 0 0.41354169687500003 0 0.504363446875
2 0.13274071406250001 0.778870509375 0.148363334375 0.778597815625 0.167595203125 0.761275840625 0.170316959375 0.7493379328125 0.1563507609375 0.73259543125 0.1539829640625 0.708855965625 0.135636859375 0.6650118625 0.12078316874999999 0.6533807359375 0.11812069375 0.6687148656249999 0.109421890625 0.6739625890625 0.10232022968750001 0.65879889375 0.1038580875 0.6349912546875001 0.09799960468749999 0.635093515625 0.0623761875 0.6645920046875 0.025331745312499997 0.668635875 0.02266926875 0.6839700015625 0.0331447828125 0.72455423125 0.0441521 0.7396497515625 0.0578218921875 0.7394111453125001 0.05935975156249999 0.7156035046875 0.0654553578125 0.72908613125 0.1009026609375 0.7454536796875 0.13274071406250001 0.778870509375
2 0.0835482984375 0.8077416265625 0.0764736390625 0.8545228375 0.045301575 0.8543807843750001 0.0454811703125 0.8646698484374999 0.0701169359375 0.9198174015625 0.0833248390625 0.9305651234375001 0.111975484375 0.9444740578124999 0.14167769531250002 0.9508170359375001 0.1698494203125 0.937288575 0.2012477734375 0.9051779312500001 0.20925486875 0.8666141265625 0.201331359375 0.8255779999999999 0.20221356093749998 0.82488234375 0.1827785140625 0.8190462937499999 0.1756061859375 0.7924118828125 0.18152194531250002 0.7696659234375 0.1738362375 0.7588217921875 0.1441706296875 0.777179309375 0.1178871265625 0.7858718312499999 0.093121628125 0.7911071125 0.0835482984375 0.8077416265625