0 0.6477363781250001 0.1787585890625 0.6277355796874999 0.2079843828125 0.6560219375 0.205792015625 0.6630643187499999 0.21755948906250003 0.66797775625 0.275227084375 0.6982814046875 0.44456095937500006 0.7017755453125 0.532828640625 0.6947348921875001 0.5771158703125 0.7097071453125 0.5955394390625 0.7292947015625 0.59859479375 0.744680196875 0.5847372125 0.7624910421875 0.5419606171875 0.754676278125 0.42998755781250003 0.7002273234375 0.2203080625 0.6831243984375 0.1917299140625 0.662412225 0.1802010484375 0.6477363781250001 0.1787585890625
0 0.551516025 0.20591754375 0.5512230734375 0.3010458421875 0.586081015625 0.3955605765625 0.6236031625 0.5307958875 0.652719459375 0.576150625 0.6859175265624999 0.57557115 0.7000005609375 0.5430513921875 0.6992299046875 0.49890050781250006 0.690529375 0.448093528125 0.6636013046875 0.3602348890625 0.6492794187500001 0.3231150578125 0.6070844140625 0.2559064421875 0.599804909375 0.23055408281249998 0.559268053125 0.20238497500000002 0.551516025 0.20591754375
0 0.432634125 0.333691128125 0.4608629296875 0.384157240625 0.48749459375 0.455034771875 0.6073929109375 0.665270471875 0.6388752765625 0.678309971875 0.658876075 0.649084175 0.6604732156249999 0.6286727578125 0.6498791390624999 0.5812960859375 0.61656078125 0.5190284140625 0.544836240625 0.4387462140625 0.49453352031250003 0.35469283749999997 0.43825548281250004 0.32000398125 0.432634125 0.333691128125
0 0.38931623125 0.31406370625 0.39192115312500003 0.35138805781250004 0.4078401796875 0.36809647343749996 0.43843678124999996 0.44230205156249996 0.48430376875 0.6079670109374999 0.546028775 0.7308894625 0.5792861234375 0.733706209375 0.591594175 0.711409203125 0.5950255796875 0.6841712546875 0.5721810078125 0.6064331078125 0.49359020156250005 0.4685173984375 0.454826603125 0.374070834375 0.410441646875 0.2933114203125 0.38931623125 0.31406370625
0 0.3879493078125 0.12384119843750001 0.4180123765625 0.16748078125000002 0.463760803125 0.326353296875 0.498439175 0.35462466406250004 0.5488011765625 0.4420742625 0.5764964499999999 0.46197437812500003 0.57898108125 0.436451584375 0.5727669109375 0.41617651406249995 0.5057152265625 0.26786761718749996 0.440203128125 0.151805784375 0.3976541640625 0.1202745421875 0.3879493078125 0.12384119843750001
0 0.29528583125 0.35477346249999997 0.28510845156250003 0.387225046875 0.307422946875 0.546506603125 0.34518221875 0.6953268015625 0.3761920609375 0.7372512296875 0.4054251921875 0.73334370625 0.427200975 0.693895159375 0.42418108437499996 0.632797253125 0.39139453125 0.545040875 0.3805040484375 0.48068309375 0.364407178125 0.4537860125 0.3597901484375 0.41309952499999997 0.33446094375 0.360884171875 0.3117366625 0.3459931703125 0.29528583125 0.35477346249999997
0 0.305813715625 0.1745351 0.30113913124999997 0.18650709375000002 0.3017912265625 0.223865534375 0.34889966562499997 0.34874174375 0.35357597812499997 0.3928244546875 0.3660636 0.4367708171875 0.3760648625 0.45018527031250005 0.3933473578125 0.5450067875 0.4283238640625 0.646313965625 0.46158294062499994 0.705185415625 0.49259105625000005 0.6910551421875 0.49904062343750005 0.6688603953125 0.49649498437500006 0.634932265625 0.4802795515625 0.6012427406249999 0.4080180234375 0.3782851390625 0.391980434375 0.3547842796875 0.3790185625 0.28366814218749997 0.3475937515625 0.21797016249999998 0.31267825312499997 0.1761139078125 0.305813715625 0.1745351
0 0.3693866234375 0.0901926453125 0.3712836234375 0.19887174218749998 0.3726470109375 0.253780903125 0.390768453125 0.2973777390625 0.4046926796875 0.28135340468750003 0.446619140625 0.3181593640625 0.45111588124999996 0.2959987046875 0.41430511093750005 0.20151805625 0.407616690625 0.1540732125 0.3896855546875 0.1340026609375 0.37518582500000003 0.0866941640625 0.3693866234375 0.0901926453125
0 0.168175925 0.4028551375 0.22522634687499998 0.53774958125 0.2562379171875 0.6357287125 0.3343562 0.80252935 0.3561929890625 0.822531728125 0.371697046875 0.815466590625 0.3821115515625 0.7965998937500001 0.3815780203125 0.766033896875 0.3732924609375 0.7390004703125 0.3452415 0.6987230234374999 0.3368373765625 0.6648971515625 0.29032174843749997 0.5739831578125 0.24126048125000002 0.4491410328125 0.216049840625 0.40371812343749996 0.1972312125 0.38875895 0.168175925 0.4028551375
0 0 0.2149236046875 0.09982350625 0.2919387671875 0.215990559375 0.40032190156249997 0.24836214375000001 0.464304728125 0.30020272187499997 0.524550465625 0.280609984375 0.3533310015625 0.1772252328125 0.2498206359375 0.1367871078125 0.23594120625 0.046759834374999996 0.20938085312500002 0 0.18356398437500002 0 0.2149236046875
0 0 0.3704705234375 0.000539453125 0.379255865625 0.1367683109375 0.517864128125 0.237666703125 0.590842584375 0.22198307499999997 0.5316643546875001 0.1791952578125 0.430493521875 0.1299578734375 0.351517434375 0.0824763765625 0.289036165625 0 0.22681623125 0 0.3704705234375
0 0.00236515625 0.471995878125 0.06574485625000001 0.5218484296875 0.2703836859375 0.71871458125 0.2969543421875 0.7301411875 0.242981365625 0.60368616875 0.1539185015625 0.5372956359375001 0.001889178125 0.3887714015625 0.00236515625 0.471995878125
0 0.0015404 0.59261288125 0.030478853125 0.627778953125 0.21724582812499998 0.8079707765625 0.25624309843750004 0.80389281875 0.272278959375 0.7713389765625001 0.27346113125 0.7271540062499999 0.254464659375 0.7020061656250001 0.0014183828125000002 0.47371103281250004 0.0015404 0.59261288125
0 0.0027853062500000003 0.6639335390625 0.041843584375 0.7193065062499999 0.1633965953125 0.8564723093750001 0.18304343437499998 0.8629238859375 0.19931642031250002 0.8439549281250001 0.20251070000000002 0.80313209375 0.1954683203125 0.791364621875 0.003611790625 0.5993712375 0.0027853062500000003 0.6639335390625
0 0.00610333125 0.79806725625 0.043799865625 0.8313818265625 0.097000459375 0.857631259375 0.1145759078125 0.857324478125 0.1309081765625 0.8417517421875 0.127534325 0.8163312109374999 0.00710593125 0.6876389171875 0.00610333125 0.79806725625