1 0.388671875 0.2496603265625 0.392578125 0.202105978125 0.38671875 0.1341711953125 0.376953125 0.0934103265625 0.3623046875 0.06793478281250001 0.3388671875 0.057744565625 0.2958984375 0.06793478281250001 0.2509765625 0.1154891296875 0.208984375 0.1987092390625 0.1953125 0.2768342390625 0.201171875 0.3481657609375 0.2314453125 0.411005434375 0.2509765625 0.4313858703125 0.26953125 0.4296875 0.2958984375 0.42119565156250005 0.3388671875 0.37703804375 0.36328125 0.32778532656250003 0.388671875 0.2496603265625
1 0.720703125 0.3413722828125 0.69921875 0.28702445625 0.6650390625 0.241168478125 0.6123046875 0.2038043484375 0.5693359375 0.2038043484375 0.5498046875 0.2241847828125 0.517578125 0.293817934375 0.513671875 0.3481657609375 0.521484375 0.395720109375 0.552734375 0.487432065625 0.5849609375 0.5366847828125 0.6181640625 0.5638586953125 0.6484375 0.565557065625 0.6826171875 0.5434782609375 0.720703125 0.450067934375 0.7265625 0.4194972828125 0.720703125 0.3413722828125
1 0.4248046875 0 0.416015625 0.0390625 0.416015625 0.10020380468750001 0.4296875 0.161345109375 0.4775390625 0.2173913046875 0.51953125 0.2258831515625 0.5576171875 0.20040760937500002 0.58984375 0.13756793437499998 0.603515625 0.0696331515625 0.599609375 0.008491848437500001 0.5947265625 0 0.4248046875 0
1 0.517578125 0.473845109375 0.51171875 0.31419837031250003 0.5 0.266644021875 0.4716796875 0.21399456562500002 0.4267578125 0.1936141296875 0.4091796875 0.1936141296875 0.39453125 0.20889945625 0.37890625 0.28702445625 0.357421875 0.344769021875 0.33203125 0.38892662968749997 0.326171875 0.4296875 0.330078125 0.501019021875 0.3515625 0.6029211953125 0.3798828125 0.6555706515625 0.416015625 0.670855978125 0.4521484375 0.6521739125 0.48828125 0.5961277171875 0.5078125 0.5383831515625 0.517578125 0.473845109375
1 0.337890625 0.59952445625 0.306640625 0.514605978125 0.2880859375 0.48573369531250005 0.2587890625 0.46875 0.2197265625 0.475543478125 0.1806640625 0.5061141296875 0.150390625 0.5689538046875 0.134765625 0.6266983703125 0.12890625 0.6810461953125 0.13671875 0.7591711953125 0.1513671875 0.79483695625 0.2001953125 0.801630434375 0.2255859375 0.8423913046875 0.23828125 0.840692934375 0.2685546875 0.8186141296875 0.3173828125 0.747282609375 0.341796875 0.67764945625 0.337890625 0.59952445625
1 0.728515625 0.748980978125 0.708984375 0.6946331515625 0.6806640625 0.6419836953125 0.6142578125 0.5638586953125 0.5888671875 0.5570652171875 0.5791015625 0.5434782609375 0.5693359375 0.5570652171875 0.5400390625 0.56046195625 0.5126953125 0.546875 0.498046875 0.5825407609375 0.490234375 0.6368885875 0.494140625 0.6912364125 0.5078125 0.735394021875 0.6044921875 0.879755434375 0.6474609375 0.9069293484375001 0.671875 0.9086277171875 0.6923828125 0.9001358703125 0.708984375 0.878057065625 0.728515625 0.8033288046875 0.728515625 0.748980978125
1 0.91796875 0.5587635875 0.916015625 0.463654890625 0.90234375 0.4059103265625 0.8740234375 0.370244565625 0.8212890625 0.34986412968749997 0.7763671875 0.3804347828125 0.75 0.42629076093749996 0.7265625 0.5044157609375 0.708984375 0.6097146734375001 0.708984375 0.670855978125 0.7265625 0.7319972828125 0.7744140625 0.801630434375 0.81640625 0.80672554375 0.8466796875 0.7846467390625 0.884765625 0.7184103265624999 0.908203125 0.6402853265624999 0.91796875 0.5587635875
1 0.111328125 0.4025135875 0.0927734375 0.3736413046875 0.0419921875 0.3634510875 0 0.3821331515625 0.00390625 0.7829483703125 0.083984375 0.6912364125 0.123046875 0.5757472828125 0.12890625 0.47724184843749995 0.111328125 0.4025135875
1 0.4716796875 0.669157609375 0.4482421875 0.658967390625 0.4150390625 0.6759510875 0.3876953125 0.6759510875 0.3232421875 0.7404891296875 0.296875 0.7931385875 0.287109375 0.8610733703125 0.296875 0.9154211953125 0.3076171875 0.9375 0.3369140625 0.9646739125 0.37109375 0.9663722828125 0.4013671875 0.95108695625 0.4921875 0.7965353265624999 0.494140625 0.7387907609375 0.4716796875 0.669157609375
1 0.5380859375 0.7914402171875 0.4951171875 0.8050271734375001 0.4677734375 0.8355978265624999 0.412109375 0.9324048906250001 0.390625 0.9867527171875 0.3916015625 0.9986413046875 0.5859375 0.996942934375 0.603515625 0.9391983703125 0.599609375 0.878057065625 0.5615234375 0.8118206515624999 0.5380859375 0.7914402171875
1 0.1953125 0.2700407609375 0.208984375 0.188519021875 0.1806640625 0.1664402171875 0.1435546875 0.1664402171875 0.1259765625 0.18002717343750002 0.1015625 0.22927989062499998 0.091796875 0.280230978125 0.091796875 0.3209918484375 0.1015625 0.3549592390625 0.1513671875 0.424592390625 0.1962890625 0.4449728265625 0.236328125 0.44327445625 0.24609375 0.4296875 0.212890625 0.3821331515625 0.197265625 0.3345788046875 0.1953125 0.2700407609375
1 0.6806640625 0 0.6640625 0.025475543750000003 0.6484375 0.0866168484375 0.646484375 0.1647418484375 0.654296875 0.2190896734375 0.70703125 0.3006114125 0.7275390625 0.370244565625 0.7431640625 0.383831521875 0.767578125 0.3821331515625 0.8037109375 0.35326087031250003 0.833984375 0.29721467343749997 0.837890625 0.202105978125 0.828125 0.13756793437499998 0.810546875 0.0764266296875 0.7705078125 0.0101902171875 0.7529296875 0 0.6806640625 0
1 0.751953125 0.9222146734375001 0.7421875 0.9595788046875 0.7470703125 0.9986413046875 0.89453125 0.996942934375 0.875 0.9358016296875 0.8330078125 0.8831521734375001 0.7724609375 0.8933423906250001 0.751953125 0.9222146734375001
1 0.1767578125 0.7982336953125 0.1416015625 0.7982336953125 0.1123046875 0.8288043484375001 0.052734375 0.9867527171875 0.0537109375 0.9986413046875 0.21875 0.996942934375 0.232421875 0.9324048906250001 0.2265625 0.8474864125 0.2080078125 0.8118206515624999 0.1767578125 0.7982336953125