1 0 0.371942934375 0.009765625 0.371942934375 0.0615234375 0.35326087031250003 0.1044921875 0.3023097828125 0.134765625 0.23607337031250003 0.14453125 0.188519021875 0.14453125 0.1171875 0.1328125 0.07302989062500001 0.1162109375 0.050951087500000006 0.0634765625 0.016983695312499998 0 0.025475543750000003 0 0.371942934375
1 0.298828125 0.3617527171875 0.291015625 0.32778532656250003 0.2646484375 0.2819293484375 0.2333984375 0.2615489125 0.1904296875 0.2615489125 0.1513671875 0.2853260875 0.115234375 0.33797554375 0.08984375 0.42629076093749996 0.08984375 0.49422554375 0.13671875 0.5553668484375 0.1494140625 0.6012228265624999 0.197265625 0.606317934375 0.2666015625 0.5706521734375001 0.29296875 0.5315896734375001 0.3046875 0.4840353265625 0.298828125 0.3617527171875
1 0 0.8508831515624999 0.009765625 0.8508831515624999 0.0458984375 0.8254076093749999 0.0771484375 0.7846467390625 0.12109375 0.708220109375 0.142578125 0.643682065625 0.14453125 0.5825407609375 0.138671875 0.5621603265624999 0.1162109375 0.526494565625 0.0810546875 0.4959239125 0.0341796875 0.512907609375 0 0.5553668484375 0 0.8508831515624999
1 0.4345703125 0.7710597828125 0.4111328125 0.760869565625 0.3447265625 0.7778532609375 0.2783203125 0.8288043484375001 0.224609375 0.9018342390624999 0.203125 0.99014945625 0.2060546875 0.9986413046875 0.44140625 0.996942934375 0.470703125 0.9527853265624999 0.478515625 0.9018342390624999 0.44921875 0.7897418484375 0.4345703125 0.7710597828125
1 0.205078125 0.7591711953125 0.1904296875 0.696331521875 0.1376953125 0.6725543484375 0.0810546875 0.78125 0.044921875 0.8305027171875 0.044921875 0.878057065625 0.0625 0.9324048906250001 0.0947265625 0.9986413046875 0.19921875 0.996942934375 0.212890625 0.9290081515624999 0.244140625 0.8610733703125 0.244140625 0.83389945625 0.205078125 0.7591711953125
1 0.4140625 0.6165081515625 0.3408203125 0.567255434375 0.2666015625 0.5740489125 0.2314453125 0.5978260875 0.201171875 0.6606657609375 0.201171875 0.7387907609375 0.2373046875 0.8084239125 0.27734375 0.8237092390624999 0.3408203125 0.7778532609375 0.3974609375 0.7574728265624999 0.416015625 0.7150135875 0.4140625 0.6165081515625
1 0.2880859375 0 0.2578125 0.0424592390625 0.240234375 0.10360054375000001 0.240234375 0.1545516296875 0.255859375 0.22248641249999998 0.2666015625 0.2445652171875 0.2822265625 0.254755434375 0.337890625 0.25985054375 0.3837890625 0.234375 0.43359375 0.1681385875 0.443359375 0.1443614125 0.455078125 0.0662364125 0.4501953125 0 0.2880859375 0
1 0.1591796875 0 0.150390625 0.025475543750000003 0.150390625 0.052649456250000004 0.15625 0.096807065625 0.171875 0.1443614125 0.2119140625 0.2105978265625 0.2392578125 0.2377717390625 0.2578125 0.2428668484375 0.259765625 0.23267662968749997 0.240234375 0.1647418484375 0.23828125 0.1171875 0.24609375 0.0696331515625 0.2734375 0.008491848437500001 0.2685546875 0 0.1591796875 0
1 0.0807453078125 0.3585272640625 0.0595703125 0.356657609375 0 0.3787364125 0.001953125 0.5485733703125 0.0439453125 0.502717390625 0.087890625 0.487432065625 0.08984375 0.41610054375 0.0807453078125 0.3585272640625
1 0.513671875 0.4194972828125 0.53125 0.3209918484375 0.53125 0.25985054375 0.5234375 0.2190896734375 0.5068359375 0.1834239125 0.4697265625 0.14266304375 0.4462890625 0.14266304375 0.4091796875 0.20720108750000002 0.3505859375 0.2615489125 0.337890625 0.28702445625 0.322265625 0.3549592390625 0.318359375 0.473845109375 0.330078125 0.5349864125 0.3603515625 0.580842390625 0.408203125 0.5859375 0.4521484375 0.553668478125 0.46484375 0.5349864125 0.49609375 0.47724184843749995 0.513671875 0.4194972828125
1 0.669921875 0.045855978125 0.6474609375 0 0.5087890625 0.0033967390625 0.4921875 0.07302989062500001 0.494140625 0.123980978125 0.505859375 0.17493206562500002 0.5439453125 0.241168478125 0.5693359375 0.254755434375 0.603515625 0.253057065625 0.6318359375 0.234375 0.669921875 0.17153532656249998 0.681640625 0.1137907609375 0.669921875 0.045855978125
1 0.70703125 0.450067934375 0.6875 0.37533967343749997 0.6552734375 0.3091032609375 0.6181640625 0.268342390625 0.5830078125 0.268342390625 0.5498046875 0.2955163046875 0.5234375 0.3549592390625 0.521484375 0.473845109375 0.52734375 0.52139945625 0.5390625 0.5689538046875 0.5654296875 0.6283967390625 0.5908203125 0.6521739125 0.634765625 0.6538722828125 0.6787109375 0.6080163046875 0.69921875 0.57235054375 0.7109375 0.5112092390625 0.70703125 0.450067934375
1 0.607421875 0.748980978125 0.5703125 0.6368885875 0.55078125 0.6097146734375001 0.5302734375 0.56046195625 0.5146484375 0.5434782609375 0.49294466249999996 0.5425925984375 0.4677734375 0.546875 0.447265625 0.5757472828125 0.4296875 0.6233016296875 0.427734375 0.7048233703125 0.43359375 0.7387907609375 0.45703125 0.8033288046875 0.482421875 0.9086277171875 0.5244140625 0.9748641296875 0.5419921875 0.9884510875 0.5703125 0.9867527171875 0.5830078125 0.9782608703125 0.623046875 0.8984375 0.619140625 0.80672554375 0.607421875 0.748980978125
1 0.857421875 0.7931385875 0.865234375 0.7455842390625 0.861328125 0.670855978125 0.8388671875 0.6283967390625 0.7939453125 0.5774456515625 0.7509765625 0.580842390625 0.7119140625 0.61141304375 0.658203125 0.6946331515625 0.625 0.786345109375 0.626953125 0.8644701093749999 0.654296875 0.9595788046875 0.6845703125 0.995244565625 0.72265625 0.996942934375 0.7587890625 0.9816576093749999 0.7998046875 0.9375 0.830078125 0.8814538046875 0.857421875 0.7931385875
1 1 0.8372961953125 0.9873046875 0.8220108703125 0.9501953125 0.801630434375 0.9072265625 0.8050271734375001 0.8798828125 0.8254076093749999 0.853515625 0.878057065625 0.84765625 0.9459918484375001 0.8603515625 0.9986413046875 1 0.996942934375 1 0.8372961953125
1 0.861328125 0.344769021875 0.845703125 0.2564538046875 0.8232421875 0.2038043484375 0.7919921875 0.1664402171875 0.7529296875 0.1596467390625 0.7197265625 0.1936141296875 0.701171875 0.23267662968749997 0.6875 0.2904211953125 0.68359375 0.3515625 0.708984375 0.4534646734375 0.712890625 0.5383831515625 0.7451171875 0.5740489125 0.79296875 0.57235054375 0.8232421875 0.5570652171875 0.841796875 0.52139945625 0.861328125 0.41610054375 0.861328125 0.344769021875
1 0.8681640625 0 0.66796875 0.0016983703124999999 0.669921875 0.0424592390625 0.681640625 0.0866168484375 0.7001953125 0.11209239062500001 0.7626953125 0.1460597828125 0.802734375 0.1443614125 0.8291015625 0.1256793484375 0.84765625 0.0934103265625 0.869140625 0.0288722828125 0.8681640625 0
1 0.986328125 0.2836277171875 0.970703125 0.22248641249999998 0.9326171875 0.163043478125 0.9111328125 0.149456521875 0.8681640625 0.1528532609375 0.8369140625 0.17663043437499998 0.82421875 0.202105978125 0.845703125 0.253057065625 0.857421875 0.307404890625 0.859375 0.44327445625 0.8857421875 0.46535326093749996 0.908203125 0.4670516296875 0.9482421875 0.448369565625 0.974609375 0.4025135875 0.986328125 0.3515625 0.986328125 0.2836277171875
1 0.908203125 0.514605978125 0.8857421875 0.475543478125 0.8642578125 0.4585597828125 0.85546875 0.463654890625 0.837890625 0.5349864125 0.8193359375 0.5638586953125 0.80078125 0.5757472828125 0.8427734375 0.631793478125 0.865234375 0.684442934375 0.8671875 0.735394021875 0.84375 0.8508831515624999 0.853515625 0.8542798906250001 0.904296875 0.7897418484375 0.916015625 0.7421875 0.923828125 0.6538722828125 0.908203125 0.514605978125
1 1 0.43308423906250004 0.9931640625 0.4313858703125 0.9697265625 0.45176630468749995 0.943359375 0.5180027171875 0.927734375 0.592730978125 0.927734375 0.65047554375 0.935546875 0.7116168484375 0.953125 0.7693614125 1 0.8237092390624999 1 0.43308423906250004
1 1 0.0016983703124999999 0.9306640625 0 0.912109375 0.0288722828125 0.904296875 0.0628396734375 0.912109375 0.1341711953125 0.9580078125 0.190217390625 0.978515625 0.188519021875 1 0.1783288046875 1 0.0016983703124999999