1 0 0.6349764203125 0.0053798640625 0.6350703265625001 0.03999895625 0.6101951796875 0.091780253125 0.5533456640625001 0.1252171734375 0.4842855484375 0.13178703125 0.443633146875 0.124746378125 0.3993459171875 0.082023025 0.32895641875 0.02929668125 0.3280360765625 0.00242961875 0.3564437921875 0 0.4956365640625 0 0.6349764203125
1 0 0.693502175 0.016441281250000002 0.7847426921875 0.0480980359375 0.8736239328125001 0.0950234515625 0.9271004953125 0.11745132656249999 0.9291906031250001 0.1312396828125 0.922636765625 0.13041319843750002 0.8580744671874999 0.138817321875 0.8242485953124999 0.1620751359375 0.7787915984375 0.1938539078125 0.748770990625 0.1971684765625 0.7267466781249999 0.165748846875 0.6242805515625001 0.16089814687499998 0.5664425203125 0.1137948875 0.5231546234375 0.0419517828125 0.6102292671875 0.004314529687500001 0.6401476140625 0 0.6748953125 0 0.693502175
1 0.3255232890625 0.7035076953125 0.253031546875 0.7158313734374999 0.1700050078125 0.7721355015625 0.1427822578125 0.8209205468749999 0.13236602656250002 0.858108553125 0.13307394687500002 0.929463296875 0.1525412140625 0.9892550890624999 0.30190287968749996 0.993560834375 0.3778870359375 0.9490241796875001 0.40700333281249995 0.9036694437499999 0.4099046609375 0.84936398125 0.4032789765625 0.7813032 0.396001196875 0.75060085625 0.38174031875000003 0.7282697625 0.35085076718749997 0.7073470453125 0.3255232890625 0.7035076953125
1 0.17906640625 0.53278708125 0.170780846875 0.5598205093749999 0.16776095625 0.620918415625 0.1824943578125 0.6721344359375 0.1985895 0.7012920578124999 0.2235612890625 0.7255087375 0.232378653125 0.72396401875 0.282501803125 0.706154009375 0.3607334671875 0.7007250359375 0.3841098421875 0.6484755953125 0.3874261390625 0.57039658125 0.3058240796875 0.48913668125000004 0.2396057875 0.4777890671875 0.20611131249999998 0.49419070156249995 0.17906640625 0.53278708125
1 0.4841108875 0.5313434921875 0.45304640625000003 0.525312096875 0.43175008750000005 0.549088090625 0.4006809640625 0.594408740625 0.39192115312500003 0.6486119421875001 0.3926883546875 0.716570465625 0.40529108437500005 0.7779410625 0.413276784375 0.8799981515624999 0.45357305937500003 0.9775233374999999 0.4708521015625 0.9948112265625 0.503103396875 0.993675546875 0.539912440625 0.9552495999999999 0.5550625375 0.926637365625 0.5626401765625 0.82824919375 0.554239509375 0.749965659375 0.5382053734375 0.6613571125 0.51560138125 0.613400965625 0.50388614375 0.5571417421875 0.4841108875 0.5313434921875
1 0 0.9900663375000001 0.1280478765625 0.993583715625 0.132066165625 0.9871990671875001 0.1083968375 0.9443202109375 0.0659681640625 0.9130043078125001 0.038628578125 0.91252709375 0 0.9330940390625001 0 0.9900663375000001
1 0.5386934421875 0.18574971406250002 0.5553203890625 0.24039604374999998 0.5733683593750001 0.2695877515625 0.6042579124999999 0.290510471875 0.6247329609375 0.2925664921875 0.665032690625 0.27798227343750004 0.7019602984375 0.2327638828125 0.7187092625 0.1685083640625 0.7156335453125 0.12089308437499999 0.6956344734375 0.0356125859375 0.67569295625 0.0029905671875000003 0.5721930984375 0.001183971875 0.5531373453125 0.0297280328125 0.536566225 0.0837948875 0.533546334375 0.1448927921875 0.5386934421875 0.18574971406250002
1 0.582539684375 0.3037204046875 0.5489266484375 0.3269144828125 0.5235381625 0.3825260578125 0.512351275 0.46386494687499996 0.5125849453125 0.562389465625 0.525187675 0.6237600640625 0.5449513484375 0.6665707484375 0.5679703093749999 0.6907533421875 0.594244559375 0.6963078453125 0.6445455531250001 0.668309171875 0.6754368328125 0.6331771875000001 0.692185796875 0.5689216671875 0.693312140625 0.504393453125 0.6828400828125 0.43286827499999997 0.6587575125 0.35770826875 0.6254426093750001 0.307866534375 0.582539684375 0.3037204046875
1 0.7518230734375 1 0.7954381671874999 0.9206413687499999 0.81674488125 0.8190955828125001 0.8115384921875 0.78163488125 0.7653244531250001 0.6874036578125 0.712835234375 0.6728984296875 0.67147016875 0.6925599390625 0.6118775609375 0.7492731078125 0.5706293312499999 0.8181968749999999 0.5621659265625001 0.8554189671874999 0.5611581453125 0.9131547390625 0.5724584140625 0.993187515625 0.7205936484375 1 0.7518230734375 1
1 0.770781784375 0.262841846875 0.7311324203125 0.29612233125 0.6997668906250001 0.3584240890625 0.6869235812500001 0.42274778281250003 0.6950871249999999 0.5146162046875 0.68952159375 0.609642240625 0.722717934375 0.66627641875 0.7859773453125001 0.6792710140625 0.8087016281249999 0.6643800125 0.8422571109374999 0.5885274546875 0.85942104375 0.50049838125 0.86072523125 0.4257815015625 0.8538624218749999 0.37130560625000003 0.8315548359375 0.30636835156250003 0.8058141171875001 0.27024785156250003 0.770781784375 0.262841846875
1 0.771256034375 0.23567207343750002 0.8156968171875001 0.2636258421875 0.8420303484374999 0.2657841234375 0.8786615484375 0.23754684375 0.9140512968750001 0.16852081562500001 0.9192018578125 0.09726833124999999 0.9065398468750001 0.039293953124999996 0.8865983296875 0.006671934374999999 0.7245136453125001 0.0038427359375 0.7193648109375 0.0190405171875 0.7156335453125 0.12089308437499999 0.726402009375 0.1754371546875 0.771256034375 0.23567207343750002
1 0.8755823765624999 0.3020409703125 0.8448689406250001 0.326984290625 0.862381653125 0.44279669843749997 0.85930248125 0.507290825 0.846399890625 0.575010740625 0.8740341546874999 0.6145615484375 0.9158124624999999 0.6271811890625 0.9423831187499999 0.6157545843750001 0.9754643515625 0.5670718 0.9900826437499999 0.5129708578125001 0.9912682703125 0.445046421875 0.976831275 0.3768492921875 0.9513276812499999 0.3271439046875 0.920497409375 0.302824965625 0.8755823765624999 0.3020409703125
1 0.8126665640624999 0.6610519640625 0.7967475375 0.6777603812499999 0.768283334375 0.6857566765625001 0.809704228125 0.7748083515624999 0.81698200625 0.8055106953125 0.8120092874999999 0.8665745140625001 0.7730085640625 0.9746059624999999 0.7924182765625 0.9817392734375 0.834967240625 0.9502080312500001 0.852070165625 0.9216298828125 0.8834967046875001 0.7998772 0.8902444062500001 0.7490361328125 0.885808675 0.66742455 0.874684521875 0.6332578125 0.8450974296875 0.5936729171875 0.8126665640624999 0.6610519640625
1 0.99134863125 1 0.9978904999999999 0.625216609375 0.9774747328125001 0.6197643671875 0.94190886875 0.6429243578125 0.9045070109375001 0.7153125234375 0.887520921875 0.7931529312500001 0.8859796093750001 0.8814546968749999 0.8966887921875 0.9393949859375 0.9239673703125 0.9993231265625001 0.9312305515625001 1 0.99134863125 1
1 1 0.149210065625 0.9655937421875 0.18131088906249998 0.9484908171875001 0.2098890375 0.9401459750000001 0.2403186859375 0.93937531875 0.28446956874999996 0.9465938156249999 0.31856813281249996 0.9721566906250001 0.36487729999999996 1 0.3763763890625 1 0.149210065625
1 1 0.0087980171875 0.9187903437499999 0.008932478125 0.925949559375 0.0464272640625 0.9534059812500001 0.0961667375 0.9841176890625001 0.127278121875 0.99873425625 0.1292318828125 1 0.12870763125 1 0.0087980171875
1 0.91704953125 1 0.88550363125 0.9646791734375 0.8602947171875 0.95404738125 0.81721395 0.960089915625 0.7839219015625 1 0.91704953125 1
1 0.5277995062499999 0.3622169 0.546027046875 0.3251652421875 0.54963975 0.2301051171875 0.5367406140625001 0.185715628125 0.5054378203125001 0.13251175937499998 0.48407527968749997 0.1253443625 0.4402831359375 0.1721415578125 0.371282078125 0.20830696249999997 0.33583305 0.2807292125 0.3164791640625 0.3823090859375 0.3189027875 0.4672828046875 0.3442878171875 0.5237806359375 0.397664528125 0.5433972390624999 0.43601142968750006 0.5287789328125 0.43950384375 0.49656595625 0.4338232046875 0.48627503125000004 0.4428184125 0.47454164375 0.45193045625000006 0.51207051875 0.4818156828125 0.47861960000000003 0.5070263234375 0.433196690625 0.5277995062499999 0.3622169
1 0.20050031875 0.1441753375 0.1511460984375 0.173889165625 0.122148365625 0.2124514578125 0.09539813750000001 0.29012143125 0.0927339359375 0.3308420078125 0.12480565937500002 0.3959496953125 0.1344495078125 0.458967275 0.16924471562500001 0.4799581671875 0.21516580312500003 0.4790610953125 0.2572997984375 0.47130340468750004 0.2922152953125 0.42944715 0.30683358906249997 0.3753462078125 0.3108612609375 0.2565125328125 0.2998556703125 0.21555335000000003 0.2780798890625 0.17610480312500001 0.2472496171875 0.15178586249999998 0.20050031875 0.1441753375
1 0.29270340625 0 0.2878492078125 0.008111128125 0.28098294375 0.06574463750000001 0.2893836125 0.144028171875 0.332521934375 0.19064411875 0.3919942515625 0.196778096875 0.44626018125 0.165451375 0.4771514609375 0.130319390625 0.506210203125 0.0323061734375 0.5057969625000001 0.000025021875 0.5043634609375001 0 0.29270340625 0
1 0.009583340625 0 0.0055122453125 0.17984025937499998 0.0659906171875 0.18429316874999999 0.11818515624999999 0.15972480312499998 0.1560002546875 0.119617790625 0.1813294578125 0.0674024359375 0.191758609375 0 0.009583340625 0