1 0.408203125 0.3243885875 0.3681640625 0.2819293484375 0.3330078125 0.2615489125 0.2861328125 0.25815217343749997 0.2548828125 0.278532609375 0.23828125 0.31080162968749997 0.2265625 0.37533967343749997 0.228515625 0.43308423906250004 0.23828125 0.463654890625 0.2763671875 0.512907609375 0.3056640625 0.53328804375 0.3505859375 0.546875 0.384765625 0.5451766296875 0.4228515625 0.5197010875 0.431640625 0.49422554375 0.43359375 0.4059103265625 0.408203125 0.3243885875
1 0.615234375 0.1647418484375 0.626953125 0.1171875 0.6005859375 0.06793478281250001 0.5517578125 0.0543478265625 0.5341796875 0.06793478281250001 0.513671875 0.10699728281250001 0.5 0.1919157609375 0.498046875 0.2632472828125 0.513671875 0.331182065625 0.5361328125 0.370244565625 0.5615234375 0.390625 0.591796875 0.38892662968749997 0.5986328125 0.3872282609375 0.630859375 0.3209918484375 0.615234375 0.2496603265625 0.615234375 0.1647418484375
1 0.7392578125 0.10190217343750001 0.6630859375 0.08831521718749999 0.6455078125 0.098505434375 0.625 0.13077445625 0.615234375 0.17493206562500002 0.619140625 0.2700407609375 0.6357421875 0.3023097828125 0.662109375 0.307404890625 0.6904296875 0.29891304375 0.71875 0.2428668484375 0.744140625 0.1205842390625 0.7392578125 0.10190217343750001
1 0.744140625 0.630095109375 0.75390625 0.57235054375 0.7578125 0.4806385875 0.75390625 0.38892662968749997 0.744140625 0.3515625 0.7177734375 0.319293478125 0.6689453125 0.3091032609375 0.6376953125 0.32608695625 0.611328125 0.3685461953125 0.578125 0.463654890625 0.572265625 0.49082880468749995 0.578125 0.5112092390625 0.5625 0.5383831515625 0.564453125 0.5859375 0.5546875 0.59952445625 0.546875 0.65047554375 0.544921875 0.7150135875 0.5625 0.7897418484375 0.5791015625 0.8152173906250001 0.587890625 0.8135190218749999 0.6259765625 0.7846467390625 0.6767578125 0.774456521875 0.720703125 0.6912364125 0.744140625 0.630095109375
1 0.873046875 0.2258831515625 0.865234375 0.188519021875 0.8466796875 0.149456521875 0.8134765625 0.12228260937499999 0.7861328125 0.1256793484375 0.7568359375 0.1528532609375 0.736328125 0.1953125 0.7265625 0.2496603265625 0.73046875 0.3040081515625 0.75 0.358355978125 0.7744140625 0.397418478125 0.8046875 0.4025135875 0.8427734375 0.3804347828125 0.861328125 0.3413722828125 0.873046875 0.2904211953125 0.873046875 0.2258831515625
1 0.6845703125 0.788043478125 0.6337890625 0.7846467390625 0.6025390625 0.801630434375 0.5771484375 0.8322010875 0.552734375 0.8882472828125 0.55078125 0.9595788046875 0.5546875 0.99014945625 0.5615234375 0.9986413046875 0.71875 0.996942934375 0.73046875 0.9595788046875 0.728515625 0.8916440218749999 0.71484375 0.8271059781250001 0.6845703125 0.788043478125
1 0.83984375 0.7591711953125 0.8251953125 0.7269021734375001 0.8095703125 0.709918478125 0.7861328125 0.709918478125 0.7578125 0.7523777171875 0.75 0.8169157609375001 0.751953125 0.8610733703125 0.76171875 0.9018342390624999 0.7802734375 0.9375 0.818359375 0.9425951093749999 0.841796875 0.8950407609375001 0.849609375 0.8576766296875 0.849609375 0.8169157609375001 0.83984375 0.7591711953125
1 0.8759765625 0.49932065156250005 0.8212890625 0.49932065156250005 0.7998046875 0.5163043484375 0.77734375 0.5553668484375 0.763671875 0.6165081515625 0.76171875 0.67764945625 0.7744140625 0.7065217390625 0.8115234375 0.7065217390625 0.8349609375 0.737092390625 0.853515625 0.735394021875 0.869140625 0.7252038046875 0.876953125 0.6097146734375001 0.90234375 0.528192934375 0.8759765625 0.49932065156250005
1 0.671875 0.005095109375 0.666015625 0.08322010937499999 0.7412109375 0.10190217343750001 0.740234375 0.1545516296875 0.74609375 0.1579483703125 0.798828125 0.10360054375000001 0.818359375 0.0390625 0.8212890625 0 0.671875 0.005095109375
1 0.515625 0.7421875 0.4970703125 0.703125 0.4736328125 0.682744565625 0.4462890625 0.682744565625 0.4228515625 0.6997282609375 0.400390625 0.735394021875 0.380859375 0.8033288046875 0.376953125 0.8610733703125 0.3828125 0.8814538046875 0.4248046875 0.9544836953125 0.44921875 0.956182065625 0.4951171875 0.9205163046875 0.517578125 0.8610733703125 0.521484375 0.7727581515625 0.515625 0.7421875
1 0.9697265625 0.4585597828125 0.9423828125 0.49932065156250005 0.9052734375 0.5298913046875 0.890625 0.5587635875 0.876953125 0.6131114125 0.869140625 0.7048233703125 0.880859375 0.7591711953125 0.9052734375 0.7914402171875 0.951171875 0.799932065625 0.9775390625 0.7914402171875 1 0.7693614125 0.9990234375 0.4449728265625 0.9697265625 0.4585597828125
1 1 0.9391983703125 0.994140625 0.918817934375 0.9443359375 0.8355978265624999 0.9052734375 0.8118206515624999 0.8857421875 0.8118206515624999 0.8681640625 0.8254076093749999 0.849609375 0.8644701093749999 0.841796875 0.9459918484375001 0.8544921875 0.9986413046875 1 0.996942934375 1 0.9391983703125
1 0.50390625 0.5383831515625 0.48046875 0.5078125 0.4716796875 0.4585597828125 0.4384765625 0.461956521875 0.4296875 0.5112092390625 0.3916015625 0.5502717390625 0.369140625 0.59952445625 0.37109375 0.6674592390625 0.3876953125 0.709918478125 0.41015625 0.7150135875 0.4345703125 0.6861413046875 0.4755859375 0.669157609375 0.5 0.6131114125 0.50390625 0.5383831515625
1 0.1416015625 0.050951087500000006 0.1201171875 0.044157609375000004 0.060546875 0.1647418484375 0.056640625 0.21569293437499998 0.0625 0.2428668484375 0.1044921875 0.3294836953125 0.1220703125 0.346467390625 0.1328125 0.344769021875 0.201171875 0.293817934375 0.205078125 0.2122961953125 0.166015625 0.0900135875 0.1416015625 0.050951087500000006
1 0.93359375 0.07302989062500001 0.9189453125 0.0475543484375 0.8857421875 0.016983695312499998 0.8603515625 0.0033967390625 0.8271484375 0.006793478125 0.8125 0.07302989062500001 0.814453125 0.110394021875 0.8525390625 0.15625 0.8779296875 0.22078804375 0.90234375 0.2190896734375 0.92578125 0.2122961953125 0.923828125 0.1443614125 0.939453125 0.0934103265625 0.93359375 0.07302989062500001