1 0.101160909375 0.1301816203125 0.0682227984375 0.163130178125 0.042643525 0.2313170109375 0.0369297453125 0.2896021296875 0.0446175921875 0.34354508125 0.0564919296875 0.37336004843750004 0.08114912656249999 0.40398366875 0.13441306718749998 0.4377144609375 0.15974184062500002 0.43594330000000003 0.17632936875 0.421163253125 0.20090805312499999 0.3666665234375 0.2088071453125 0.31163362656250004 0.184690203125 0.1907388375 0.1634558515625 0.1530658015625 0.1334274421875 0.129627840625 0.101160909375 0.1301816203125
1 0 0.3952682125 0.0091516046875 0.42434087812500004 0.030385956250000002 0.4620139140625 0.06758906718749999 0.49005772031249994 0.10679335781249999 0.49072132343749997 0.1345972 0.4683468875 0.14766981562499998 0.44530004375 0.0706964578125 0.394499490625 0.047276793750000004 0.3535742328125 0.0378775234375 0.3031559890625 0 0.3776112078125 0 0.3952682125
1 0 0.3714111953125 0.0256606203125 0.3244404796875 0.0389309234375 0.262221925 0.0358506453125 0.21817188125000003 0.025924675 0.1882206703125 0.00055664375 0.14743165625000001 0 0.1469444203125 0 0.3714111953125
1 0.273669221875 0.329230746875 0.2357024640625 0.31826550781249996 0.21066344531249998 0.2961811703125 0.2026194765625 0.36314181562500003 0.18084487031250002 0.41573994843750006 0.190481084375 0.46954665625 0.21171543593750003 0.5072196921875001 0.2367544546875 0.5293040296875 0.27524791249999997 0.5198022375 0.3194023375 0.47925928906250004 0.3476408125 0.42110160781249995 0.3453769890625 0.33272903593750003 0.3325548734375 0.2893602078125 0.273669221875 0.329230746875
1 0.2539500125 0.0752321265625 0.2207749578125 0.104792221875 0.19914522968749998 0.14546260625000001 0.19153589375 0.17664000625 0.19940787499999998 0.26121538437499997 0.2208791703125 0.302276884375 0.23765083125 0.31812926406250003 0.287070846875 0.32488857968749996 0.3058436875 0.3133607546875 0.329895671875 0.27933105625 0.3392164296875 0.24462894999999998 0.34416656562500003 0.2034223984375 0.33458316093749996 0.12237172968750001 0.30702981875 0.0783304921875 0.27794918750000003 0.06844639062499999 0.2539500125 0.0752321265625
0 0.350025221875 0.1332095328125 0.34232381875 0.1490707171875 0.34464045468750004 0.210199328125 0.33574077343750003 0.278922328125 0.34874702343749997 0.35292358125 0.34787775625 0.4244900734375 0.316835203125 0.48454635156250003 0.3310397296875 0.50568579375 0.3502864578125 0.5009348953125 0.3555656046875 0.478433025 0.34729824531250003 0.4722010671875 0.3463504671875 0.45864720625000005 0.37881468906250004 0.41892171874999995 0.38824106875000003 0.3297316875 0.3895057125 0.17982177500000002 0.3771574859375 0.1432298765625 0.3647564484375 0.1338819421875 0.350025221875 0.1332095328125
0 0.404184128125 0.207738146875 0.391585403125 0.23756192187499997 0.383527878125 0.3743267015625 0.40052292968750003 0.46337168437500004 0.42414028125 0.46512523124999994 0.4252857484375 0.4395073796875 0.44021466406250004 0.4010080796875 0.43905705156249997 0.24445748125 0.42913108125 0.21450626874999998 0.4208637234375 0.2082743125 0.404184128125 0.207738146875
0 0.45636896718750003 0.17003869062500002 0.42448425624999997 0.1620531859375 0.42215406718750004 0.1707287125 0.44774548750000004 0.2847103296875 0.4519048671875 0.4001906203125 0.46501673906249996 0.41970395156249996 0.4595927140625 0.45413357187500003 0.471138040625 0.46524386093750003 0.496466815625 0.4634727015625 0.50735411875 0.437173634375 0.5169646328125 0.37861603125 0.503590115625 0.2433499234375 0.47404915000000003 0.15688475468750002 0.45636896718750003 0.17003869062500002
0 0.5531021984375 0.265425453125 0.5366067375 0.2955217140625 0.5201505328125 0.3681781484375 0.5168590109375 0.433103953125 0.5320113156249999 0.4677972546875 0.5631851921875 0.4656173640625 0.572361071875 0.44284300625000006 0.5776537734375 0.350536996875 0.5857369984374999 0.326136528125 0.5802344625 0.27544579687500004 0.5656481140625 0.26284564062500004 0.5531021984375 0.265425453125
0 0.5637661125 0.165933784375 0.5541163421874999 0.18193121406249999 0.5559590875 0.23628289374999997 0.561277490625 0.256341196875 0.58265671875 0.282086484375 0.5893375062499999 0.3348326296875 0.5769995265625 0.356326828125 0.5850611906250001 0.40940475625 0.5966222421875 0.433354028125 0.61700091875 0.42505181406250003 0.6293124078125001 0.39186846875 0.6128300062500001 0.29359669843749997 0.612935628125 0.2391087734375 0.5823940734375 0.1663337078125 0.5637661125 0.165933784375
2 0.7198710312500001 0.41039538750000004 0.683325940625 0.41976093593749997 0.6611830671875001 0.41109421562500004 0.6532447203125 0.42356693593749994 0.6559824328125 0.5187164375 0.6660925375 0.579300075 0.6897491453125 0.6236137984375001 0.7284267343749999 0.644744434375 0.7498587750000001 0.643245759375 0.7835077187499999 0.62046259375 0.80366296875 0.58670538125 0.8154587953125001 0.5314 0.8066390359375 0.43327076406250004 0.791631609375 0.3866497140625 0.76588175625 0.35439998125 0.7198710312500001 0.41039538750000004
2 0.6781510078124999 0.6397474703125 0.6687381828125 0.659133365625 0.655152421875 0.632843103125 0.6406053296875001 0.662803121875 0.6351284953125 0.7244767046875 0.628045859375 0.735187071875 0.6337460828125 0.746706090625 0.6661046828125 0.761468525 0.6949091140625 0.7254039875 0.726846634375 0.7061455296875 0.7418148062500001 0.7102064046875001 0.73458729375 0.7328445203125 0.7644843796874999 0.6984060921874999 0.7701453484375 0.6673649359375 0.7596006109375 0.64256454375 0.7164995859375 0.642173428125 0.67820381875 0.612503509375 0.6781510078124999 0.6397474703125
2 0.8763955171875001 0.6056625437500001 0.934856315625 0.6160165828124999 0.9566283437499999 0.599364421875 0.9843252218749999 0.52040370625 0.9857135109374999 0.48935950312500004 0.9723390000000001 0.46209840468749996 0.9392669437500001 0.3963273546875 0.9350130312499999 0.35811295 0.923749615625 0.33276739843750003 0.878354925 0.35657314218749997 0.8482336234375 0.3669320203125 0.8190378734375001 0.3565947375 0.8100921874999999 0.4548755328125 0.8258859812500001 0.528044296875 0.8551874546875 0.5857679921875001 0.8763955171875001 0.6056625437500001
2 0.6404008984375 0.9123801437499999 0.677206646875 0.9297501234375 0.7147837046875 0.9298733421875 0.75628025625 0.9125296046875 0.7758351046875 0.8472048203125 0.776952084375 0.829246175 0.73563113125 0.8321356171875 0.7287180875 0.7954824734375 0.715832815625 0.7695626734375 0.689226890625 0.76798454375 0.6653170921875 0.7710319109375 0.6400088046875 0.7597350921875 0.6197579578125 0.752898615625 0.610869609375 0.8182981249999999 0.6169808999999999 0.8658778640625 0.6404008984375 0.9123801437499999
2 0.8705185249999999 0.668655484375 0.888998325 0.7010612015625 0.90634035625 0.7115396828125 0.9464647453125 0.69154106875 0.961398084375 0.6506094171875 0.9674930015625 0.6020432515625 0.9433597499999999 0.6188605265625 0.9297189875 0.6273792375 0.9136264296875 0.657388459375 0.8997358 0.6679878109375 0.8762092390625 0.6256192765625 0.8600321281250001 0.5978664953124999 0.8295071015625 0.5628645015625 0.8089900828125 0.591807715625 0.8211505265625 0.64881959375 0.834430696875 0.6615509703125 0.8705185249999999 0.668655484375
2 0.773325734375 0.771731803125 0.7879552515625 0.811283915625 0.8072596671875001 0.7989306015625 0.8252929437500001 0.8079852750000001 0.8351149812499999 0.8409964390625 0.85687641875 0.8298467453124999 0.8926404984375 0.7757673484375001 0.8985810843750001 0.7306505390625 0.8700131624999999 0.7010133421875 0.848677284375 0.6956281703125 0.836568375 0.6751557328125 0.8159345968749999 0.66284434375 0.78448915625 0.6712326484375 0.730484165625 0.7472190125 0.7526120625 0.7752433734374999 0.773325734375 0.771731803125