1 0.8614694249999999 0.7595127609375 0.92476571875 0.7140962265625 0.9505325515624999 0.683554471875 0.965713021875 0.63891244375 0.9669751812499999 0.6011127421875 0.9556467968750001 0.540903228125 0.9339288874999999 0.49223612968749997 0.8894277484374999 0.45834433125 0.8323813984375 0.4585042453125 0.7782327546875 0.4822641046875 0.7111905546874999 0.54525181875 0.6936575578124999 0.5867604531249999 0.6933545421875 0.6483981234375 0.72681479375 0.76064615625 0.7607295703125 0.78043768125 0.8614694249999999 0.7595127609375
1 1 0.4694186875 0.9678341359375 0.20744875000000002 0.8408025453124999 0.1905349109375 0.8149498171875 0.2604430640625 0.8316799421875001 0.31656707968750003 0.8411807015624999 0.4420237125 0.8474759734375 0.45322861718749996 0.8890137906250001 0.4549729109375 0.9291582249999999 0.4774217796875 0.9491546874999999 0.50405563125 0.9631183296874999 0.55367483125 0.98396299375 0.5391375609375 1 0.4851299 1 0.4694186875
1 0.820684384375 0.45138483906250004 0.8353852843749999 0.39482382656250004 0.8330530421875 0.34377646875 0.8233804921875001 0.2970526359375 0.7978510625 0.25740915625 0.7662888109375 0.240751025 0.73180856875 0.24840691406249998 0.6917750765624999 0.2909671375 0.66385255625 0.3440181875 0.6567746984375 0.38253196875 0.6350162234375001 0.4296927984375 0.6341680234375 0.4708639203125 0.6632918531249999 0.52375505625 0.6968582828125001 0.5487227265625 0.820684384375 0.45138483906250004
1 0.6037594000000001 0 0.6022431359375 0.0025135734375 0.5926612437500001 0.06871279531249999 0.6020510609375 0.12916033437500002 0.6431343546875 0.223361134375 0.665069384375 0.24975695781249999 0.6931028484375 0.2617149984375 0.7117262109375 0.2611394625 0.7638050609375 0.2205225015625 0.7861087203125 0.19382822187499998 0.8051663234375 0.14871014062500001 0.796059240625 0.07453889375 0.7995426984375 0.0227774578125 0.792207678125 0 0.6037594000000001 0
1 0.8109423578125 0 0.7968871562500001 0.081281734375 0.8018546578124999 0.121738778125 0.812920590625 0.1477580375 0.8504953796875 0.18934478125 0.9379277187499999 0.2042763 0.9665922609375001 0.1973344890625 0.9423626328125 0 0.8109423578125 0
1 0.5684738765625 0.45668553593750005 0.578035484375 0.43840027812500004 0.6245610859374999 0.4326876515625 0.6533115234375 0.38637944218750003 0.6613688062499999 0.323789665625 0.639388446875 0.2409323140625 0.584386840625 0.15357384062499999 0.5434144890625 0.12438213281249999 0.458945471875 0.14159812031250002 0.4142272125 0.1299775921875 0.40730086249999997 0.1376725359375 0.394341690625 0.16835283125 0.3875262828125 0.241056865625 0.39414961718749997 0.2949995921875 0.411576434375 0.3407713203125 0.4253432390625 0.36474783125 0.45731944843749994 0.38477738125 0.48554974843750004 0.4223781125 0.5179399171875 0.4457790859375 0.559543346875 0.4560709421875 0.5684738765625 0.45668553593750005
1 0.5100639515625 0.7342149671875 0.53382660625 0.6953636750000001 0.5446503734375 0.6392787171875 0.5338874546875 0.5516217875 0.5009723875 0.459840303125 0.45773340625000003 0.3881488015625 0.43586398906249996 0.370300540625 0.40983470625 0.3666520390625 0.3785349046875 0.3841841640625 0.3581698125 0.41064041875 0.347280434375 0.4581778140625 0.3461495015625 0.51307264375 0.35691241875 0.6007295734375 0.3748844203125 0.66696785 0.40912725781250003 0.7294971953125 0.4379886375 0.748198075 0.5100639515625 0.7342149671875
1 0.6904007484375 0.920829525 0.7057780578124999 0.9018301890625 0.716384703125 0.8680165000000001 0.7202821187499999 0.8196264828125001 0.714638209375 0.7416077640625 0.6983220421875 0.68885516875 0.6796736328125 0.585055215625 0.661004940625 0.5291692265625 0.62288496875 0.4671159328125 0.6116675265625 0.47191550937500004 0.6029541187499999 0.44902964531249995 0.594503159375 0.4603340375 0.549916125 0.4658086359375 0.5383300546875 0.52369831875 0.54715440625 0.6115932749999999 0.5447815984375 0.65637384375 0.5731025578125 0.8068976296875 0.6243582562500001 0.9118272828125 0.6640231187500001 0.9223571671874999 0.6904007484375 0.920829525
1 0.353958625 0.8731609734375001 0.390811675 0.8207245140625 0.4014183203125 0.7869108265625 0.3989548546875 0.7187683421875 0.37253189531249997 0.66383445625 0.3481990109375 0.577843709375 0.3085544296875 0.5193998625 0.25553672031249997 0.488264890625 0.22064252031249998 0.492549359375 0.194527340625 0.52826725625 0.1848142234375 0.5773713500000001 0.18451120781250002 0.6390090203125001 0.192245190625 0.6859708796875 0.2089753171875 0.7420948953125001 0.240517284375 0.8066669890625 0.283625040625 0.8612633640625 0.3206546453125 0.8823835593749999 0.353958625 0.8731609734375001
1 0.33102987968750003 0.41397278281250005 0.3545754125 0.3973927625 0.381387284375 0.351322578125 0.3906864421875 0.2988470640625 0.37384537500000004 0.1777139578125 0.34043045156249996 0.121927453125 0.2955809671875 0.093211796875 0.262211375 0.0938868203125 0.23062884218750002 0.12514265156249998 0.21309584531249998 0.1666512859375 0.20684590468750003 0.2119079078125 0.2281092890625 0.353031509375 0.25875772812500003 0.40231320000000004 0.29343480781250003 0.4203000015625 0.33102987968750003 0.41397278281250005
1 0.4833546796875 0 0.348159671875 0.016599859375 0.35659034843750004 0.05320943125000001 0.370357153125 0.077185940625 0.41616577968749996 0.129739565625 0.4476624171875 0.13785013125 0.5027045890624999 0.1293806796875 0.5385782140625001 0.101020215625 0.56691469375 0.051340584375 0.5750829375000001 0 0.4833546796875 0
1 0.1632931515625 0.5543469453125 0.1901706359375 0.516824325 0.22323244843749998 0.42549752031250004 0.22795778125 0.3838503453125 0.2173260890625 0.31328854375000004 0.18689477031249999 0.2417355828125 0.158316125 0.20931099375 0.10985195625 0.21526164531249997 0.0698184640625 0.25782187031250003 0.0435517765625 0.3243586015625 0.03216254375 0.4078909765625 0.0415523625 0.46833851718749997 0.06562279531250001 0.5201390078125 0.08908243437499999 0.5429253875 0.1377434390625 0.5626174265625 0.1632931515625 0.5543469453125
1 0.2171280234375 0.944717628125 0.22904215625000002 0.9295657625 0.24851371875 0.8878191031249999 0.2582268359375 0.8387150109375 0.209389275 0.745466315625 0.1930731078125 0.6927137203125 0.1832693328125 0.628894759375 0.170744403125 0.6150325109375 0.1362641609375 0.6226884 0.10855876093750001 0.65346818125 0.0910257640625 0.6949768140625 0.08421035624999999 0.7676808515625 0.0960839234375 0.8483569125000001 0.113510740625 0.8941286406250001 0.149560921875 0.9393248312500001 0.1818854765625 0.954178240625 0.2171280234375 0.944717628125
1 0.5134038046875 1 0.62377250625 0.9871886609375 0.620677959375 0.9379460265624999 0.59758695 0.8620695406250001 0.5611228125000001 0.8135019281250001 0.5155766359375 0.795138559375 0.43097639218749995 0.7952594203125 0.3892870671875 0.8243339609375001 0.3644137625 0.8701661187499999 0.3606272890625 0.9835652265625001 0.3645911953125 1 0.5134038046875 1
1 0.87772474375 0.956007246875 0.8815565484375 0.8990696687499999 0.8677444140624999 0.81863163125 0.8355713671875 0.7729593875 0.7511023484375 0.790175375 0.7141634031249999 0.8819782328124999 0.7106799453125 0.93373966875 0.7175860125 0.9739586859375 0.87772474375 0.956007246875
1 1 0.7098144671875 0.9987795984375 0.6998750921875 0.9738156359374999 0.632784196875 0.9524711187499999 0.6833164453125 0.926704284375 0.7138582 0.8483790296875 0.773097928125 0.8796382640625 0.85139373125 0.8941017609375 0.865017953125 0.9150776484375 0.867575809375 0.9665254203125 0.8458587015625 0.991398725 0.8000265421874999 1 0.74596418125 1 0.7098144671875
1 0.1837143296875 0.231859346875 0.20233769218750003 0.2312838109375 0.2061492125 0.22226019375 0.2115712375 0.17026073125000002 0.2325017953125 0.1163570625 0.225595728125 0.07613804375 0.2121772703125 0.0469853921875 0.19965234062499998 0.033123142187499996 0.063952671875 0.0497849671875 0.0746499765625 0.1288943328125 0.10978634375 0.20671408281249998 0.1559636 0.20617760000000002 0.1837143296875 0.231859346875
1 0 0.3323074078125 0.0099650640625 0.347304896875 0.03065821875 0.363586459375 0.0663552890625 0.2616693421875 0.10590921093750001 0.207190134375 0.0695309671875 0.1192561234375 0.044546721875 0.100079190625 0 0.102429859375 0 0.3323074078125