1 0.760682996875 0.8742918703125 0.78492423125 0.8503042609374999 0.8026756 0.8152233203125 0.8105416046875 0.7729563765624999 0.8087370234375 0.7320485437500001 0.7939095328125 0.6826806000000001 0.7597840484375 0.622304328125 0.7431508625000001 0.609206425 0.7069185453125 0.6040081828125 0.673006725 0.6293549031250001 0.6513439421875 0.6787060390625 0.6405551734375 0.7282439953125001 0.6456688984375 0.7926976031249999 0.655253128125 0.81879159375 0.6906252171875 0.86698724375 0.7193358421875 0.8818178937500001 0.760682996875 0.8742918703125
1 0.606512703125 0.8719482453125 0.6364278671875 0.81114695 0.6427893109375 0.7862420609375 0.6373323859375 0.6772451140625 0.620054865625 0.6385118624999999 0.5976625062500001 0.6125028765625 0.542175375 0.5825697562500001 0.5165591140625 0.5827397640624999 0.492790615625 0.61009105625 0.476930184375 0.658626725 0.4729324140625 0.7003500234375 0.47808931718750003 0.75107708125 0.5111397984375 0.8459056437499999 0.5383458609375 0.8780983484375 0.5704519859375 0.889021671875 0.606512703125 0.8719482453125
1 0.6569746953125 0.6556189046875 0.6853852984375 0.612179665625 0.659941753125 0.5574434687500001 0.6249992203125 0.5263380515625 0.6003716078125 0.519508875 0.56603023125 0.5277653609375 0.5437231140625001 0.5514811468749999 0.5346968609375 0.5784756109375 0.6020034765625 0.6153229140625001 0.62774815625 0.6511511249999999 0.6421029125 0.6971553875 0.6569746953125 0.6556189046875
1 0.47331879218750006 0.7311668109375 0.4754688015625 0.6622622296875 0.5018168671875001 0.5830965921875 0.488880315625 0.5471833765625 0.46794933906249997 0.5175388859375001 0.4394966703125 0.49752680156249995 0.415814528125 0.4974249890625 0.370254825 0.538129196875 0.339394190625 0.592203128125 0.33535324218749996 0.647652978125 0.342916996875 0.7014718953125 0.356584240625 0.7355673578124999 0.3803527390625 0.70821606875 0.41276 0.7002314046875 0.4373876109375 0.70706058125 0.46798917500000003 0.7353459609375 0.47331879218750006 0.7311668109375
1 0.4366103984375 0.9541385109375 0.4710381328125 0.9184289218749999 0.49467821093750003 0.8550794093749999 0.482387109375 0.7676236703125 0.4484764015625 0.715792515625 0.43545349375000003 0.7073324046875 0.40115529531250005 0.7018623390625 0.3769572390625 0.7121233953125 0.356584240625 0.7355673578124999 0.34119654375 0.7874667093750001 0.33866015625 0.8255545062499999 0.3481148515625 0.8928281515625001 0.35769908125 0.9189221421875 0.387311996875 0.9542067078124999 0.4068679484375 0.9600336015625001 0.4366103984375 0.9541385109375
0 0.3485875859375 0.8961918343749999 0.3377146875 0.8188271421875 0.35391943124999997 0.737656934375 0.3353100640625 0.6613795312499999 0.3357839125 0.5875653375 0.321471221875 0.6050123984375 0.313089303125 0.6576422140625 0.3038892234375 0.816720759375 0.31239844843750003 0.8772670390625 0.3335873828125 0.9017300968749999 0.3485875859375 0.8961918343749999
0 0.29490615 0.8299886687500001 0.3034164890625 0.8133570765625 0.31652798125000003 0.640008334375 0.3017436703125 0.5769138390624999 0.2937924234375 0.5694560109375 0.267187515625 0.5766252078125 0.27170008437500004 0.6017169140624999 0.2604817578125 0.634164634375 0.2557090046875 0.7686101140625 0.2599636171875 0.798883253125 0.2820980203125 0.8300736750000001 0.29490615 0.8299886687500001
0 0.274232015625 0.87234061875 0.2514543921875 0.738336971875 0.2522725546875 0.631888240625 0.2343927640625 0.6309709609375 0.24079738593750002 0.5923395218749999 0.23383478593749998 0.5778825078125001 0.20628440937499998 0.5783243390624999 0.1943785703125 0.5988632609375 0.184492090625 0.6688551296874999 0.1966536578125 0.797490525 0.2232142734375 0.8812257562499999 0.2450054765625 0.867872840625 0.2698478671875 0.8832471328124999 0.274232015625 0.87234061875
0 0.1389312734375 0.7867372125000001 0.168330525 0.7362987859375 0.18754439218750002 0.6204044671875 0.1842352484375 0.596858690625 0.1734044140625 0.582945321875 0.1376448328125 0.5811107609375 0.1310686109375 0.59747053125 0.1221276015625 0.6741897671875 0.10794333281249999 0.7276350484375 0.11022064843749999 0.7719065640625 0.12225490937500001 0.7873658640625 0.1389312734375 0.7867372125000001
0 0.132826671875 0.8836385421875 0.14447455468749998 0.8682810546875 0.1476984546875 0.8421020609375001 0.140607434375 0.791646825 0.119117365625 0.7860917546875 0.11022064843749999 0.7719065640625 0.107470596875 0.7242713671875001 0.12066621875000001 0.677825271875 0.125179903125 0.625739103125 0.1095353640625 0.6056420140625 0.08873280781250001 0.61199574375 0.07631105625 0.6428975343750001 0.073301934375 0.677621646875 0.0763962984375 0.69262230625 0.08898965156250001 0.683992184375 0.1041614546875 0.7007255906250001 0.09612385 0.7207208656249999 0.08039295468749999 0.72807688125 0.094574996875 0.82898735 0.11086386875000001 0.8747197906249999 0.12001854218750001 0.883723546875 0.132826671875 0.8836385421875
2 0 0.301025721875 0.021383557812500002 0.291053640625 0.0449963328125 0.2946628328125 0.0723502328125 0.3192225328125 0.0734885640625 0.267796771875 0.0868712609375 0.2198380265625 0.103074890625 0.21584569375 0.08390643125 0.1636577125 0.0658550421875 0.1404687640625 0.035940990625 0.124092184375 0 0.122921371875 0 0.301025721875
2 0 0.43434421093750003 0.01459424375 0.44233389531249995 0.0173885875 0.399064665625 0.02680121875 0.4028869890625 0.032302434375 0.42097950781250004 0.04515374375 0.40716795 0.0486356 0.37580752031250003 0.0568879828125 0.36435736093750004 0.0565016046875 0.333540575 0.06814948750000001 0.31818308906250004 0.058780035937499996 0.3006342140625 0.0264159546875 0.294892328125 0.0021315421875 0.33260648593750003 0 0.3338095234375 0 0.43434421093750003
2 0 0.5313560734375 0.014935215625000001 0.641232984375 0.0429151484375 0.657881384375 0.0528436921875 0.6513408390625 0.0555516796875 0.6355247125 0.027530795312500002 0.4782471109375 0.009049848437499999 0.43796792812499996 0 0.43387991875000004 0 0.5313560734375