1 0.0729596578125 0 0.026188368750000003 0.295302296875 0.0358337625 0.2968299765625 0.08987686875 0.2864746265625 0.1402871078125 0.242872625 0.1805494875 0.18218750156250002 0.1976340203125 0.13674630625 0.208792728125 0.06629299375 0.204126028125 0.0208458203125 0.1930699296875 0 0.0729596578125 0
1 0.2315429796875 0.216057175 0.189241834375 0.2334308921875 0.14531768750000001 0.2797797296875 0.10642411874999999 0.3630356703125 0.09579677812500001 0.4301340640625 0.1325300609375 0.49785548281249997 0.13789561875 0.54513288125 0.1843609984375 0.55765089375 0.25842265000000003 0.53327076875 0.29057593437499996 0.49881392968749994 0.309589546875 0.453678271875 0.322931525 0.33198455625 0.3205288796875 0.29721321562499997 0.301659771875 0.24779706406250002 0.2739827140625 0.22277896875 0.2315429796875 0.216057175
1 0 0.7506514578125 0.000584215625 0.7503641671875 0.03782588125 0.7149937078125 0.0931859125 0.646382578125 0.1245017546875 0.5860000015625 0.135995440625 0.5259169828125 0.13339640625 0.5048708578125 0.11679135468749999 0.46613053750000005 0.08685024062499999 0.43043660937499995 0.0378955140625 0.43987834374999996 0 0.4741988640625 0 0.7506514578125
1 0.165139165625 0.8538064078125001 0.13010375624999998 0.937673421875 0.13166895625 0.946519025 0.364388634375 0.9816586609375 0.4002325875 0.942627746875 0.415919409375 0.8935260953125 0.404518340625 0.7782307078125 0.39297276875 0.7574871296875 0.3714179234375 0.7437559375 0.303172409375 0.7501423093749999 0.22961322499999998 0.790077878125 0.165139165625 0.8538064078125001
1 0 0.85709145625 0.0002433234375 0.858641190625 0.021711465625000002 0.9291034687499999 0.1251828640625 0.9437721890624999 0.1493137578125 0.8788125484375 0.19080635937499998 0.8166027328125001 0.1950572953125 0.7897633749999999 0.1681657953125 0.709844421875 0.1635279953125 0.6454868890625 0.11516243749999999 0.613752978125 0.04221540625 0.712249859375 0 0.754077225 0 0.85709145625
1 0.1797172828125 0.61194068125 0.167495840625 0.6891038328125 0.1922907734375 0.7635321015625001 0.2294457359375 0.7848927296875 0.29931425312500004 0.7495312375000001 0.3584457390625 0.738262265625 0.3834140765625 0.6992283625 0.39689464218750004 0.6016301562499999 0.3322590109375 0.54152621875 0.2578912828125 0.5366256875000001 0.2194482953125 0.5546104765625001 0.1797172828125 0.61194068125
1 0.34239474062499997 0 0.3323693734375 0.010205853125 0.3054430578125 0.0678445828125 0.29747255156249996 0.11816837656250001 0.302277840625 0.1877110578125 0.3094338875 0.21119848281250003 0.3232724171875 0.22370753125 0.3774541125 0.2374476890625 0.42677271718750004 0.2194658890625 0.48632588437499996 0.1618361265625 0.499690846875 0.1398793671875 0.5234867624999999 0.0645494328125 0.5288888625 0 0.34239474062499997 0
1 0.2252249203125 0 0.2246759390625 0.003466128125 0.2235554046875 0.0479966921875 0.2315488953125 0.09740985468749999 0.260733353125 0.169094278125 0.28348951875 0.20021113906250002 0.3010187171875 0.2081461125 0.304541896875 0.1983868875 0.29587845 0.12823313593750002 0.30138851093749996 0.080958725 0.316543965625 0.03521199375 0.33949421874999997 0 0.2252249203125 0
1 0.049135009375 0.43134126406249995 0.09493043281249999 0.4231186875 0.1080182203125 0.3529709125 0.108038240625 0.2946831453125 0.0874164234375 0.289524009375 0.025125634375 0.3020121359375 0.000486359375 0.4700636546875 0.049135009375 0.43134126406249995
1 0.5562751859375 0.18839086562500001 0.52599909375 0.1423266453125 0.5028501484375 0.1386602125 0.456101678125 0.1965985015625 0.38972744062500003 0.24111113281250002 0.373203175 0.2642870453125 0.3471432046875 0.32894115 0.3246871984375 0.44575226562500003 0.3266970640625 0.507974034375 0.34942432968750003 0.5580012578125 0.395889709375 0.5705192718750001 0.44434197031249995 0.545522096875 0.45980350156250005 0.529056021875 0.4997020015625 0.47691096718750003 0.5260969515625 0.4226271578125 0.5588683046875 0.32808431250000003 0.5684329124999999 0.267695759375 0.5670930015625 0.226214578125 0.5562751859375 0.18839086562500001
1 0.5530350984375 0.1276937875 0.5566390640625001 0.1798508 0.58389444375 0.25122968437500004 0.6068469999999999 0.2686213328125 0.6408715609375 0.2722907546875 0.6717657234375001 0.25826896875 0.71921305 0.202160909375 0.7398207625000001 0.1469604921875 0.7388736312499999 0.0780288828125 0.72386268125 0.029223803124999996 0.5863667203125 0.0108856609375 0.5590765249999999 0.07706445625 0.5530350984375 0.1276937875
1 0.6182250828125 0.2841797625 0.58117980625 0.3058250078125 0.54583831875 0.3604113640625 0.52531139375 0.477528015625 0.523659490625 0.5254134984375 0.527794825 0.5742155906249999 0.5445384640625 0.6370514203125001 0.56589691875 0.6645078265625 0.6090355078125 0.6730598484375 0.6596132359375 0.6346429953125 0.68544791875 0.6026244671875001 0.7065869984375001 0.5440691296875 0.7122934484375001 0.483069503125 0.7046927359375 0.4062059109375 0.68322459375 0.335743634375 0.6529485015625001 0.2896794125 0.6182250828125 0.2841797625
1 0.5076665921875 0.5452344921875001 0.486368575 0.540964515625 0.460837334375 0.5412565453125 0.43606538749999996 0.566565234375 0.41126453906249993 0.610784284375 0.39658265 0.6909968203125 0.39705621562500004 0.725462625 0.41010918749999997 0.7928725296875 0.4187148328125 0.9008470078125 0.44982836875 0.9728369656250001 0.465064609375 0.9890064687500001 0.4933019359375 0.99175928125 0.507169365625 0.98535796875 0.55920260625 0.9127808453125 0.5696913593749999 0.8215869437500001 0.567150128125 0.7627200921874999 0.54803274375 0.6462025609375 0.5329928921875 0.6163078421875 0.5204423874999999 0.564453378125 0.5076665921875 0.5452344921875001
1 0.70092051875 1 0.727673515625 0.9790134343749999 0.76634179375 0.9283930703125 0.807164440625 0.845442665625 0.8223198953124999 0.7996959343750001 0.8301518124999999 0.7252766296875001 0.8146094953125 0.67982646875 0.7782111890625 0.6224753453125 0.7352400890624999 0.6191084703125 0.6918762093749999 0.6431920265625 0.6258080484375 0.716985315625 0.5786667984375 0.8023740343749999 0.568374434375 0.879842721875 0.580503259375 0.9780579765624999 0.593857290625 1 0.70092051875 1
1 0.9270403437500001 1 0.9410794203125 0.9113607515625001 0.930931559375 0.8942776296874999 0.897467265625 0.8683429265625 0.8544961656250001 0.8649760515624999 0.824300859375 0.880828065625 0.79002210625 0.9287045828125 0.773607528125 0.9948863687499999 0.7740150890625 1 0.9270403437500001 1
1 0.8030586843749999 0.2034039734375 0.7649506734375 0.2317590546875 0.740513703125 0.2674380390625 0.7179769125 0.3223329203125 0.704554146875 0.3821104015625 0.7136911593749999 0.486729959375 0.704265140625 0.571214021875 0.7305155859375 0.6114820234375 0.7780437 0.6172901984375 0.8103355734375001 0.6069288687500001 0.8342411765625 0.5746048046875 0.8700043421875 0.47365765781249997 0.8811630515625 0.40320434531249993 0.8795459640625 0.3135321453125 0.8655977484375 0.2580172265625 0.8405775249999999 0.2162245328125 0.8030586843749999 0.2034039734375
1 0.7584126953125 0.1481856234375 0.8148295453125 0.191511975 0.8546413453125 0.196098003125 0.8836064265625 0.181770684375 0.9069806625 0.1528015390625 0.938296503125 0.09241896250000001 0.941848584375 0.063749378125 0.743852325 0.0341093921875 0.7394049984375 0.0746739625 0.7440717 0.12012113437500001 0.7584126953125 0.1481856234375
1 1 0.280535625 0.980002565625 0.2348682109375 0.9609081671874999 0.2180876359375 0.9179370656250001 0.2147207609375 0.8833522359374999 0.23331662187500002 0.866827971875 0.256492534375 0.8800773312500001 0.3101772265625 0.88314993125 0.36568915625 0.863824328125 0.500191478125 0.8864130046875 0.5261231921875 0.9083317281250001 0.531314315625 0.9508003625000001 0.5191257484375 0.98401638125 0.47795907031249996 1 0.43830413124999995 1 0.280535625
1 0.82825755 0.5874134109375 0.80541468125 0.6130276359375 0.7852286484375 0.6218672625 0.8179362859375001 0.6837924609375 0.8318845015624999 0.7393073796875 0.8258430750000001 0.7899367109375001 0.7846276484375 0.9003375453125001 0.7937416765624999 0.9052201453125001 0.8539936984375001 0.8494206109375 0.8730073109375001 0.8042849515625001 0.8945391687500001 0.7182791859375001 0.9008925890624999 0.5782831921875 0.8848189046874999 0.5361879515625 0.8662558718750001 0.51605245625 0.8567779671875 0.5197099234375 0.82825755 0.5874134109375
1 1 0.51029915625 0.997826009375 0.5093784796875 0.9714888609375001 0.5258415656250001 0.935084640625 0.5871377609375 0.9079619343750001 0.6585017046874999 0.89892869375 0.7155353375 0.8970804015624999 0.7771460359375 0.9054088703125001 0.8369294937499999 0.9432048890625 0.8979410734375 1 0.539350853125 1 0.51029915625
1 1 0.07753986406249999 0.9807362375 0.09914075624999999 0.9677062515625 0.1314678078125 0.9642638578125 0.2031432640625 1 0.26426062968749997 1 0.07753986406249999