1 0.9453125 0.8271059781250001 0.943359375 0.7150135875 0.9208984375 0.6623641296875 0.8974609375 0.6419836953125 0.8583984375 0.63858695625 0.8388671875 0.6521739125 0.8095703125 0.696331521875 0.7724609375 0.7302989125 0.7578125 0.75577445625 0.74609375 0.799932065625 0.736328125 0.9154211953125 0.751953125 0.9731657609375001 0.7724609375 0.9986413046875 0.841796875 0.996942934375 0.8701171875 0.9782608703125 0.9072265625 0.9273097828125 0.931640625 0.8814538046875 0.9453125 0.8271059781250001
1 0.619140625 0.7829483703125 0.62109375 0.6470788046875 0.609375 0.5689538046875 0.599609375 0.541779890625 0.5849609375 0.526494565625 0.5595703125 0.526494565625 0.5380859375 0.512907609375 0.4931640625 0.526494565625 0.455078125 0.6029211953125 0.419921875 0.72860054375 0.404296875 0.88485054375 0.404296875 0.9290081515624999 0.4208984375 0.995244565625 0.51953125 0.996942934375 0.5361328125 0.9918478265624999 0.568359375 0.9391983703125 0.603515625 0.8576766296875 0.619140625 0.7829483703125
1 0.28515625 0.592730978125 0.2548828125 0.5197010875 0.1806640625 0.46535326093749996 0.1220703125 0.46875 0.083984375 0.514605978125 0.072265625 0.551970109375 0.068359375 0.630095109375 0.0908203125 0.6997282609375 0.1240234375 0.737092390625 0.1630859375 0.7574728265624999 0.234375 0.7591711953125 0.2568359375 0.7438858703125 0.27734375 0.7116168484375 0.291015625 0.6470788046875 0.28515625 0.592730978125
1 0.73828125 0.463654890625 0.736328125 0.395720109375 0.7265625 0.3617527171875 0.7060546875 0.32608695625 0.6787109375 0.305706521875 0.6513671875 0.305706521875 0.6240234375 0.32608695625 0.599609375 0.3685461953125 0.5859375 0.41610054375 0.587890625 0.52139945625 0.6005859375 0.526494565625 0.6337890625 0.5842391296875 0.6640625 0.5961277171875 0.6962890625 0.580842390625 0.712890625 0.5587635875 0.734375 0.501019021875 0.73828125 0.463654890625
1 0.673828125 0.10699728281250001 0.6572265625 0.0747282609375 0.6279296875 0.044157609375000004 0.5908203125 0.057744565625 0.541015625 0.1341711953125 0.529296875 0.17493206562500002 0.5234375 0.22927989062499998 0.5244140625 0.27173912968749997 0.5908203125 0.2819293484375 0.6015625 0.29721467343749997 0.59765625 0.33797554375 0.607421875 0.3413722828125 0.662109375 0.2768342390625 0.681640625 0.1987092390625 0.681640625 0.1443614125 0.673828125 0.10699728281250001
1 0.1357421875 0.3125 0.1015625 0.37533967343749997 0.1015625 0.44667119531250005 0.1083984375 0.475543478125 0.1376953125 0.461956521875 0.1708984375 0.461956521875 0.236328125 0.487432065625 0.240234375 0.44667119531250005 0.228515625 0.3787364125 0.1943359375 0.3091032609375 0.1357421875 0.3125
1 0.513671875 0.0696331515625 0.4833984375 0.0033967390625 0.4306640625 0 0.4130859375 0.016983695312499998 0.37890625 0.0798233703125 0.37109375 0.123980978125 0.373046875 0.161345109375 0.4013671875 0.2309782609375 0.458984375 0.2428668484375 0.4892578125 0.2173913046875 0.50390625 0.18172554375 0.513671875 0.1205842390625 0.513671875 0.0696331515625
1 0.9287109375 0.2241847828125 0.8837890625 0.21399456562500002 0.8408203125 0.227581521875 0.806640625 0.2700407609375 0.7890625 0.3209918484375 0.7890625 0.3787364125 0.8056640625 0.4144021734375 0.8427734375 0.4449728265625 0.880859375 0.450067934375 0.9404296875 0.4279891296875 0.966796875 0.3617527171875 0.966796875 0.2904211953125 0.9287109375 0.2241847828125
1 1 0.463654890625 0.9638671875 0.43817934843749995 0.9365234375 0.43817934843749995 0.9052734375 0.45516304375 0.888671875 0.4806385875 0.8828125 0.5078125 0.880859375 0.5825407609375 0.88671875 0.6266983703125 0.9208984375 0.658967390625 0.9443359375 0.7065217390625 0.96875 0.7116168484375 1 0.6810461953125 1 0.463654890625
1 0.5478515625 0.502717390625 0.546875 0.47724184843749995 0.5556640625 0.4789402171875 0.57421875 0.4568614125 0.5703125 0.4398777171875 0.578125 0.42629076093749996 0.599609375 0.3209918484375 0.599609375 0.29721467343749997 0.5927734375 0.2853260875 0.5185546875 0.27513587031250003 0.482421875 0.31080162968749997 0.46875 0.36514945625 0.4765625 0.4976222828125 0.4873046875 0.5197010875 0.50390625 0.5180027171875 0.5244140625 0.5061141296875 0.5302734375 0.48233695625 0.5400390625 0.502717390625 0.5478515625 0.502717390625
1 0.369140625 0.1477581515625 0.373046875 0.0798233703125 0.3369140625 0.01358695625 0.3154296875 0.0237771734375 0.271484375 0.096807065625 0.248046875 0.2122961953125 0.25 0.2700407609375 0.265625 0.3515625 0.3134765625 0.4008152171875 0.333984375 0.4025135875 0.349609375 0.39232337031250003 0.365234375 0.2904211953125 0.39453125 0.23947010937500002 0.369140625 0.1477581515625
1 0.357421875 0.8271059781250001 0.36328125 0.799932065625 0.361328125 0.7252038046875 0.34765625 0.6810461953125 0.3310546875 0.658967390625 0.2958984375 0.6623641296875 0.279296875 0.721807065625 0.2470703125 0.760869565625 0.2265625 0.80672554375 0.224609375 0.878057065625 0.236328125 0.918817934375 0.2470703125 0.9341032609375001 0.267578125 0.9324048906250001 0.2900390625 0.9069293484375001 0.3154296875 0.9001358703125 0.3369140625 0.879755434375 0.357421875 0.8271059781250001
1 0.7861328125 0.21399456562500002 0.7626953125 0.190217390625 0.7197265625 0.1664402171875 0.6923828125 0.16983695625 0.685546875 0.18172554375 0.677734375 0.23947010937500002 0.68359375 0.29721467343749997 0.7138671875 0.332880434375 0.7412109375 0.3940217390625 0.759765625 0.395720109375 0.787109375 0.3821331515625 0.787109375 0.3209918484375 0.806640625 0.2564538046875 0.7861328125 0.21399456562500002
1 0.857421875 0.487432065625 0.849609375 0.463654890625 0.7919921875 0.40421195625 0.7470703125 0.4144021734375 0.732421875 0.5247961953125 0.7060546875 0.5774456515625 0.6728515625 0.5978260875 0.66015625 0.6165081515625 0.666015625 0.6538722828125 0.6884765625 0.682744565625 0.765625 0.6912364125 0.8193359375 0.6419836953125 0.849609375 0.5825407609375 0.857421875 0.5451766296875 0.857421875 0.487432065625
1 0.775390625 0.7252038046875 0.7587890625 0.696331521875 0.7314453125 0.6861413046875 0.6923828125 0.68953804375 0.6708984375 0.7065217390625 0.646484375 0.75577445625 0.630859375 0.8305027171875 0.6328125 0.878057065625 0.6474609375 0.9069293484375001 0.6787109375 0.9137228265624999 0.7041015625 0.9375 0.71875 0.9358016296875 0.734375 0.9256114125 0.748046875 0.786345109375 0.759765625 0.748980978125 0.775390625 0.7252038046875