1 0.153195340625 0.3776840875 0.09579772187499999 0.414530859375 0.068823890625 0.5062830890625001 0.06608617812499999 0.601432590625 0.07669728125 0.6736802984375 0.10617328906250001 0.7421396171875 0.1347407765625 0.7815926203125 0.18148803593750001 0.7150583171875 0.1806187703125 0.643491825 0.2142934140625 0.5539106781250001 0.18833231718750001 0.4771845625 0.18451409531250001 0.3917917265625 0.169874934375 0.377147921875 0.153195340625 0.3776840875
1 0.223416484375 0.5494410750000001 0.1881224828125 0.6201813015625001 0.1806715796875 0.6707357890625001 0.1890445609375 0.7189917546875 0.21704609062500002 0.7805379 0.240479309375 0.8094167796875 0.268757040625 0.8250142859375 0.3220602359375 0.7487233171875001 0.330221971875 0.6880034375 0.3207955921875 0.5988134078125 0.3062484984375 0.5688533890625 0.2851454703125 0.5486500359375001 0.223416484375 0.5494410750000001
1 0.26459343281250003 0.18457681718750002 0.2356576796875 0.2063886671875 0.20544513593749997 0.26045905468749997 0.192386075 0.3072163484375 0.1905176296875 0.47393234062499995 0.207539790625 0.5244956328125 0.2277871078125 0.54293663125 0.28523753749999997 0.5333338234375 0.31279087968749997 0.48929258593749997 0.29975752031249997 0.42368556562500004 0.30307474375 0.37624705937499997 0.3112364796875 0.31552717812500003 0.334274321875 0.2660626359375 0.3123548375 0.20153675468749999 0.29296323125 0.184858109375 0.26459343281250003 0.18457681718750002
1 0.033830310937500004 0 0.015413664062499999 0.2761135453125 0.067729825 0.2559366140625 0.10322151406249999 0.224368096875 0.129300378125 0.1734136875 0.1399371828125 0.1332970828125 0.14272770625 0.06539154375 0.13169552499999998 0.0271647265625 0.11279158593750001 0 0.033830310937500004 0
1 0.149297196875 0.1254390140625 0.11937440937499999 0.20336490000000002 0.1018919140625 0.22938267343750002 0.10270837031249999 0.273705203125 0.11554404062500001 0.30014051249999996 0.14724461718749998 0.322787434375 0.1875415625 0.3204977203125 0.20107451250000002 0.2669634984375 0.23066828906249998 0.2077422921875 0.23232689999999998 0.1840230375 0.21896452968750002 0.137120696875 0.1939647671875 0.1166448578125 0.149297196875 0.1254390140625
1 0.16462430781249998 0.746226909375 0.1348856546875 0.7935203671875 0.13209512968749998 0.8614259078125001 0.161808084375 0.9264967609375001 0.185478246875 0.9519871765625 0.21057007656249999 0.9571468031249999 0.24677259999999998 0.9154128921875 0.2838836453125 0.9026852968749999 0.26609784062499997 0.8350434375000001 0.2292629953125 0.8018223921875001 0.1912826828125 0.74298349375 0.16462430781249998 0.746226909375
1 0.3025373078125 0.7899210609375 0.277406221875 0.8273216109374999 0.273562296875 0.8542930875 0.284594478125 0.892519903125 0.308172575 0.9333265296875 0.3269454140625 0.9448543562499999 0.358356234375 0.9436457812500001 0.374035240625 0.9294195140625 0.381538953125 0.9061089875 0.3641349703125 0.8470064125000001 0.3623707375 0.8162377421875 0.3510095453125 0.79671560625 0.3330924171875 0.7869501328124999 0.3025373078125 0.7899210609375
1 0.387264878125 0.78222565625 0.375719553125 0.793335946875 0.366030528125 0.8198986921874999 0.3751671515625 0.8852332265625 0.4131474640625 0.9440721234374999 0.4564854328125 0.9402925421875 0.49744040156249997 0.9005934718749999 0.499809846875 0.8667088250000001 0.488250965625 0.8080149765625 0.45992042343749995 0.7651735093750001 0.387264878125 0.78222565625
1 0.2816342 0 0.27971862812500004 0.0102752421875 0.2972282328125 0.12386574218749999 0.32053012812500004 0.21062101093750002 0.351190859375 0.26213800625 0.3989522640625 0.2790979421875 0.437155965625 0.2647442375 0.4598647953125 0.233984375 0.48427149218750004 0.13694508125 0.49180090625000006 0.0012702453125 0.47554412968750004 0 0.2816342 0
1 0.41206554375 0.5115571984375 0.3563265375 0.5246847156250001 0.3490205125 0.5871669500000001 0.35892078125000004 0.6695800515625 0.3834994671875 0.7240767828125 0.4140153203125 0.7636660281250001 0.43910715156249996 0.7688256531250001 0.4888033671875 0.716117696875 0.5042846828124999 0.6627197171875 0.5076019078125 0.6152812109375 0.502651771875 0.574074659375 0.47555876406250003 0.5415348296875 0.47645373125 0.5007370078125 0.4422780875 0.4574868109375 0.41206554375 0.5115571984375
1 0.330048575 0.28449482812500004 0.3134217921875 0.31227495625 0.29999446406249997 0.4202971015625 0.3039440109375 0.44781354999999995 0.32120311562500004 0.49498837812499996 0.3338939078125 0.5094959390625 0.3843145125 0.516426725 0.41035412187500003 0.508032490625 0.42745479375000006 0.4734754328125 0.417133446875 0.42508322343750005 0.41945008125000005 0.3639546125 0.39239632812499997 0.2888546078125 0.3610775734375 0.27474696875000004 0.330048575 0.28449482812500004
1 0.5064279203125001 0.1980824984375 0.4733584875 0.2230103265625 0.44556820156250004 0.270440028125 0.43032382968749994 0.3204495421875 0.4280071953125 0.381578153125 0.443225865625 0.44393295000000005 0.463381115625 0.47769016249999996 0.49313332499999996 0.5002008421874999 0.5184621 0.501972003125 0.5537168453125 0.47379195156250004 0.572528940625 0.44275960156250005 0.5891949796875 0.3724192984375 0.591037725 0.31806761875 0.5745815203125 0.2454111828125 0.528715671875 0.2013435265625 0.5064279203125001 0.1980824984375
1 0.014084064062500002 0.281128121875 0.0030925484375 0.45231371718749996 0.0211017421875 0.4467629765625 0.061530010937500004 0.386596875 0.077248271875 0.3298104296875 0.080802440625 0.278983459375 0.07419369375 0.2614961609375 0.014084064062500002 0.281128121875
1 0.7074266171875 0.37557931093749997 0.671408228125 0.38668079375 0.6428542953124999 0.417031928125 0.6307430140625 0.450235359375 0.6288474578125001 0.4773430796875 0.6318492250000001 0.5184133859375 0.655954021875 0.5796870453125 0.6869437640625 0.6124993640625 0.738838846875 0.6263433218750001 0.7670637671875 0.614696865625 0.8004622124999999 0.571064359375 0.8123365484375 0.541249390625 0.8176021406249999 0.49394712656250006 0.8135997828124999 0.439186715625 0.7971043234375 0.40909045468749994 0.7375078375 0.3793853109375 0.7074266171875 0.37557931093749997
1 0.644701878125 1 0.6590235640625 0.9697780390625 0.6637096437500001 0.87476478125 0.6511109171875 0.84494100625 0.633430734375 0.83178706875 0.62088481875 0.8292072578124999 0.59826805625 0.8446509078125001 0.5704777703125 0.8920806078125001 0.5637905109375 0.9597136624999999 0.5801460640625 1 0.644701878125 1
1 0.5202534437499999 0.672348946875 0.497781559375 0.6997203453124999 0.48129965312499995 0.739428221875 0.4774557296875 0.7663996984375 0.50052068125 0.8565434296875001 0.49649262343749995 0.91414733125 0.518359296875 0.9514292515625 0.5497701187499999 0.9502206765625001 0.5620262781250001 0.9289449937500001 0.5779814828125 0.8687700843749999 0.6316665015625 0.8010184 0.6276113328124999 0.7190140281249999 0.618290575 0.6843119203125 0.6004655140625 0.6592302359375 0.5202534437499999 0.672348946875
1 0.6260013046874999 0.014059484375 0.6432604093750001 0.0612343125 0.6705903625 0.09038567812500001 0.703581284375 0.1505782 0.729673703125 0.1694279265625 0.7530541109375 0.17106284375 0.7834643421874999 0.15616416718749998 0.8085954281250001 0.11876361718749999 0.8238398 0.068754103125 0.8230233453125001 0.024431575 0.6260013046874999 0.014059484375
1 0.9648861 1 0.9660491390624999 0.9469819218750001 0.943418821875 0.8926214343750001 0.9026344312499999 0.8318839406249999 0.84422266875 0.785236471875 0.8058740890625 0.7876624296875 0.7513333609374999 0.8536517578125 0.722503228125 0.9299515328125001 0.7176049625 1 0.9648861 1
1 0.819903809375 0.11104179218750002 0.7895463890625 0.15318443125 0.7647443140625 0.171880303125 0.7515403765625 0.206709846875 0.7424308625 0.2809835875 0.7474338078125 0.34943409999999997 0.754898265625 0.3686837515625 0.7958667890625 0.3987888171875 0.8272776109375 0.3975802421875 0.861821521875 0.3795655875 0.89079653125 0.3151935609375 0.8991424015625 0.22384125312499997 0.8790264062500001 0.147523865625 0.8521703421875 0.111595571875 0.819903809375 0.11104179218750002
1 1 0.1688350125 0.9935061875000001 0.1623391390625 0.9673217015625 0.158805625 0.9488386171875 0.171133296875 0.91886301875 0.22181521875 0.8965888218750001 0.288358328125 0.8908493421875001 0.3424375234375 0.89395673125 0.43799575468749996 0.9077929906250001 0.478121165625 0.9429164125 0.507817503125 0.969192965625 0.49603480468749994 1 0.45018720312499994 1 0.1688350125
1 1 0.46640566562499997 0.99275750625 0.46703729687499995 0.9563180390625 0.5121596703125 0.9253811078125 0.5065913156249999 0.9133618921875 0.5244785359375 0.9000658874999999 0.57462429375 0.9018829328125 0.6326369234375 0.9175754921875001 0.6882147921875 0.928699740625 0.7111253953125 0.972854165625 0.7516683421875 0.9836886578125 0.7507234484375 1 0.5174603921875 1 0.46640566562499997
1 0.6621688 0.7708035093750001 0.6426458703125 0.8120012531249999 0.6434095156249999 0.8290798203125 0.6654210671875 0.8782894890625 0.661919709375 0.9563604234374999 0.6700950015625 0.965444678125 0.6958976640625 0.9604389093749999 0.71836955 0.9330675109375001 0.7372209 0.8594749859374999 0.7295587546875 0.8010536265624999 0.7113518703125 0.7674326578125 0.697331478125 0.757939671875 0.6621688 0.7708035093750001
1 0.8167071734375 0.534744946875 0.7772794937499999 0.6086011515624999 0.7607447765625001 0.6210650671875 0.7076649703125 0.62416343125 0.677201928125 0.6118181484375 0.6655252796875 0.680804825 0.6719498921875 0.72892455 0.67965129375 0.7447857359375 0.71253659375 0.750490334375 0.749307178125 0.7979621359375 0.7707707171875 0.8077155656249999 0.8292016859375 0.7620533843749999 0.8528054828125 0.6904956999999999 0.8580710734375 0.6431934359375 0.8484605609375 0.58463583125 0.8225522749999999 0.5351536765625 0.8167071734375 0.534744946875
1 1 0.0366038296875 0.8825670203125 0.02689275625 0.8685994375 0.044643732812499996 0.86723058125 0.09221848437499999 0.8945212781249999 0.163930025 0.9230359531250001 0.17613906562499998 1 0.1001124609375 1 0.0366038296875
1 0.5828367328125 0.421347675 0.560891546875 0.46918610625 0.5331933265625 0.50129959375 0.5286385703125001 0.5384364640625 0.5102082968749999 0.578008096875 0.5105508640624999 0.6291075562499999 0.5177783765624999 0.651745671875 0.5406848953125001 0.66015751875 0.5847336984375 0.6462125421875 0.61780313125 0.6212847140625 0.6429342171875 0.5838841640625 0.644592828125 0.5601649109375 0.6267149562500001 0.5078392625 0.6265565234375 0.42610737656250003 0.6133918421875 0.4183767453125 0.5828367328125 0.421347675
1 0.5627721390625 0.12030166406250001 0.54077414375 0.14089613125 0.52942650625 0.19117813125 0.5741996984375 0.2368718984375 0.5865614796874999 0.2700841375 0.5946975140624999 0.3217285703125 0.59338146875 0.39654728281249996 0.634205115625 0.4147246 0.6779641625 0.376924128125 0.7139825531249999 0.3658226453125 0.723947778125 0.2933112578125 0.717760109375 0.24180307031249998 0.7005010046875 0.19462824375 0.6704590406250001 0.14826206718749999 0.63447990625 0.116803375 0.5627721390625 0.12030166406250001
1 0.5201707046874999 0.0015515375 0.5181302703124999 0.016731507812499997 0.5468954453125 0.09535622031249999 0.571039496875 0.11406970624999999 0.604161740625 0.1163858390625 0.6321497171875 0.10812784687500002 0.652673234375 0.08062020625 0.6301877953125 0.038187467187500004 0.62428988125 0.0105347765625 0.5201707046874999 0.0015515375