1 0.8309512124999999 0.71327054375 0.84796689375 0.6647591828125 0.897787171875 0.6264335046875 0.9029223906249999 0.5751433703125 0.8977720546875 0.5141880765625 0.87010015625 0.4340046828125 0.828777640625 0.37324439374999996 0.7807224796875001 0.3519530546875 0.7418912843750001 0.3573895109375 0.7140567328125 0.3860594625 0.69774961875 0.42943159062499997 0.69598198125 0.4703410359375 0.683222740625 0.5254321296875 0.6905012968750001 0.5896772890624999 0.726150240625 0.6541363203125 0.7733215812500001 0.69588238125 0.8123330671875 0.7125455796875 0.8309512124999999 0.71327054375
1 1 0.7401017828125 0.94939020625 0.6594438109375 0.9187113078125 0.63384041875 0.899029053125 0.6314705218750001 0.848144665625 0.6681512656249999 0.833610228125 0.708029090625 0.83414858125 0.755620484375 0.8538409140625 0.8328206687499999 0.9045676874999999 0.9424084125000001 0.9278003359375001 0.9752048468750001 1 0.9714210218750001 1 0.7401017828125
1 0.9835464265624999 0.17295416875 0.9429400359375 0.1631773578125 0.8970181343749999 0.18259102656249998 0.8739708171875 0.20930938906250002 0.8659962921875 0.24374132343750002 0.8651225515625001 0.33902633125000003 0.8750576046875 0.379322465625 0.8931499921875 0.42599389218750006 0.9390844921875001 0.50011808125 0.9988448625 0.53950368125 0.9835464265624999 0.17295416875
1 0.8680519390624999 0 0.857813759375 0.050290314062499994 0.87130424375 0.1584281296875 0.86156208125 0.233769509375 0.8764520609374999 0.2006758515625 0.8987908109375 0.1790967234375 0.9370886921875 0.1634840140625 0.983190884375 0.1661700015625 0.9736341796874999 0 0.8680519390624999 0
1 0.7286642390625 0.8887012109375 0.7681989609375 0.8407103734374999 0.7775906203125 0.7959999703125 0.7749240453125 0.745118709375 0.754525665625 0.691765334375 0.7160424546875 0.64786324375 0.6578795093750001 0.6202988296874999 0.5839402453125 0.627575221875 0.5708204218749999 0.6384670046875 0.561248471875 0.6610777546875 0.5593030625 0.698595115625 0.5594858734375 0.7394023421875 0.5671149343749999 0.7730165265625 0.6885911625000001 0.8891006499999999 0.7286642390625 0.8887012109375
1 0.7325777328124999 0.9820346296875 0.67546881875 0.8812848609374999 0.63184283125 0.8325501937500001 0.57882014375 0.7911107859375 0.5414060828125 0.786268771875 0.5187117890625 0.8010637328125 0.5089620671875 0.8202823968749999 0.48202141249999997 0.9033279125 0.48681620625 0.9574990390625 0.5065035 0.997284078125 0.7325777328124999 0.9820346296875
1 0.4330899921875 0.958614009375 0.4719161484375 0.915762409375 0.5103792015625 0.8100039265625 0.5369693515625 0.7575893859375 0.5481336875 0.7093846796875 0.548479153125 0.6413385625 0.5199209171875 0.5629023203125 0.4915480109375 0.543980878125 0.47293238593750003 0.561963484375 0.44934923437499996 0.559798025 0.4337506875 0.5980309171875 0.42204799687500005 0.5986442296875001 0.40733326875 0.6164223984375 0.34901522812499997 0.7538340421874999 0.3371448453125 0.82588555625 0.3391003328125 0.8631984796875001 0.3747517953125 0.9463650828124999 0.4031247015625 0.965286525 0.4330899921875 0.958614009375
1 0.28821846406249996 0.9185867968749999 0.3164060390625 0.877993440625 0.339801340625 0.80193653125 0.342275025 0.7371802781250001 0.3200989296875 0.6499060625 0.27593458593750003 0.5535799984375 0.2310667171875 0.4998083125 0.2028715828125 0.48427895468750004 0.1814166515625 0.48540335937499995 0.13461093125 0.52527175 0.11741495937499999 0.5516834578124999 0.10784552812499999 0.593001778125 0.11246758906250001 0.6811959625 0.134999228125 0.7752543468749999 0.1639104890625 0.841767184375 0.1988483453125 0.8926578796875001 0.2524018265625 0.9255659671875 0.28821846406249996 0.9185867968749999
1 0.40697772499999996 0.60963823125 0.44243377968750003 0.5584597484375 0.455726334375 0.51354490625 0.44685791249999995 0.493601278125 0.4654735375 0.47561867031249994 0.4737985671875 0.41055576250000003 0.472193584375 0.3426118625 0.4603080828125 0.302417946875 0.437784003125 0.26448227812499997 0.3971750921875 0.2359978953125 0.3626003375 0.2480140828125 0.320228828125 0.2978542890625 0.2893847578125 0.3623966703125 0.2755639265625 0.4345504015625 0.278408271875 0.48882374687499996 0.2947279828125 0.5389894749999999 0.338356490625 0.606431715625 0.3693884125 0.620111703125 0.40697772499999996 0.60963823125
1 0.630573234375 0.621729890625 0.6569881328125 0.5846308375 0.6743543171875 0.5054885 0.6723887515625 0.393345290625 0.6567750875 0.3193327546875 0.591689128125 0.2343073484375 0.56366420625 0.16604735937499998 0.545754628125 0.160183159375 0.5040891671875001 0.18617655625 0.47820758281250003 0.2334518625 0.46952700937499997 0.291730603125 0.4773439203125 0.4035671578125 0.49828065468749994 0.504511928125 0.5138892796875 0.5411093203124999 0.5488271375 0.592000015625 0.5865992609374999 0.62233376875 0.630573234375 0.621729890625
1 0.584801853125 0 0.568786828125 0.021219367187499998 0.5608123015625 0.0556513 0.5625950578125 0.1269872828125 0.571646290625 0.1877381390625 0.6349620921875 0.2949654203125 0.688515575 0.3278735078125 0.7381631203125 0.3235708890625 0.7636891609375 0.269511415625 0.7729030484375 0.22140892812500002 0.76491340625 0.143595434375 0.731567934375 0.06711078125 0.68900605625 0.020021043750000002 0.6584270359375 0 0.584801853125 0
1 0.779122534375 0.32142429687499996 0.82025468125 0.285254646875 0.861912584375 0.2031385328125 0.8682922046874999 0.1755929859375 0.8677538515625001 0.128001590625 0.8514341390625001 0.07783586249999999 0.8227031703125001 0.03342268125 0.78298311875 0.021898715625000002 0.739014184375 0.0599177375 0.7697031609375 0.160351415625 0.7743201828124999 0.21113045625 0.7654618375 0.2660171140625 0.745078575 0.324909165625 0.779122534375 0.32142429687499996
1 0.25021565625000003 0.492001959375 0.27166806875 0.47216998125 0.28761208125 0.36589097187499997 0.31508605 0.293021709375 0.3136588375 0.22846989374999999 0.30478537656250004 0.171111121875 0.26860311875 0.0964758390625 0.24625932968750003 0.080639825 0.2170026046875 0.0821731046875 0.1760482296875 0.1217348390625 0.14751015 0.1929591703125 0.13493371875 0.288857490625 0.139022465625 0.3668754234375 0.1542805875 0.43410379062500004 0.176626896875 0.468647378125 0.22379571875 0.49168586875000003 0.25021565625000003 0.492001959375
1 0.48690704218749997 0 0.34802810625 0.0072783359375 0.3400510609375 0.0230026984375 0.33367647968749997 0.0879633890625 0.35088505 0.1550895375 0.3840502296875 0.2094745359375 0.4274959265625 0.236109546875 0.45391586406249995 0.2364256375 0.482105959375 0.2145398546875 0.5184458328125 0.1429066484375 0.5239365953124999 0.0984006828125 0.520914478125 0.040735253124999996 0.5083064421875 0 0.48690704218749997 0
1 0.115499784375 0.8136916781249999 0.11283321093750001 0.7628104171875 0.0963357265625 0.709252603125 0.07203897031249999 0.674811234375 0.029835154687499997 0.6532132390625 0.007493884375 0.656084796875 0.0226044703125 0.9444119375 0.054520209374999996 0.9376372046875 0.080582084375 0.9124615531250001 0.106108125 0.8584020812500001 0.115499784375 0.8136916781249999
1 0.12111036875 0.34230365156250003 0.13511652968750001 0.3296647171875 0.13670135625 0.24794804374999999 0.14414256718750001 0.203339859375 0.16257538124999998 0.144550025 0.1857979515625 0.10251617500000001 0.164868775 0.05769411875 0.13436765 0.035482809375 0.087201346875 0.0311518890625 0.0590112515625 0.0530376734375 0.0311792203125 0.100415196875 0.0166473015625 0.15900059375 0.017363428125 0.20998407187499998 0.030315557812499998 0.27053049218749997 0.067381634375 0.3247110515625 0.096640878125 0.34188534375 0.12111036875 0.34230365156250003