1 0.37109375 0.748980978125 0.3515625 0.6946331515625 0.3212890625 0.6487771734375001 0.2880859375 0.631793478125 0.2529296875 0.6419836953125 0.234375 0.6640625 0.212890625 0.721807065625 0.205078125 0.7659646734375001 0.208984375 0.8135190218749999 0.220703125 0.8508831515624999 0.2412109375 0.8831521734375001 0.2724609375 0.9069293484375001 0.3125 0.9086277171875 0.3310546875 0.9001358703125 0.365234375 0.8474864125 0.375 0.80672554375 0.37109375 0.748980978125
1 0.53515625 0.7455842390625 0.533203125 0.6912364125 0.5234375 0.6538722828125 0.4990234375 0.604619565625 0.4736328125 0.5842391296875 0.4365234375 0.5944293484375 0.3896484375 0.6351902171875 0.373046875 0.6674592390625 0.365234375 0.7184103265624999 0.384765625 0.8237092390624999 0.4208984375 0.879755434375 0.46484375 0.8950407609375001 0.4931640625 0.879755434375 0.513671875 0.8474864125 0.525390625 0.8135190218749999 0.53515625 0.7455842390625
1 0.4404296875 0.553668478125 0.4091796875 0.53328804375 0.3818359375 0.53328804375 0.3447265625 0.5570652171875 0.326171875 0.5859375 0.310546875 0.6368885875 0.365234375 0.7150135875 0.369140625 0.6810461953125 0.3837890625 0.6419836953125 0.455078125 0.5825407609375 0.4404296875 0.553668478125
1 0.6552734375 0.709918478125 0.662109375 0.684442934375 0.662109375 0.6131114125 0.65234375 0.57235054375 0.6259765625 0.53328804375 0.5751953125 0.4925271734375 0.5478515625 0.48573369531250005 0.5185546875 0.5061141296875 0.49609375 0.5485733703125 0.490234375 0.592730978125 0.5234375 0.65047554375 0.541015625 0.72860054375 0.5693359375 0.696331521875 0.5927734375 0.6861413046875 0.6181640625 0.6861413046875 0.6552734375 0.709918478125
1 0.677734375 0.7727581515625 0.666015625 0.735394021875 0.6396484375 0.6997282609375 0.6103515625 0.6861413046875 0.5712890625 0.696331521875 0.54296875 0.7319972828125 0.53125 0.7693614125 0.53125 0.8440896734375001 0.5693359375 0.9137228265624999 0.6044921875 0.9408967390624999 0.634765625 0.9425951093749999 0.6552734375 0.9307065218749999 0.6796875 0.88485054375 0.68359375 0.8135190218749999 0.677734375 0.7727581515625
2 0.94921875 0.38892662968749997 0.947265625 0.44667119531250005 0.939453125 0.47724184843749995 0.94140625 0.5621603265624999 0.9453125 0.5825407609375 0.955078125 0.5893342390625 1 0.5689538046875 0.9990234375 0.346467390625 0.9697265625 0.3600543484375 0.94921875 0.38892662968749997
0 0.673828125 0.5859375 0.6552734375 0.5638586953125 0.65234375 0.57235054375 0.6640625 0.6233016296875 0.658203125 0.7184103265624999 0.68359375 0.799932065625 0.68359375 0.8712635875 0.69921875 0.8746603265624999 0.71875 0.840692934375 0.716796875 0.7829483703125 0.689453125 0.6402853265624999 0.673828125 0.5859375
0 0.720703125 0.5689538046875 0.72265625 0.5485733703125 0.7177734375 0.540081521875 0.6943359375 0.540081521875 0.6875 0.5485733703125 0.681640625 0.6131114125 0.716796875 0.7829483703125 0.7275390625 0.7982336953125 0.7421875 0.7965353265624999 0.7578125 0.7693614125 0.759765625 0.735394021875 0.736328125 0.59952445625 0.720703125 0.5689538046875
0 0.822265625 0.6810461953125 0.814453125 0.6131114125 0.7861328125 0.5366847828125 0.7568359375 0.5366847828125 0.748046875 0.551970109375 0.76171875 0.5893342390625 0.74609375 0.59952445625 0.759765625 0.7116168484375 0.75390625 0.83389945625 0.76171875 0.8440896734375001 0.7802734375 0.8288043484375001 0.8056640625 0.838994565625 0.8203125 0.7659646734375001 0.822265625 0.6810461953125
0 0.8505859375 0.5298913046875 0.8212890625 0.5298913046875 0.806640625 0.5553668484375 0.818359375 0.6266983703125 0.8544921875 0.709918478125 0.8759765625 0.7336956515625 0.890625 0.7319972828125 0.900390625 0.7184103265624999 0.900390625 0.6810461953125 0.859375 0.5451766296875 0.8505859375 0.5298913046875
0 0.9072265625 0.658967390625 0.900390625 0.6402853265624999 0.9052734375 0.6283967390625 0.9267578125 0.631793478125 0.927734375 0.6131114125 0.9072265625 0.5570652171875 0.8818359375 0.5502717390625 0.873046875 0.5587635875 0.87109375 0.5859375 0.896484375 0.657269021875 0.90234375 0.7150135875 0.8916015625 0.7336956515625 0.876953125 0.735394021875 0.876953125 0.799932065625 0.8837890625 0.8186141296875 0.908203125 0.8271059781250001 0.91796875 0.8135190218749999 0.92578125 0.7727581515625 0.927734375 0.6674592390625 0.9072265625 0.658967390625
2 1 0.31080162968749997 0.9921875 0.2904211953125 0.9814453125 0.27513587031250003 0.9482421875 0.2615489125 0.9287109375 0.234375 0.9033203125 0.2309782609375 0.8896484375 0.241168478125 0.8828125 0.2564538046875 0.896484375 0.2734375 0.8984375 0.29721467343749997 0.919921875 0.3481657609375 0.9326171875 0.356657609375 0.9375 0.3345788046875 0.9443359375 0.332880434375 0.953125 0.37533967343749997 1 0.3413722828125 1 0.31080162968749997
2 0.884282265625 0.2469099703125 0.91781418125 0.2228986390625 0.9537130859375 0.215352246875 0.9667314031249999 0.200259353125 0.9797497203125 0.1522366515625 0.9986853828125 0.1481204078125 0.9971075328125 0.1069581328125 0.9726488359375001 0.0754003375 0.9418783078124999 0.060993518749999996 0.9051904343749999 0.057563334375 0.88467675 0.0699120296875 0.8590346875 0.09323733906250001 0.8436493796875 0.1254811765625 0.83484504375 0.1685674734375 0.855878728125 0.193398984375 0.8625851296875 0.22084049687500001 0.884282265625 0.2469099703125