1 0.138211715625 0.07015028281249999 0.106115684375 0.0854752046875 0.07578981093750001 0.1230020015625 0.05982564218750001 0.1663835609375 0.05520861875000001 0.21716260312500002 0.06743454531250001 0.28242995 0.0821467546875 0.318915690625 0.1082086296875 0.3440913390625 0.1294857890625 0.348607828125 0.16548271718750002 0.3334873453125 0.20042057343750003 0.28259665156249997 0.218335190625 0.2393173078125 0.22525820468750002 0.181856315625 0.21941189843750003 0.1441345171875 0.191935409375 0.0899728265625 0.168354778125 0.0734307140625 0.138211715625 0.07015028281249999
1 0.28112271718750004 0.1048511375 0.2422839640625 0.15553739375 0.226853109375 0.18874270312500002 0.214251484375 0.2799200953125 0.2250602765625 0.334908971875 0.24225624843750002 0.36132067968750003 0.2871115203125 0.40108685 0.318140921875 0.40611443437499994 0.3342778234375 0.39675593125 0.36957122343750004 0.33908106875 0.3818122671875 0.2921029859375 0.384123296875 0.24800589374999998 0.377748715625 0.183045203125 0.3662288375 0.141624665625 0.3417643859375 0.10462783125 0.3178282125 0.0948698875 0.28112271718750004 0.1048511375
1 0.1603399390625 0.3383199234375 0.16778115 0.382928109375 0.1826711296875 0.41602176718750006 0.21050568281249998 0.44469171875 0.2530600015625 0.453724696875 0.29898946249999997 0.41701565 0.3005868875 0.40519446718749996 0.281437946875 0.39738811093750004 0.233037321875 0.350633334375 0.21673020781250002 0.30726120625000003 0.2149625703125 0.2663517609375 0.1603399390625 0.3383199234375
1 0.3848293453125 0.2718527 0.3716994421875 0.335791203125 0.33729238125 0.3952132171875 0.34402250625 0.4533897390625 0.360862934375 0.48658561562499997 0.383201684375 0.5081647421875 0.404656615625 0.5092891484375001 0.4674315453125 0.468360834375 0.49793519062499997 0.4274419546875 0.510176234375 0.380463871875 0.5130205796875 0.326190528125 0.5045152578125001 0.283227275 0.4639063484375 0.31171165625 0.43269917500000005 0.31007615781250003 0.3908584609375 0.268767271875 0.3848293453125 0.2718527
1 0.4635860796875 0.056589825 0.4251053890625 0.0817843421875 0.387861540625 0.1393569875 0.3827061640625 0.23772742343750003 0.39724060156249996 0.2776052484375 0.4194015796875 0.302576459375 0.46000545156249995 0.3115072203125 0.4800432484375 0.3023531546875 0.505757140625 0.2781902578125 0.5259777484375 0.228228965625 0.5336068093749999 0.19461478125 0.533794659375 0.1163924109375 0.5173097734375001 0.0764123671875 0.49000601718750003 0.056273734374999995 0.4635860796875 0.056589825
0 0.538757146875 0.1336594875 0.5330734953125 0.2047910328125 0.5077075875 0.2782924765625 0.5142599406249999 0.33986108125 0.50715915625 0.4007141578125 0.48605220937500004 0.44892829843750004 0.4582100984375 0.4763810609375 0.4679598203125 0.49559972500000005 0.4897702953125 0.48993996093750003 0.4973968359375 0.47503335 0.4929676640625 0.44759002031249995 0.52577478125 0.4186967640625 0.55717484375 0.30469475 0.5759883968749999 0.1696247015625 0.5669497609375 0.1368377 0.5547162765625 0.12769306875 0.538757146875 0.1336594875
0 0.5805928203125 0.2123835171875 0.570838059375 0.2305799953125 0.5593030625 0.301404884375 0.534998746875 0.3919689671875 0.5420818953125 0.462068890625 0.5713386203125 0.46360217031250006 0.5716966828125 0.43811043125 0.5938677390625 0.388251359375 0.6162266468750001 0.2601699140625 0.6119752453125 0.22933450312499998 0.5974382890625 0.2081642484375 0.5805928203125 0.2123835171875
0 0.611096465625 0.17146463750000002 0.6100298359375 0.191817140625 0.616399378125 0.2941929734375 0.600958446875 0.40222856875 0.6139004984375 0.4165124359375 0.613011640625 0.43347285468749996 0.6025483125 0.4465300984375 0.6018372265624999 0.46009843593750005 0.611942490625 0.47253293125000007 0.6353478703125 0.47375955468750003 0.6488257578125001 0.459159596875 0.6724189875000001 0.3821638515625 0.6775794015625001 0.24637827343750002 0.6650004515625 0.16918752343750001 0.6332599640625001 0.1777282765625 0.6173033546875 0.16498712499999998 0.611096465625 0.17146463750000002
0 0.7316561203124999 0.2781242203125 0.6992020265625001 0.31894088125 0.674369434375 0.3822660703125 0.660883990625 0.4529887421875 0.674179065625 0.4791960125 0.699357121875 0.4839169390625 0.7085785687499999 0.4758967140625 0.7348333328125001 0.3854348484375 0.7477804234375001 0.3623035734375 0.7548812093749999 0.3014504984375 0.7403442515624999 0.2802802453125 0.7316561203124999 0.2781242203125
0 0.732527340625 0.39211680000000004 0.72418719375 0.43929931875 0.73003601875 0.45831354687500003 0.7433336140625 0.4658132453125 0.75929274375 0.4598468265625 0.7796886046875 0.425201021875 0.78235021875 0.3897086609375 0.76917415625 0.3622259578125 0.7822882984375 0.3155115609375 0.7826902875 0.255078421875 0.7736373000000001 0.194149615625 0.7568768218749999 0.1898364203125 0.74785185625 0.1886764796875 0.7372480140625 0.21010410781250002 0.733948909375 0.24290628124999997 0.7359146921875 0.2732363703125 0.7551435234375 0.29828835625 0.7493699375 0.3556922046875 0.732527340625 0.39211680000000004
2 0.9167558203124999 0.40347250468749996 0.8958291640624999 0.429586990625 0.8655058109375 0.44840621562500005 0.83021996875 0.4499583625 0.8055752281249999 0.435061184375 0.7981264578125 0.44657571249999994 0.79048731875 0.5550201828125 0.7988098296875 0.6387906625 0.8360410796875 0.6747558765624999 0.8690209281250001 0.679885678125 0.9032451796875 0.6612708890625 0.9252359453125001 0.6335114734375 0.9459898687500001 0.573373928125 0.948839253125 0.4816854421875 0.9429929484375 0.4439636421875 0.9254439515625 0.40562853125 0.9167558203124999 0.40347250468749996
2 1 0.4180067421875 0.985730078125 0.41218939375 0.9711906015625 0.4097267109375 0.9568238578124999 0.4412870890625 0.9486564421875 0.5224926671875 0.953613890625 0.5771748875 0.9915486687499999 0.655694478125 1 0.506263440625 1 0.4180067421875
2 0.7971114328125 0.6676135578125 0.789484890625 0.682520171875 0.780796759375 0.6803641453125 0.77884883125 0.6615543546875 0.7637760390625 0.669267925 0.74036058125 0.7428715875 0.729897253125 0.7559288296875 0.7339734015625 0.7714487546875 0.7488659015625 0.7858348390625001 0.772449053125 0.7836693796875001 0.7974543781250001 0.7543672484374999 0.8272444171875 0.7457242765625 0.844445428125 0.734720840625 0.8510053390625 0.74016673125 0.8628858015624999 0.737387959375 0.8701568 0.7292655156250001 0.8772525453125001 0.70582758125 0.8737097109375 0.68013140625 0.8386016421875 0.6782914703125 0.7985336046875 0.6404768875 0.7971114328125 0.6676135578125
2 0.704348525 0.9207782609375 0.7340705515625 0.9491281375 0.7593893171875 0.9635076640625 0.793879596875 0.9536365625000001 0.829516896875 0.9369557703125 0.8548096453125 0.876453096875 0.8286311812499999 0.8634025031249999 0.8131254421874999 0.8502242375 0.8164246296875 0.8174220734375 0.80045515 0.7904798984375 0.7822973328125 0.7902152890624999 0.750316340625 0.782356415625 0.719698715625 0.756020528125 0.7115304296875 0.7762018375 0.7172931140625 0.801922134375 0.690642953125 0.8355614156250001 0.6866985750000001 0.873138628125 0.704348525 0.9207782609375
2 0.9773070515625 0.7777649578125 0.953640065625 0.7318709109375 0.9276061421874999 0.708523140625 0.894154071875 0.721196634375 0.87954200625 0.7211178125 0.856546053125 0.7453308921875 0.8302917578125 0.7638773921875 0.8275311359374999 0.7864030718749999 0.8399931296875 0.7973608921875 0.8472237921874999 0.82521900625 0.8690668625000001 0.8531560031250001 0.8823145609375 0.8792684953125001 0.9118599953125001 0.8883737296875 0.9588162078125 0.85923349375 0.9836558390624999 0.8176547624999999 0.9773070515625 0.7777649578125
2 0.990073125 0.654777578125 0.9664768531249999 0.6150700984374999 0.9480727359375001 0.58181755 0.9328112828125 0.616740690625 0.923243728125 0.65608409375 0.9290762125 0.695547615625 0.941895153125 0.7147678921875 0.9643873515625 0.707702909375 0.9879941656250001 0.7348745828125 0.990073125 0.654777578125