1 0.8984836296875001 0.281776659375 0.89109484375 0.21354244531250002 0.8593661390625 0.1427588578125 0.8328688578125 0.11804188593750001 0.8046250703125001 0.11535618593750001 0.77774049375 0.129712 0.74978901875 0.17461984218749999 0.7280725453125 0.2928198203125 0.7393652015625001 0.3611903609375 0.76033065 0.4044076109375 0.7773053453125 0.421994428125 0.8025619578125 0.42627521875 0.8727764015625 0.3743462078125 0.8929201375 0.3291657125 0.8984836296875001 0.281776659375
1 1 0.11209646718749999 0.9711322843750001 0.10417669843749999 0.94241431875 0.11506967812499999 0.910558971875 0.15984119531250002 0.8975433718750001 0.1967735859375 0.8956466593749999 0.2510883046875 0.9039838031249999 0.2921651578125 0.9377829859375 0.359622240625 0.9683026828125 0.38108086874999997 0.9917259046875 0.381898825 1 0.37677298124999997 1 0.11209646718749999
1 0.7310913796875 0.26233595468750004 0.7409143765625 0.20489921875 0.738551584375 0.160632184375 0.7029190109375001 0.08971226875 0.672517859375 0.064858971875 0.6403702 0.0620369453125 0.6215304546875 0.06987607031250001 0.5933418890625 0.121573253125 0.5870671296875 0.189330325 0.5916189453125 0.226876184375 0.6055748046875 0.2749468671875 0.6232291046875 0.3010544421875 0.653867346875 0.31911839999999997 0.6911912046875 0.313624159375 0.7133737578125 0.2940059328125 0.7310913796875 0.26233595468750004
1 0.7514243484375001 0.463575765625 0.7611288015625 0.4095336984375 0.7375318109375 0.35772752812499997 0.7263576984375 0.28596231875 0.7205018921875 0.28575782968749996 0.6753386328125 0.31986819375 0.6403223437500001 0.31524658906249997 0.6062544109375 0.283467625 0.5913737593749999 0.3458259578125 0.5981698234375 0.431033521875 0.6231576859375 0.4709924265625 0.6801746640624999 0.5171680296875001 0.7054312781250001 0.5214488187499999 0.723472871875 0.5084836078125 0.7514243484375001 0.463575765625
1 0.898246540625 0.288566 0.8906125687499999 0.339281559375 0.8707059218750001 0.37767271406249997 0.7955523671875 0.43112865312500004 0.8263960375 0.47129204687500004 0.8495821703124999 0.47889934375000004 0.8810502234375001 0.47320061406249997 0.915300021875 0.44380735781249997 0.9353252124999999 0.4020215328125 0.9423664625000001 0.368279321875 0.898246540625 0.288566
0 0.3714611234375 0.263372628125 0.3572048546875 0.2798688359375 0.353474753125 0.330720721875 0.3731045515625 0.44016811562499997 0.3847845015625 0.46946587031250003 0.416134009375 0.46716181093750003 0.43006630625 0.43196083593749995 0.42587012343749997 0.38423096874999996 0.4016251859375 0.29501526718750004 0.38213749531249996 0.2654448609375 0.3714611234375 0.263372628125
0 0.5162047390625 0.2038498046875 0.5018299265625 0.2237406828125 0.494788675 0.2574828921875 0.5035918984375 0.3971415015625 0.5216887156250001 0.43855917031249997 0.519942209375 0.46059044374999997 0.5453173671875 0.46147656406250004 0.560790740625 0.38214488125 0.5444168671875 0.23542428124999998 0.5327369156249999 0.2061265265625 0.5162047390625 0.2038498046875
0 0.6277411640625 0.479649509375 0.59988466875 0.43789102343749997 0.593025284375 0.4104610125 0.5917293921875 0.3356419484375 0.60362286875 0.2748787046875 0.5897855546875 0.2234133515625 0.5887267515625 0.1418049453125 0.5785245578125 0.12615403593750002 0.5677296421875 0.127476471875 0.55359191875 0.1405780109375 0.544835821875 0.16746271875000002 0.55121293125 0.32063184375 0.5672944921874999 0.41975890156249995 0.5966604046875 0.44627545468749996 0.5990548578125 0.4616537140625 0.5908914828125 0.471565071875 0.592369240625 0.48521191406249997 0.6122125656249999 0.5045983109375001 0.6277411640625 0.479649509375
0 0.5098195328124999 0.1628411140625 0.48122011093749995 0.170339421875 0.45723582656249995 0.157606040625 0.43498995156250003 0.2350018171875 0.424748 0.36040011562499996 0.44301858593750004 0.4528059984375 0.45724319375 0.465198565625 0.47883302499999997 0.4625536890625 0.48815018437499996 0.44758440781250003 0.4817649765625 0.4065757171875 0.4918802859375 0.3967325234375 0.4923625625 0.270993409375 0.5098195328124999 0.1628411140625
0 0.3754835390625 0.260114284375 0.3817582984375 0.19235721249999999 0.36800786875 0.1663859640625 0.3533090828125 0.1675720765625 0.3410047484375 0.184136446875 0.3230183765625 0.2514845421875 0.3120651578125 0.39725085937500004 0.331078671875 0.44039994531250004 0.3563352859375 0.44468073593749996 0.3657709890625 0.426316784375 0.367074978125 0.388975415625 0.3532376640625 0.3375100625 0.355134375 0.28319534218750003 0.3754835390625 0.260114284375
2 0.28525936875 0.5492612125 0.2918264421875 0.5290976828125 0.2918345390625 0.41693724843749996 0.265187053125 0.424503721875 0.22052963281250001 0.41614663125 0.1724741796875 0.365185759375 0.149698903125 0.4017773328125 0.1408242609375 0.432056709375 0.133719690625 0.5235764734374999 0.145130890625 0.5885523421875 0.16816682031250002 0.628443084375 0.20063845156250001 0.6499698781250001 0.23393989375 0.6477339796875 0.270023084375 0.6218035546875 0.28602585937499997 0.5832760734375 0.28525936875 0.5492612125
2 0 0.6105224609375 0.023486525 0.6301883562499999 0.047320604687500004 0.6752051859375 0.057080281249999996 0.6755460015625 0.068349375 0.6606448828125 0.07562771406249999 0.6201133343749999 0.11472973906249999 0.56369904375 0.129697275 0.5268348171875 0.1371574796875 0.42513104375 0.12228492656250001 0.37532894375 0.06763074062499999 0.373420378125 0.01862693125 0.34961686406250003 0.0041335734375 0.3729024140625 0 0.491272459375 0 0.6105224609375
2 0 0.6810796671875 0.012952260937499998 0.7079931125 0.037734696875 0.7258525828125 0.06713226875 0.723480359375 0.095052084375 0.7074612921875 0.1035710921875 0.687365925 0.12137559843750001 0.681190053125 0.13873758593750002 0.659704084375 0.10251228906250001 0.6057575203125001 0.13669876718750001 0.6341418156249999 0.147612228125 0.6294247078125 0.15027542968750002 0.6091248515625 0.136556659375 0.554264828125 0.1270340734375 0.5471346734375 0.07550916875 0.6235080046875 0.0611026953125 0.6722876578125 0.043535278125 0.671674190625 0.021534590625 0.6301201937500001 0 0.6133387609375001 0 0.6810796671875
2 0.23108672968750002 0.8413664921875 0.22884248125 0.7937047859375 0.2070155609375 0.803139003125 0.1945057984375 0.7976039375 0.2252073609375 0.7578903453125 0.19539893125000002 0.716063696875 0.18315791875 0.6748505140625001 0.18972499062499998 0.654686984375 0.16426295 0.6283067578125 0.14968270781249998 0.6260982015625001 0.139330309375 0.642730734375 0.143676696875 0.6581771578125 0.1233275328125 0.681258215625 0.0917409359375 0.6903516171875 0.06390800468749999 0.7318647890625 0.07177096875 0.7865203234375 0.0966402890625 0.8298738999999999 0.136682571875 0.8584626828124999 0.20204479062499997 0.8335547062499999 0.23108672968750002 0.8413664921875
2 0.290300828125 0.7686604828125 0.3291341046875 0.7479243078125 0.3314416734375 0.7378084609375 0.32203763125 0.7272836359375 0.30903012812499997 0.6520555921875 0.2967574546875 0.6397311875 0.28616796718750004 0.6631530625 0.28238264062499996 0.6596220671874999 0.2759657734375 0.64750215 0.27508073906249997 0.616881959375 0.23784376406250002 0.64787030625 0.1947826453125 0.6497653890625 0.187417421875 0.6648028312500001 0.195517475 0.7126690265625 0.229229775 0.754632 0.20713410468750001 0.7997443328125 0.23091296093749997 0.7903782796875001 0.251262125 0.7672972203125 0.2859227796875 0.7821028359375 0.290300828125 0.7686604828125
2 0.2863255390625 0.9384621421875 0.3261940546875 0.9160627140625 0.3479340921875 0.8811343921875 0.3595904796875 0.8271604874999999 0.3600646578125 0.813581809375 0.3414936609375 0.78574281875 0.3427976515625 0.7484014484375 0.33315651874999996 0.7446659640625 0.2839708453125 0.782034671875 0.2491916453125 0.770623728125 0.2339001359375 0.7887831890625 0.2330386640625 0.8414346546875 0.20399672500000002 0.83362286875 0.191012784375 0.841666484375 0.1973979921875 0.8826751749999999 0.22238585624999999 0.92263408125 0.25704651093750003 0.9374396953125 0.2863255390625 0.9384621421875