1 0.1644238015625 0.7968899734375 0.17427125937500001 0.7417208343749999 0.17242851406249998 0.687369153125 0.150483328125 0.6395307234375001 0.10719817031250001 0.6085071796875 0.0855291859375 0.6066173890625 0.053828609375 0.6292643124999999 0.012662396875 0.6985410890625 0.0328026828125 0.9865606015624999 0.0483896203125 0.9854706562500001 0.075811640625 0.971635503125 0.10998728437500001 0.9283853078125001 0.1644238015625 0.7968899734375
1 0 0.501934578125 0.0047647140625 0.5016013984375001 0.0434030484375 0.48017185781249994 0.0651248453125 0.45481768593750005 0.0972600546875 0.39638751875 0.1159015703125 0.32698330468750003 0.1073715671875 0.2049985703125 0.0902708953125 0.17044151406250002 0.0693655546875 0.15147315625 0.023131440625 0.13427595781249999 0 0.14153622500000002 0 0.501934578125
1 0.2270505734375 0.3345336609375 0.1671250765625 0.3455341265625 0.13784675625 0.374821734375 0.11131970312499999 0.429454709375 0.0948634984375 0.5021111453125 0.10368325781250001 0.6002403828125 0.1524316953125 0.6393944796875 0.17765484843749998 0.69211124375 0.2096844375 0.688169 0.246374403125 0.6668757015625 0.29029188437500003 0.6229442890625 0.304838978125 0.592984271875 0.31297501250000004 0.5413398390624999 0.309894734375 0.49728979687499997 0.2806435234375 0.38696913125 0.2598830609375 0.35607302500000004 0.2270505734375 0.3345336609375
1 0.241743953125 0.0406733078125 0.2166913796875 0.08839310781250001 0.2007090640625 0.16782647343749998 0.2139522578125 0.24521619218750002 0.24050501093749999 0.30294753281250003 0.2748119765625 0.3175737234375 0.2951513609375 0.3144489375 0.3503772234375 0.27823935 0.3981521828125 0.19147527656250002 0.4057615171875 0.1602978765625 0.4071046734375 0.0955083171875 0.40089130468749995 0.0346521921875 0.3883982 0.0099880421875 0.2695477953125 0.018298871875 0.241743953125 0.0406733078125
1 0.3402386 0.6092365734375 0.2814978265625 0.6371793640625001 0.246703415625 0.6855803796875 0.232959221875 0.7410220062499999 0.2362764453125 0.7884605125 0.24862467187499998 0.8250524109375 0.290290475 0.874916875 0.3325357890625 0.877070346875 0.358536140625 0.8429044046874999 0.4346280875 0.783103 0.44598927968749996 0.7635808625 0.45017576875 0.7394528796875 0.4447260453125 0.6615181875 0.436129675 0.636581553125 0.41935801406250006 0.6207291734375 0.3402386 0.6092365734375
1 0.46194275312500005 1 0.5190780484374999 0.9968223515625001 0.5374298093750001 0.9512736343749999 0.538246265625 0.9069511046875001 0.497778740625 0.804224828125 0.46775033125 0.7807868671875 0.42901992968749997 0.78690019375 0.3497420828125 0.8571394796874999 0.29464754375 0.9512254546875001 0.283449025 1 0.46194275312500005 1
1 0.5193570671875001 0.53882581875 0.4971613828125 0.557403059375 0.47744076562500004 0.5553770265625 0.4646050953125 0.5818123359375 0.4532831578125 0.6438946484375 0.4568373265625 0.6947216203125001 0.46794801875 0.74161515625 0.5541622140625 0.9245658390625 0.5962098390625 0.96589101875 0.62676495 0.9688619484375 0.6463935000000001 0.9555717687499999 0.6771070421875 0.8768108124999999 0.67863433125 0.8426536765625 0.6564129453125 0.74886660625 0.5945661921875 0.6203950421875 0.55000424375 0.5571129609375001 0.5302836265625 0.5550869265625 0.5193570671875001 0.53882581875
1 0.8084790703125 0.501583271875 0.7624290890625 0.5150184999999999 0.7245936546875 0.5619296484375 0.6850860546875001 0.6549256796875 0.667392315625 0.737883753125 0.6692350609375 0.792235434375 0.699249915625 0.8854775328125 0.737018984375 0.9356144828125 0.7753675624999999 0.9380404406249999 0.8176656875000001 0.9129499484375 0.8445217515625 0.877021653125 0.873997759375 0.8085623343749999 0.8929290328124999 0.715302621875 0.894983021875 0.6606784546875 0.88345125 0.5797640281249999 0.8605054765625001 0.5456157 0.8084790703125 0.501583271875
1 0.5598531109375 0.24997123437500002 0.53423458125 0.27559789375 0.5120781531249999 0.33673530937499996 0.51197253125 0.391223234375 0.5254526687500001 0.47200141718750005 0.5519661671875 0.48717258125 0.5518212890624999 0.49910032812500005 0.5381827171875 0.50005403125 0.538274784375 0.51537024375 0.544211953125 0.530277728125 0.5574687015625 0.537863309375 0.5528083234375 0.5552143640625 0.5762279859375 0.596139621875 0.6156164093750001 0.6274356515624999 0.6476459984375 0.6234934078125 0.668985971875 0.6066785203125 0.7096782953125 0.5306248124999999 0.7161029078125 0.48250508906249995 0.7072303375 0.41161981406250003 0.67621489375 0.3320678171875 0.6316529453124999 0.2687857375 0.5905530984375 0.24101441562499998 0.5598531109375 0.24997123437500002
1 0.717461028125 0.095938803125 0.6935539203125 0.1180407546875 0.6709236015625 0.172401240625 0.66326145625 0.23082260312499997 0.66652586875 0.305505071875 0.701674990625 0.388173046875 0.7199996421875 0.48223260312500005 0.75416173125 0.50878654375 0.7764494828124999 0.5055255140625 0.82093291875 0.48368724375000005 0.8391398015625 0.4500662765625 0.849040071875 0.367653175 0.8421686796875001 0.26938769375 0.8187097609375 0.1859022609375 0.7863119046875 0.1285796515625 0.7427898015625 0.0941676421875 0.717461028125 0.095938803125
1 0.8339419859375001 0.053743324999999995 0.8095609906250001 0.0690683453125 0.7842714703125 0.11339968125 0.7849823046875 0.123565075 0.811442990625 0.16598020156249998 0.8359025000000001 0.23577553281250002 0.8500406609375 0.353963071875 0.8793582359375 0.3672356390625 0.8996976203125 0.3641108546875 0.9376251218749999 0.33251591875000003 0.955121171875 0.28872955624999996 0.9613088390625 0.2372213671875 0.9572807828125001 0.1796174640625 0.9495401234375 0.1529184765625 0.92845065 0.103317690625 0.8850734250000001 0.056977934375 0.8339419859375001 0.053743324999999995
1 1 0.6883366609375 0.964215721875 0.6847800187499999 0.935937990625 0.7003775250000001 0.91212295 0.7377956875 0.899853234375 0.7863241421875 0.90216986875 0.8474527515625001 0.914755040625 0.8874331140624999 0.9375559375 0.9335091906249999 0.9661098687499999 0.963860325 1 0.9623473562499999 1 0.6883366609375
1 0.4825396234375 0 0.45440574375000004 0.0019673125 0.443228684375 0.052121875 0.4484414640625 0.1266681015625 0.46953093749999997 0.1762688875 0.513618996875 0.23277403749999998 0.565606146875 0.23424629375 0.597925490625 0.2064485515625 0.626163965625 0.148290871875 0.6343000015625 0.0966464390625 0.6314566671875 0.055984860937500006 0.616686184375 0.012752276562500001 0.6081173640624999 0 0.4825396234375 0
1 0.5109719421875 0.4049133359375 0.5130787421874999 0.3230452078125 0.5095245734375 0.27221823437500003 0.4988877703125 0.232101628125 0.47109748281249997 0.1846719265625 0.43389437031250006 0.1566281203125 0.41051396406249996 0.15826303749999998 0.3769963421875 0.23892259062500001 0.33036685 0.30006881406249997 0.31476635625 0.37096289531250004 0.322532715625 0.5100261984375 0.3382509765625 0.5668126421874999 0.3677526859375 0.6107176359375 0.406338209375 0.61653205625 0.43204880625 0.6062216125 0.464749971875 0.5698845875 0.47416279843750003 0.5504986953125 0.4715564078125 0.5132255812500001 0.48162725625 0.53124904375 0.48643251249999997 0.5019702406250001 0.477691265625 0.4889613546875 0.498649415625 0.48068575156250004 0.5109719421875 0.4049133359375