1 0.5686894687499999 0.0884348375 0.5539904 0.10180456093750001 0.520896740625 0.18290657187499998 0.5129034296875 0.2538157234375 0.5108420046875 0.3667199953125 0.5163875140624999 0.43953190312499996 0.53315135 0.5447915328125 0.560616484375 0.5949581375 0.5780667187499999 0.611131090625 0.609012596875 0.61548025 0.6442562640625 0.6032828203125 0.67481465 0.561270890625 0.6953581343749999 0.485265309375 0.70807879375 0.380719334375 0.707303809375 0.28799715625 0.65632701875 0.138482821875 0.6151946406250001 0.1224116796875 0.5790907468750001 0.09161170156250001 0.5686894687499999 0.0884348375
1 0.2755672046875 0.32164885625 0.230180215625 0.33585085625 0.1949797265625 0.36177483593750004 0.167300928125 0.397331225 0.152000703125 0.45006285156250003 0.1488210953125 0.5147882828125 0.1695815859375 0.5845933359375 0.1909000546875 0.601309934375 0.2576055140625 0.6038245328125 0.3092244109375 0.5733477687499999 0.3417169140625 0.5316076609375 0.363292225 0.47632781875 0.37128553750000004 0.40541866718749997 0.354436459375 0.3498838109375 0.3251235640625 0.3268984875 0.2755672046875 0.32164885625
1 0.124276496875 0.3175369375 0.0436469546875 0.42111424218750004 0.0442492234375 0.45893021406249995 0.0532754765625 0.48592467812500006 0.101285209375 0.5372635781249999 0.124967353125 0.537161765625 0.1420732734375 0.5207001796874999 0.1477186046875 0.4926909015625 0.1477959109375 0.45529160625 0.16558158750000002 0.38851428593750004 0.1744783046875 0.37432909375 0.1678589046875 0.3442427703125 0.1472279484375 0.315617371875 0.124276496875 0.3175369375
1 0 0.8004323546875 0.018981734375 0.80010624375 0.045242328124999995 0.774640903125 0.1071750328125 0.6427100234374999 0.1170592828125 0.5583461437499999 0.0496651984375 0.49056246875 0.0180749859375 0.5118486609375 0 0.5382790171875 0 0.8004323546875
1 0.2252414328125 0.6095664203125 0.1691088515625 0.5879570171874999 0.1583211953125 0.6155969390625 0.150327884375 0.686506090625 0.174440696875 0.74649191875 0.23199148281249998 0.758010275 0.2591975453125 0.7258175687499999 0.2784091828125 0.6873561390625 0.2951276125 0.6245334640625 0.295986725 0.590352996875 0.2252414328125 0.6095664203125
1 0.2624557109375 0.148300115625 0.2474986859375 0.1564884046875 0.16686914218749999 0.260065709375 0.1572849125 0.2861597 0.166827078125 0.3235170328125 0.193991078125 0.35477565 0.22244374531250002 0.334763565625 0.2939197296875 0.31736789375 0.310552915625 0.3042699921875 0.32103943749999997 0.257722084375 0.315580284375 0.2123632796875 0.30311535312500004 0.1677349375 0.2863958109375 0.1533797359375 0.2624557109375 0.148300115625
1 0.41762468124999996 0.8475565546875 0.397638059375 0.79329580625 0.3983244578125 0.7042091312500001 0.3740832234375 0.6802215234375 0.34631806875 0.6883248078124999 0.30656183124999997 0.72561394375 0.28167737656249997 0.8044395609375 0.2722658609375 0.8854397578125001 0.282453475 0.974339615625 0.37335698906250003 0.987115271875 0.37937411875 0.9793856218749999 0.38981746093749997 0.9191111640624999 0.414788271875 0.8677386484375 0.41762468124999996 0.8475565546875
1 0.1297412203125 0.74878511875 0.09810782968750001 0.756344759375 0.07859505781250001 0.7758982015625 0.0646698578125 0.80481223125 0.0466195828125 0.9051790546875 0.0542276296875 0.9422645656249999 0.137394675 0.9539529312499999 0.1434118046875 0.94622328125 0.161332546875 0.804676803125 0.147922146875 0.7667758250000001 0.1297412203125 0.74878511875
1 0.519218684375 0.5285594046875 0.49887845468750003 0.5173873 0.468746284375 0.5277009968749999 0.44297251718749997 0.5580249921875 0.42946503125 0.5776028125 0.4130224125 0.6136615328125 0.40068813125 0.6873907203125 0.39854035 0.772841890625 0.4044722375 0.8148370109374999 0.41930084062499995 0.8426469421875 0.471522009375 0.8499861484375 0.511278246875 0.8126970140625 0.5155760375 0.796150425 0.510116884375 0.75079161875 0.522880721875 0.659972196875 0.5458742375 0.594601309375 0.5283376453125 0.5509752515625 0.519218684375 0.5285594046875
1 0.5156892109375 1 0.5214237953125 0.9650481937500001 0.517382846875 0.9095983421874999 0.5020383296875 0.8714255421875 0.4872529046875 0.8573421640625 0.42708048906249996 0.857460784375 0.391751578125 0.9193829859375 0.38276961875 0.9832929484375 0.47580097343750005 1 0.5156892109375 1
1 0.5432957859374999 0.6199648375 0.52623304375 0.6501529734375 0.51058961875 0.7474279375 0.516048771875 0.7927867421875 0.5449321109375 0.8328623 0.6237150078125 0.8336441515624999 0.6325685453125 0.8057324078124999 0.6180820265625 0.6562012640625 0.6003306578125 0.6211203249999999 0.56719270625 0.6113179078125001 0.5432957859374999 0.6199648375
1 0.6834131343750001 1 0.6844055640625 0.99824415 0.6934738796875 0.961787290625 0.6937307234375 0.88979085 0.6816953484375 0.8280722718750001 0.638757275 0.7757310890625 0.63153671875 0.78500666875 0.6326117234375 0.8194589593750001 0.6213081546875 0.8367360109374999 0.55099241875 0.8388592015624999 0.5440309328125 0.930494090625 0.5528855859374999 0.9797602218750001 0.5631271515625 1 0.6834131343750001 1
1 0.7020638921875 0.5428047359375 0.65994398125 0.5969122828125 0.6426664609375 0.6356455359375001 0.632695853125 0.6925563109375 0.63475950625 0.7340077890625001 0.6535427015625 0.78981446875 0.6753770828125 0.8168939359375 0.701981990625 0.8240631328125 0.7270823375 0.8138702734375001 0.7615089578124999 0.7724019875 0.7763796265625 0.7367605953125 0.7877252593749999 0.6560322203125 0.7788274281249999 0.5930395374999999 0.76494429375 0.5585022421875 0.7293563125 0.5380651328125 0.7020638921875 0.5428047359375
1 0.779044434375 0.7388501703125 0.7425120984375 0.8023183015625 0.7032285953125 0.8362437546875 0.6946761921875 0.8830634859375 0.7018978625 0.9509657812500001 0.726568653125 0.9578631546875 0.77436249375 0.9405692953125 0.8194051703125 0.8937327578125001 0.8261098140625001 0.8740943078125 0.8162665125 0.817828990625 0.8252484718750001 0.7539190265625 0.7995890343750001 0.740022465625 0.779044434375 0.7388501703125
1 0.8257643859374999 0.7642818953125 0.8172119828125 0.811101625 0.8206938390625 0.8424620562499999 0.828774621875 0.876183884375 0.856454534375 0.9178053703125 0.9169280843750001 0.9365947359375 0.9451659749999999 0.9251277703125 0.9725845890624999 0.7300341953125 0.93579318125 0.7111430171875 0.8843027046874999 0.7056215640625 0.847168096875 0.731273721875 0.8257643859374999 0.7642818953125
1 1 0.2286461390625 0.9900270234375 0.2059620234375 0.9720608765625001 0.1794262 0.942275246875 0.159804559375 0.8941802703124999 0.1581904328125 0.8606991203125001 0.192931353125 0.8453557171874999 0.23193642812499998 0.8392101656250001 0.2756642984375 0.8399851484375 0.368386478125 0.8563614921875 0.427285015625 0.885459609375 0.45881545625 0.9117213187500001 0.510527990625 0.9311056703125 0.526972765625 0.9731403375 0.522589990625 1 0.4947197 1 0.2286461390625
1 0.360622959375 0.16552674218750002 0.340207896875 0.20553410312499998 0.32980773281250003 0.2795351140625 0.3422726625 0.32416345625 0.37214464999999997 0.37123819999999996 0.3841800234375 0.43295677499999996 0.4054553140625 0.4359468234375 0.45092754687500003 0.3720200515625 0.460811796875 0.2876561703125 0.44391954062499994 0.2183947625 0.4042053671875 0.192232575 0.3835744109375 0.16360717656249998 0.360622959375 0.16552674218750002
1 0.76016596875 0.0381673859375 0.7467566828125001 0.0774442828125 0.7396656625 0.12789951875 0.740827025 0.1898049125 0.7571170109375001 0.2212503484375 0.787590153125 0.2289631890625 0.8196099218749999 0.1905867640625 0.846385315625 0.098306415625 0.8418716312500001 0.046220246874999996 0.76016596875 0.0381673859375
1 0.37812505937499996 0 0.370592453125 0.0314380890625 0.36883105 0.08607247500000001 0.3762243203125 0.1317031015625 0.39788710312500003 0.1810542390625 0.41340321874999997 0.19695537031250002 0.438074009375 0.20385274375 0.46317435625 0.19365988437499998 0.49326000781249996 0.1550116375 0.5028442375 0.1289176453125 0.5131580437500001 0.02746353125 0.507437034375 0 0.37812505937499996 0
1 0.553215415625 0.009082382812500001 0.5640584703125 0.055865506249999995 0.587085171875 0.0978804265625 0.6137332578125 0.118776175 0.6596793390625 0.128663596875 0.7023583421875 0.09864547031250001 0.727758709375 0.030182721875000002 0.553215415625 0.009082382812500001
1 0.8097677359375 0.21149931875 0.7890515359375 0.23259869375000003 0.754237425 0.22770588906250003 0.7357133 0.25425852031249996 0.7271608953124999 0.30107825 0.7312450234375001 0.370254653125 0.752950984375 0.433332340625 0.77040121875 0.44950529531249994 0.8250292375000001 0.45375264218750005 0.8536966843749999 0.42519544218750005 0.8385237671875 0.36475097343749996 0.8382215171875 0.2686651109375 0.8443670687499999 0.224937240625 0.8245099828125 0.21185614687499998 0.8097677359375 0.21149931875
1 0.8508115265624999 0.045761606249999996 0.8477171625000001 0.060762265625 0.8507262843750001 0.09548637812500001 0.861686653125 0.1227526640625 0.89654394375 0.1413720203125 0.93612858125 0.126354553125 0.9849963140625 0.066335109375 0.8508115265624999 0.045761606249999996
1 0.4974293765625 0.1744632671875 0.47813138281249995 0.1854715953125 0.46055272656249996 0.20529686093750002 0.45771631875 0.22547895625 0.46627095 0.3330149765625 0.4810995546875 0.36082490625 0.5072317265625 0.3713577859375 0.5175012406249999 0.1789992453125 0.4974293765625 0.1744632671875
1 0.38903690625 0.4404996078125 0.3680627515625 0.456417546875 0.3599830828125 0.49987359375 0.32104389375000003 0.5664335859375 0.324053015625 0.6011576984375 0.334497471875 0.6180611140625001 0.366947909375 0.63977233125 0.40631776875 0.63329998125 0.42883855000000004 0.5712927734375 0.43545683593750006 0.5242012234375 0.44254785625000004 0.47374598749999997 0.42118620937499995 0.4433028375 0.38903690625 0.4404996078125
1 0.7621920140625 0.45178168906250005 0.7407451234375 0.471063309375 0.72351078125 0.5235231140625001 0.7639556453125 0.5515030546874999 0.7836843109375 0.60058236875 0.7901321109375 0.6529403609375 0.78527634375 0.722575403125 0.8302769546875 0.7391901890625 0.902310915625 0.6687060640625 0.9103905843750001 0.625250015625 0.9102610500000001 0.584070359375 0.900460928125 0.54153159375 0.8831822921875 0.5030869703125 0.8436397203125001 0.45465311406250003 0.7621920140625 0.45178168906250005