1 0.517578125 0.7319972828125 0.4990234375 0.703125 0.4697265625 0.6861413046875 0.4267578125 0.6929347828125 0.4033203125 0.71671195625 0.388671875 0.748980978125 0.3828125 0.786345109375 0.38671875 0.8508831515624999 0.4228515625 0.9137228265624999 0.4599609375 0.9408967390624999 0.48046875 0.9425951093749999 0.5068359375 0.9307065218749999 0.533203125 0.8814538046875 0.533203125 0.786345109375 0.517578125 0.7319972828125
1 0.224609375 0.7523777171875 0.2109375 0.708220109375 0.1728515625 0.645380434375 0.1435546875 0.631793478125 0.1181640625 0.6351902171875 0.0986328125 0.6487771734375001 0.07421875 0.6946331515625 0.060546875 0.748980978125 0.060546875 0.8033288046875 0.072265625 0.8474864125 0.1044921875 0.8933423906250001 0.1376953125 0.9103260875 0.162109375 0.9086277171875 0.1943359375 0.8865489125 0.220703125 0.8372961953125 0.2265625 0.8101222828125 0.224609375 0.7523777171875
1 0.380859375 0.657269021875 0.3583984375 0.61141304375 0.3330078125 0.5842391296875 0.3076171875 0.5842391296875 0.2470703125 0.631793478125 0.224609375 0.6810461953125 0.220703125 0.7319972828125 0.23046875 0.7965353265624999 0.2509765625 0.84578804375 0.2802734375 0.8831521734375001 0.2978515625 0.8933423906250001 0.328125 0.8916440218749999 0.3544921875 0.8695652171875 0.376953125 0.8237092390624999 0.390625 0.7150135875 0.380859375 0.657269021875
1 0.3134765625 0.5842391296875 0.314453125 0.5757472828125 0.2900390625 0.5434782609375 0.2705078125 0.53328804375 0.2392578125 0.53328804375 0.1982421875 0.5638586953125 0.1796875 0.59952445625 0.169921875 0.643682065625 0.220703125 0.7184103265624999 0.224609375 0.6810461953125 0.2412109375 0.63858695625 0.2802734375 0.6012228265624999 0.3134765625 0.5842391296875
1 0.5107421875 0.71671195625 0.521484375 0.6742527171875 0.521484375 0.6233016296875 0.51171875 0.5689538046875 0.4736328125 0.5197010875 0.4248046875 0.48573369531250005 0.3994140625 0.48573369531250005 0.3720703125 0.512907609375 0.3515625 0.5621603265624999 0.349609375 0.5961277171875 0.37890625 0.65047554375 0.390625 0.7116168484375 0.3984375 0.721807065625 0.4248046875 0.6929347828125 0.4599609375 0.682744565625 0.4873046875 0.6929347828125 0.5107421875 0.71671195625
0 0.5849609375 0.540081521875 0.5576171875 0.540081521875 0.546875 0.6097146734375001 0.572265625 0.762567934375 0.5830078125 0.7914402171875 0.603515625 0.7931385875 0.62109375 0.748980978125 0.603515625 0.606317934375 0.5859375 0.565557065625 0.5849609375 0.540081521875
0 0.681640625 0.619904890625 0.666015625 0.5553668484375 0.6513671875 0.53328804375 0.6279296875 0.53328804375 0.6171875 0.5451766296875 0.626953125 0.5825407609375 0.61328125 0.6029211953125 0.62109375 0.6742527171875 0.62109375 0.75577445625 0.611328125 0.8271059781250001 0.6171875 0.840692934375 0.6318359375 0.8288043484375001 0.6650390625 0.838994565625 0.681640625 0.7591711953125 0.681640625 0.619904890625
0 0.7216796875 0.5298913046875 0.6865234375 0.5298913046875 0.67578125 0.5485733703125 0.681640625 0.6131114125 0.70703125 0.6912364125 0.7421875 0.7319972828125 0.759765625 0.7150135875 0.7578125 0.65047554375 0.74609375 0.6266983703125 0.7216796875 0.5298913046875
0 0.7449480078125 0.8178325624999999 0.7634892734375 0.825378953125 0.7773745171875001 0.8101476906249999 0.7895257328125 0.7313916953125 0.781241484375 0.6422066656250001 0.793154221875 0.637265953125 0.793076175 0.605160578125 0.7724609375 0.553668478125 0.7529296875 0.546875 0.73828125 0.5621603265624999 0.73828125 0.5893342390625 0.744140625 0.619904890625 0.7578125 0.6402853265624999 0.7630947031249999 0.72041504375 0.741397565625 0.73756604375 0.736663584375 0.7897049125 0.7449480078125 0.8178325624999999
0 0.5295544890625 0.568800515625 0.5058848453125 0.5468473640625 0.5125912453125 0.5269522015625 0.5039124265625 0.507743059375 0.4897106578125 0.5043129515625 0.4731418984375 0.5104872984375 0.5125912453125 0.5612541249999999 0.5248205953125 0.644950828125 0.515625 0.7252038046875 0.533203125 0.7795516296875 0.537109375 0.8678668484375001 0.55859375 0.8712635875 0.576171875 0.8372961953125 0.572265625 0.75577445625 0.541015625 0.5893342390625 0.5295544890625 0.568800515625
2 0.9287109375 0.3600543484375 0.8935546875 0.3396739125 0.8603515625 0.3430706515625 0.8212890625 0.37703804375 0.80859375 0.463654890625 0.8125 0.5757472828125 0.8720703125 0.567255434375 0.8896484375 0.5740489125 0.93359375 0.619904890625 0.962890625 0.551970109375 0.96484375 0.44667119531250005 0.951171875 0.395720109375 0.9287109375 0.3600543484375
2 0.974609375 0.59952445625 0.9833984375 0.6148097828125 0.99609375 0.6131114125 0.9990234375 0.397418478125 0.970703125 0.4568614125 0.96484375 0.5315896734375001 0.974609375 0.59952445625
2 0.890625 0.2734375 0.8642578125 0.2377717390625 0.853515625 0.253057065625 0.865234375 0.2632472828125 0.8642578125 0.2819293484375 0.8466796875 0.2649456515625 0.8271484375 0.2615489125 0.7978515625 0.227581521875 0.7841796875 0.2241847828125 0.7646484375 0.2377717390625 0.7578125 0.2564538046875 0.767578125 0.266644021875 0.787109375 0.3413722828125 0.8017578125 0.35326087031250003 0.8115234375 0.3294836953125 0.8203125 0.344769021875 0.818359375 0.371942934375 0.82421875 0.371942934375 0.8623046875 0.3396739125 0.8994140625 0.3396739125 0.90234375 0.31080162968749997 0.890625 0.2734375
2 0.7469204281249999 0.2333276390625 0.7548102796875 0.247048415625 0.7769019875 0.2209789421875 0.8025441375 0.2154906546875 0.8333144906250001 0.22303708437499997 0.847121775 0.1962815515625 0.8534336921874999 0.15237513593750002 0.8881491453124999 0.15237513593750002 0.87631428125 0.10846862187499999 0.8561951656250001 0.072108578125 0.83292000625 0.062504046875 0.7966266171874999 0.052213473437500005 0.765856090625 0.069364453125 0.7386361781249999 0.0981780484375 0.7244344093749999 0.13179393281250001 0.7212783640625 0.1702121203125 0.737452553125 0.18393285937499998 0.7504708703125 0.21206047031250003 0.7469204281249999 0.2333276390625
2 0.8889381140625 0.2593971109375 0.904323334375 0.2998733796875 0.920497609375 0.3362334453125 0.9327268703125 0.35269834843750003 0.9485066625 0.32388475 0.972965359375 0.2998733796875 0.9990018203125001 0.26900164375 0.999396303125 0.185304940625 0.9848000515625 0.158549484375 0.9429837140625 0.1352241359375 0.919708728125 0.15786342343749998 0.9023509140625 0.1743283265625 0.8909106203125001 0.203141959375 0.8644795015625 0.23126953593750002 0.8889381140625 0.2593971109375
2 0.9997907874999999 0.307419809375 0.9875615249999999 0.3170243421875 0.9705982828125 0.30810587031250003 0.9516627062499999 0.32594285312500004 0.94653415625 0.3691632875 0.955607546875 0.3966048390625 0.9698093140624999 0.4391392140625 0.9954513781250001 0.397976921875 0.9982128515625 0.36504704375 0.9997907874999999 0.307419809375