1 0.390625 0.5669157609375 0.3935546875 0.5855978265624999 0.4248046875 0.5822010875 0.4228515625 0.5991847828125 0.3955078125 0.5991847828125 0.3798828125 0.5618206515625 0.373046875 0.5669157609375 0.37890625 0.5940896734375001 0.3662109375 0.602581521875 0.3583984375 0.5686141296875 0.3232421875 0.6059782609375 0.3046875 0.641644021875 0.298828125 0.6790081515625 0.302734375 0.7537364125 0.3271484375 0.8097826093749999 0.3603515625 0.8267663046875 0.4169921875 0.8165760875 0.4697265625 0.7690217390625 0.4921875 0.719769021875 0.501953125 0.6382472828125 0.490234375 0.5872961953125 0.4775390625 0.565217390625 0.4619140625 0.5618206515625 0.4560546875 0.5855978265624999 0.4443359375 0.588994565625 0.443359375 0.5703125 0.4306640625 0.5618206515625 0.42578125 0.5465353265624999 0.390625 0.5669157609375
1 0.625 0.3053668484375 0.609375 0.37669837031250003 0.615234375 0.46161684843749995 0.6201171875 0.473505434375 0.63671875 0.47520380468749995 0.623046875 0.50577445625 0.623046875 0.5329483703125 0.638671875 0.6076766296875 0.66796875 0.6959918484375 0.7060546875 0.758831521875 0.7548828125 0.772418478125 0.7900390625 0.75203804375 0.806640625 0.7265625 0.818359375 0.66202445625 0.814453125 0.512567934375 0.802734375 0.448029890625 0.759765625 0.3529211953125 0.7353515625 0.317255434375 0.6904296875 0.31046195625 0.646484375 0.278192934375 0.625 0.3053668484375
1 0.6611328125 0.0353260875 0.630859375 0.0743885875 0.615234375 0.135529890625 0.615234375 0.20006793437499998 0.62890625 0.2408288046875 0.6552734375 0.28328804375 0.6962890625 0.31046195625 0.7392578125 0.31046195625 0.775390625 0.27139945625 0.79296875 0.1830842390625 0.79296875 0.145720109375 0.779296875 0.0981657609375 0.7568359375 0.0625 0.69921875 0.026834239062499998 0.6611328125 0.0353260875
1 0.4990234375 0.140625 0.44921875 0.23063858750000002 0.447265625 0.28158967343749997 0.458984375 0.3359375 0.4794921875 0.3783967390625 0.5087890625 0.408967390625 0.5361328125 0.408967390625 0.5576171875 0.395380434375 0.580078125 0.34952445625 0.5859375 0.3189538046875 0.583984375 0.2476222828125 0.572265625 0.20006793437499998 0.5576171875 0.174592390625 0.513671875 0.1423233703125 0.4990234375 0.140625
1 0.8310546875 0.6875 0.8125 0.719769021875 0.79296875 0.7775135875 0.791015625 0.8420516296875 0.8046875 0.8930027171875 0.8251953125 0.9286684781250001 0.8505859375 0.9490489125 0.8779296875 0.9490489125 0.8974609375 0.93546195625 0.923828125 0.8896059781250001 0.93359375 0.8148777171875 0.9296875 0.770720109375 0.912109375 0.7163722828125 0.8896484375 0.6841032609375 0.861328125 0.6756114125 0.8310546875 0.6875
1 0.6689453125 1 0.69140625 0.9575407609375001 0.681640625 0.9099864125 0.681640625 0.8216711953125 0.6953125 0.7673233703125 0.689453125 0.7435461953125 0.6630859375 0.6976902171875 0.650390625 0.6891983703125 0.6162109375 0.694293478125 0.5966796875 0.7146739125 0.580078125 0.746942934375 0.56640625 0.8012907609375001 0.568359375 0.903192934375 0.583984375 0.9779211953125 0.5966796875 1 0.6689453125 1
1 0.7080078125 0.772418478125 0.685546875 0.8046875 0.681640625 0.8997961953125 0.69140625 0.94735054375 0.7099609375 0.9762228265624999 0.7275390625 0.98641304375 0.8037109375 0.9728260875 0.80859375 0.9643342390624999 0.806640625 0.9439538046875 0.77734375 0.8216711953125 0.7529296875 0.77921195625 0.73046875 0.7741168484375 0.7080078125 0.772418478125
1 0.3916015625 0.8267663046875 0.3525390625 0.8267663046875 0.3251953125 0.8131793484375001 0.326171875 0.9099864125 0.3447265625 0.9456521734375001 0.3720703125 0.9660326093749999 0.4130859375 0.9592391296875 0.443359375 0.8997961953125 0.44921875 0.862432065625 0.4453125 0.8012907609375001 0.3916015625 0.8267663046875
1 0.1806640625 0.75203804375 0.15234375 0.8012907609375001 0.134765625 0.8454483703125 0.130859375 0.903192934375 0.142578125 0.9371603265624999 0.1787109375 0.9932065218749999 0.2255859375 0.9966032609375001 0.2421875 0.97452445625 0.263671875 0.9201766296875 0.275390625 0.8760190218749999 0.275390625 0.8352581515624999 0.2646484375 0.77921195625 0.2431640625 0.772418478125 0.205078125 0.74014945625 0.1806640625 0.75203804375
1 0.8369140625 0.1576086953125 0.826171875 0.1762907609375 0.810546875 0.23743206562500002 0.818359375 0.3393342390625 0.8466796875 0.3783967390625 0.8642578125 0.3783967390625 0.884765625 0.35971467343749997 0.900390625 0.3189538046875 0.908203125 0.2680027171875 0.908203125 0.23743206562500002 0.896484375 0.1830842390625 0.873046875 0.1491168484375 0.8369140625 0.1576086953125
1 0.7568359375 0.0013586953125 0.75390625 0.050611412499999994 0.7978515625 0.1440217390625 0.8408203125 0.15421195625 0.9033203125 0.11005434843749999 0.92578125 0.050611412499999994 0.9296875 0.003057065625 0.7568359375 0.0013586953125
1 1 0.0200407609375 0.986328125 0.00985054375 0.9658203125 0.0149456515625 0.9345703125 0.045516304687499995 0.908203125 0.1049592390625 0.900390625 0.1423233703125 0.900390625 0.1898777171875 0.9140625 0.24422554375 0.9423828125 0.276494565625 0.9638671875 0.276494565625 1 0.251019021875 1 0.0200407609375
1 0.8916015625 0.35122282656250003 0.8701171875 0.3783967390625 0.8369140625 0.375 0.8203125 0.4038722828125 0.8203125 0.448029890625 0.8359375 0.5227581515625 0.8583984375 0.5618206515625 0.8837890625 0.5822010875 0.9267578125 0.5822010875 0.958984375 0.5533288046875 0.935546875 0.471807065625 0.927734375 0.3631114125 0.91015625 0.3529211953125 0.8916015625 0.35122282656250003
1 0.9697265625 0.2934782609375 0.9501953125 0.31046195625 0.935546875 0.3393342390625 0.927734375 0.3834918484375 0.947265625 0.5193614125 0.9658203125 0.5550271734375001 0.9990234375 0.5822010875 1 0.2883831515625 0.9697265625 0.2934782609375
1 0.5166015625 0.6365489125 0.50390625 0.6484375 0.498046875 0.7027853265624999 0.47265625 0.7673233703125 0.47265625 0.784307065625 0.4833984375 0.8029891296875 0.5166015625 0.823369565625 0.564453125 0.8114809781250001 0.587890625 0.7027853265624999 0.5654296875 0.6467391296875 0.548828125 0.63485054375 0.5166015625 0.6365489125
1 0.9365234375 0.8505434781250001 0.919921875 0.903192934375 0.876953125 0.9575407609375001 0.875 0.9915081515624999 0.8798828125 1 0.9892578125 0.9966032609375001 0.99609375 0.9643342390624999 0.982421875 0.9167798906250001 0.986328125 0.8658288046875 0.9765625 0.8522418484375001 0.9365234375 0.8505434781250001