1 1 0.4983173734375 0.988653853125 0.4032149359375 0.9059647656250001 0.48533806874999996 0.8811933906249999 0.5579583546875 0.8838666921874999 0.602078221875 0.8951869531250001 0.63504290625 0.9380454171875 0.6971395640625 0.9779590953125 0.7031908140625001 1 0.6913984140625 1 0.4983173734375
1 1 0.8469028171874999 0.978919409375 0.8431233031250001 0.9373347875 0.8492017468749999 0.8869360593750001 0.8835301875000001 0.8531626687499999 0.9639275218750001 1 0.948494296875 1 0.8469028171874999
1 0.9134619515625 0.7902327953125 0.9268502562500001 0.7307629906249999 0.9264744359374999 0.6898170984374999 0.8875843968750001 0.618764721875 0.8772249656250001 0.5669140765625 0.8433057093749999 0.543155540625 0.7715195359375 0.5421619484375 0.7513015953125 0.5459946640625 0.72976776875 0.56533520625 0.7118680734375 0.6099096578125 0.7092778281250001 0.71606083125 0.7202637968750001 0.7832151453125 0.7527000203124999 0.8395763234375 0.7804369453125 0.8605692015624999 0.8268880125000001 0.8727642453125 0.8736733734375 0.8507696593749999 0.9134619515625 0.7902327953125
1 0.8623972249999999 0.098848253125 0.8498654125 0.11041175 0.8559013640625001 0.1678399828125 0.8500948515625 0.206020215625 0.7938060375 0.28707629218749997 0.8293541921875001 0.3823880609375 0.8433477546875 0.45947261250000004 0.8863733640625 0.504474453125 0.9918285921875001 0.39605035625 0.9776263546875 0.2609251 0.9473832765625 0.17871754374999999 0.9130046265624999 0.1225605203125 0.8829702203125 0.0983936703125 0.8623972249999999 0.098848253125
1 0.804249040625 0.3303795296875 0.776595690625 0.3008392453125 0.6352372515625 0.3105734421875 0.616898928125 0.3603171671875 0.62684049375 0.45490484843749995 0.6871807875 0.5151640890625 0.7203899328125 0.5321663625 0.7723132203125 0.540370803125 0.8058566578124999 0.5231834484375 0.8311709984375 0.4744142375 0.8353901421875 0.43981629531250005 0.8274117656250001 0.38259221875 0.804249040625 0.3303795296875
1 0.8355889937500001 0 0.838336478125 0.01940635625 0.8538966468750001 0.055340859374999996 0.8803176828125 0.0918415640625 0.9243041234374999 0.11795744687500001 0.9620038953125001 0.1122873171875 0.9495144421875 0 0.8355889937500001 0
1 0.8307749328125 0.23708213906250003 0.8527266250000001 0.17500455937499998 0.8480901328125 0.093521090625 0.8360597609375 0.053800143749999994 0.803456390625 0.014533778124999999 0.7706023015625 0.0009096359374999999 0.7364323265625 0.0027933203125 0.68160578125 0.013678996874999998 0.6003997265625001 0.0631994875 0.5795760109375 0.08929629375 0.5754612046875 0.15291459062499999 0.5875123421875 0.23020330000000003 0.601485140625 0.269720090625 0.649627915625 0.30735319687499996 0.72803505 0.3059431734375 0.791592128125 0.27535491093750003 0.8307749328125 0.23708213906250003
1 0.6018801734375 0.8246890859375 0.5552827234375 0.8671566171875 0.5306992578124999 0.96024985 0.530364965625 0.9944394781250001 0.7474780015625 0.976743153125 0.75443325625 0.9401499093749999 0.7388523234375 0.8666476453125 0.6958267140625 0.8216458046874999 0.6385147765625 0.8088845609374999 0.6018801734375 0.8246890859375
1 0.550165559375 0.8745253515625 0.5925231015625 0.829088003125 0.6560801796875 0.798499740625 0.6822717796875 0.7393919765625 0.6967044875 0.6524888046874999 0.6963079046875 0.5739751531249999 0.67560980625 0.507841625 0.6352367343750001 0.46939188906249996 0.5758152265625001 0.4739296171875 0.5541978265624999 0.5018175671875 0.538658421875 0.503450825 0.5264816671875 0.51839245 0.49711532812500003 0.5846647890625001 0.4680412359375 0.700430428125 0.473199928125 0.7681972125 0.48452019062499996 0.8011618984375 0.5089152296874999 0.84641416875 0.5342710984375 0.8727804765625 0.550165559375 0.8745253515625
1 0.566541728125 0.4697811265625 0.5921275515625 0.43293745625 0.6033227125 0.399314028125 0.6064766875000001 0.354581690625 0.5997306250000001 0.29039719375 0.57477185625 0.1837260875 0.5687359062499999 0.126297853125 0.5574156453125 0.0933331671875 0.5131369578125 0.0177239859375 0.492292478125 0.006253031250000001 0.4740169625 0.009881590625 0.441100065625 0.042372615625 0.4228453140625 0.083568934375 0.4235969546875 0.1654607171875 0.4319303859375 0.2260629265625 0.45759926718750005 0.33949029531249997 0.4823493609375 0.3881206953125 0.4935024765625 0.43818019374999995 0.5384705125 0.482977878125 0.5559523421875 0.4811404640625 0.566541728125 0.4697811265625
1 0.4146997921875 0.0434396703125 0.4022307890625 0.0088879984375 0.19748241875 0.03211564375 0.180021353125 0.0715208171875 0.1682204171875 0.1274083359375 0.17302405468749998 0.191796990625 0.228623003125 0.3003708578125 0.277371553125 0.3157398734375 0.32998418906250004 0.2931328171875 0.39546292968749996 0.22477263593750002 0.4209444171875 0.1589086125 0.42286607812500004 0.12113669375 0.4146997921875 0.0434396703125
1 0.47146669374999994 0.6676236296875 0.4914759609375 0.60575020625 0.4965515984375 0.5232459515625 0.4889075140625 0.4318322453125 0.4678543609375 0.3623205859375 0.43648330468749996 0.3160938015625 0.405216584375 0.2988873703125 0.3908259203125 0.3021076140625 0.3381297109375 0.3332620796875 0.3243655859375 0.35178599374999997 0.3110608546875 0.40270839374999995 0.3091391921875 0.440480309375 0.320668128125 0.5314857015625 0.34967889375 0.6206536781249999 0.3798176359375 0.673840884375 0.4192091140625 0.6936088171875 0.44993286718750003 0.6869641718749999 0.47146669374999994 0.6676236296875
1 0.45926067656249997 1 0.48134493437500003 0.967144925 0.4925400953125 0.933521496875 0.49657132812500004 0.8784506078125001 0.4878828390625 0.8144702671875 0.46595242812500004 0.7552971578125 0.44182887343750005 0.721970428125 0.41638942968750003 0.7041515265625 0.376037121875 0.7032695515625 0.3452297953125 0.718461603125 0.315675546875 0.764260996875 0.3074044078125 0.81636206875 0.3187454328125 0.8868945140625 0.3424511234375 0.96295828125 0.36926377499999996 1 0.45926067656249997 1
1 0.2939958546875 0.6794456671875 0.3171798609375 0.6104076671875001 0.323508575 0.558510753125 0.3079068796875 0.44744072968750004 0.3110608546875 0.40270839374999995 0.30822040624999997 0.37568334062500003 0.2784367203125 0.32587426875 0.218910875 0.30139164375 0.20257778593750003 0.30481604375 0.1834250125 0.3187831546875 0.1619955234375 0.36714405 0.1486072171875 0.4266138578125 0.1438866375 0.51249624375 0.15470546093749998 0.596745371875 0.179643465625 0.6658487171874999 0.217196853125 0.7148411609374999 0.241571128125 0.7225256703125 0.26964234375 0.70932891875 0.2939958546875 0.6794456671875
1 0.30478958125 1 0.315257165625 0.9658164812500001 0.31486058125 0.8873028296875001 0.3072372609375 0.8334568828125001 0.28937961093750003 0.7943484062499999 0.2459989453125 0.7459684328125 0.20783978125 0.719240078125 0.17490212031250002 0.7141633421875 0.14286247968750002 0.736315815625 0.1127860296875 0.7958318921875 0.106102259375 0.8443506749999999 0.118153396875 0.9216393843749999 0.1525320453125 0.9777964046875001 0.176679584375 1 0.30478958125 1
1 0 0.3440380875 0.0139117859375 0.350261509375 0.0423380578125 0.340442890625 0.0826488375 0.2661893453125 0.0944497734375 0.21030182812499998 0.09653858125 0.1554350953125 0.084654590625 0.06105157343749999 0.0759032921875 0.0431864 0 0.05220023124999999 0 0.3440380875
1 0.1513428109375 0.583437003125 0.14282146874999999 0.5023618484375 0.151949103125 0.40235446406250003 0.11280834531249999 0.356944309375 0.0775732015625 0.3486936 0.046765875 0.3638856515625 0.022328790625 0.4023163109375 0.0092955421875 0.46516424843750004 0.015164346875000002 0.5396872984375001 0.032854851562499995 0.5958905890625 0.0672335 0.6520476109375 0.108922459375 0.67498951875 0.1477709703125 0.670906375 0.1674459453125 0.6432225828125 0.1513428109375 0.583437003125
1 0.1666330484375 0.1309906234375 0.1916551421875 0.032728115625 0.1372672265625 0.038444515624999995 0.1106369984375 0.102721553125 0.09534779531250001 0.23753103593749997 0.1077539890625 0.3181978765625 0.12790912031249999 0.360480328125 0.1532649890625 0.3868466390625 0.1814825875 0.3189873125 0.19560176875 0.3038415296875 0.2235894109375 0.299192184375 0.1707265734375 0.188623015625 0.1666330484375 0.1309906234375
1 0.11699304531250002 1 0.113224140625 0.9494810640625 0.06399543437500001 0.864145803125 0.0335224 0.845148228125 0.049797978124999996 1 0.11699304531250002 1
1 0.077780840625 0.7243712 0.0728100578125 0.6770773609375 0.06873729687499999 0.6570127296875 0.032416221875 0.6010598640625 0.0072482625 0.5951665015625001 0.0296167859375 0.8079887812500001 0.036592803125000004 0.8089632968749999 0.059714 0.786040465625 0.0732066421875 0.7555910124999999 0.077780840625 0.7243712