1 0.175938384375 0.7288429078124999 0.15743290468749999 0.7526250703125 0.144066303125 0.8015304921874999 0.1534131296875 0.8859556046874999 0.1929395921875 0.9455772 0.2322761171875 0.9694134125 0.260636684375 0.9686370406249999 0.27838065312500004 0.958560359375 0.3014124046875 0.8968753453125 0.2977332359375 0.8324126625 0.28610187656249997 0.7891039906249999 0.271467265625 0.7562872125 0.2443336765625 0.7262688093749999 0.21590979531249999 0.7151167203125001 0.175938384375 0.7288429078124999
1 0.137255496875 0.8805497859375 0.1508343140625 0.766841228125 0.145336078125 0.7264056906249999 0.132351115625 0.6900348734375 0.10373729843749999 0.643097403125 0.074721328125 0.6251776875 0.04058699375 0.638393196875 0.0129451421875 0.669794115625 0.033964359374999996 0.910044875 0.0666389828125 0.936168784375 0.0930538578125 0.9355626406249999 0.11798850624999999 0.918037428125 0.137255496875 0.8805497859375
1 0.11090746250000001 0.5793903828125 0.10680386093750001 0.6445339703124999 0.1320550703125 0.686651059375 0.15242065 0.751358728125 0.1850747578125 0.7212241515625 0.221746875 0.7146060421875 0.2731169140625 0.7527331734375 0.28123852656250004 0.711106053125 0.27844749375 0.6567948125 0.2704114734375 0.609761875 0.250764609375 0.5756787546875 0.2021650875 0.5356043781250001 0.161474959375 0.5187060171875 0.1348273515625 0.527856809375 0.11090746250000001 0.5793903828125
0 0.2644272546875 0.5301571453125 0.2485656671875 0.5281351390625 0.23424761875 0.5549606609375 0.27265321249999996 0.6129754625 0.282592128125 0.7041682 0.2811957296875 0.75543608125 0.30352751875 0.8762320109375 0.311669646875 0.89086338125 0.328652103125 0.8944921812500001 0.3443870671875 0.8726572640624999 0.348151828125 0.8484598921875 0.3239171421875 0.683504159375 0.30319220625 0.60348421875 0.267154975 0.5725399265625 0.26597079375 0.559004671875 0.2751071671875 0.5513859140624999 0.2644272546875 0.5301571453125
0 0.3359711734375 0.754053565625 0.3453607953125 0.7941486484375 0.3576903546875 0.8118233796875 0.3724310734375 0.8122385921875 0.38321709375 0.8010657953125 0.38909696875 0.7562250890625 0.370529940625 0.6112317859374999 0.3464629125 0.5826499515625 0.34521541875 0.5571862375000001 0.32186710625 0.55922895 0.3127512484375 0.6231061953125 0.3359711734375 0.754053565625
0 0.3808504953125 0.6171482828125 0.391508128125 0.7389655703125 0.38152465 0.8489498624999999 0.40929312656250005 0.8414058640625001 0.43659613750000004 0.850951159375 0.4533048296875 0.7506076296875 0.44818823124999996 0.6248958499999999 0.4340190875 0.574989778125 0.41691000625 0.547504059375 0.4049398046875 0.5451416015625 0.38224689375 0.565880403125 0.39210198281249997 0.5888861921874999 0.3808504953125 0.6171482828125
0 0.4403216328125 0.5573898078124999 0.4478921859375 0.6215120375 0.478937678125 0.7074484765625 0.4957507125 0.73155038125 0.508841784375 0.7355196328125 0.523392565625 0.7001494625 0.5204321125 0.666311328125 0.506981684375 0.6470298031249999 0.5053748328125 0.6062538140625 0.49255929218750005 0.549409890625 0.4782840390625 0.531905384375 0.4513403859375 0.5376723640625001 0.4403216328125 0.5573898078124999
0 0.523161596875 0.55184710625 0.5134331328124999 0.5526982359375 0.502710425 0.5757994937500001 0.5089273765625 0.6468595781250001 0.522081759375 0.6627572890625 0.523392565625 0.7001494625 0.508841784375 0.7355196328125 0.50461155625 0.7768062984374999 0.5120554859374999 0.817071609375 0.5279803859375 0.8310220749999999 0.5385336734374999 0.828393925 0.5560877046875 0.7825318625000001 0.5600218875 0.7378613828125 0.5503362187499999 0.6943824843749999 0.554397025 0.673568925 0.5500829703125001 0.64666864375 0.56209596875 0.604701071875 0.5457483984375 0.5635098734375 0.523161596875 0.55184710625
2 0.5755704421875001 0.366547078125 0.5657358703125 0.3997997765625 0.5757175828125 0.4466624859375 0.5694150375 0.464262459375 0.571191309375 0.48456533906250004 0.5810463984375 0.5075711296875001 0.5727981609375 0.5253413265625 0.5751665234375001 0.5524118359375 0.6377880499999999 0.562276875 0.6774206203124999 0.5894969031249999 0.6931127874999999 0.6119920140625 0.70172038125 0.609534090625 0.7188089468750001 0.5807613218750001 0.7282841624999999 0.53219635 0.7207564046875 0.42374409062499996 0.703287965625 0.3809460984375 0.6778040234375 0.34737365625 0.63681785 0.32709148125 0.6118198890625 0.332688234375 0.5755704421875001 0.366547078125
2 0.6305170703125 0.18784445156250001 0.629628934375 0.17769300937500002 0.5993859859375 0.19056806875 0.57870208125 0.22306510156249998 0.550447621875 0.19143990625 0.54998215625 0.2085292 0.507662896875 0.2514433671875 0.532871309375 0.337890484375 0.5468505171875 0.352011175 0.5525609703125001 0.327643575 0.5606397875 0.330346484375 0.572799925 0.3684943234375 0.6079285046875 0.3330286859375 0.646842359375 0.32962416562499997 0.6542657734375 0.31363098749999996 0.6560848406249999 0.289603840625 0.646229753125 0.26659805 0.6054130015625 0.22584277031250002 0.6174893124999999 0.19580366093749998 0.6305170703125 0.18784445156250001
2 0.6635510515624999 0.22928063437500001 0.6464847671875 0.1574648890625 0.6616909515625 0.14079080625 0.6717154609375 0.1433234890625 0.6698330796875 0.155422175 0.6751413796875 0.16007232968750001 0.68711158125 0.1624347875 0.6892900078124999 0.153719915625 0.6721809265625 0.1262341953125 0.643587625 0.1355552125 0.633669225 0.10062096250000001 0.6098349296875 0.06349448125 0.5594163390625 0.0474472515625 0.517499234375 0.061343665625 0.48685413125 0.10323647656249998 0.47737891718750003 0.151801446875 0.47868972187500003 0.18919362343749999 0.4909131734375 0.23926992187499999 0.49681356406250005 0.250687703125 0.5073668515625 0.248059553125 0.54998215625 0.2085292 0.5625444484375001 0.2176592828125 0.5594145734375 0.20429425625 0.5703272187499999 0.2169783796875 0.5820013765625001 0.21595702343749998 0.60268528125 0.1834599875 0.62155011875 0.17499009999999998 0.6635510515624999 0.22928063437500001
2 0.8861402890625 0.4092748765625 0.8686718515624999 0.36647688437500003 0.8521548609374999 0.34575879062500003 0.8150600734375001 0.325136165625 0.8032592921875 0.30230060000000003 0.7781347078125 0.2840404328125 0.7687656015625 0.3002038375 0.7651274640625 0.3482581296875 0.7397906625 0.394801096875 0.7264240625 0.4437065203125 0.7336557734375 0.548774965625 0.7519490359375001 0.5897959390625 0.792808584375 0.5862211921875 0.8560222015625 0.6028538593749999 0.8623247453125 0.5852538859374999 0.8623675421874999 0.540923859375 0.8787373921875 0.4815265421875 0.845533990625 0.46056346562500006 0.8661117875000001 0.460467996875 0.868945615625 0.4704492125 0.8842151125 0.4657035890625 0.8861402890625 0.4092748765625
2 0.8569138671875001 0.299311290625 0.83779578125 0.2600673375 0.8193330968750001 0.2395194703125 0.798988034375 0.231070290625 0.7739900734375 0.23666704218749998 0.7538982578125 0.2759317046875 0.7128692890624999 0.299979559375 0.7076876140625 0.319186325 0.71807148125 0.3370312828125 0.699735421875 0.3403403359375 0.7004541375 0.3709648828125 0.7182186203125001 0.417146690625 0.7265934828125 0.4232334125 0.7661850218749999 0.3379364625 0.767115953125 0.30375787656250003 0.7781347078125 0.2840404328125 0.790104909375 0.2864028890625 0.8170057671875 0.32496593906250004 0.8351090921875001 0.3302015328125 0.8672549374999999 0.36148627499999997 0.8569138671875001 0.299311290625
2 0.7636490031250001 0.1744920578125 0.7378690140625 0.137535803125 0.692399365625 0.1108264546875 0.6305598671875 0.14351442187500002 0.5988366921875 0.1394704125 0.6046309734374999 0.1832897609375 0.632695496875 0.17912957812500002 0.6144860624999999 0.206295553125 0.6112500796875 0.2253320921875 0.6425711 0.2583938546875 0.6605683171875001 0.296031015625 0.6535042609375 0.32733646875 0.68865335625 0.34812931874999997 0.69083178125 0.339414446875 0.69920664375 0.3455011703125 0.7063340124999999 0.326124178125 0.7035001828125 0.31614296406250003 0.719763925 0.2891472140625 0.7516565203125001 0.2727181171875 0.7775221015625 0.2210143171875 0.7636490031250001 0.1744920578125