0 0.5027688046875001 0.759863490625 0.52102864375 0.7406637875000001 0.5805519875 0.571804115625 0.61420926875 0.4608662234375 0.6354098593749999 0.38379630468750003 0.6637483140625 0.300322178125 0.696272140625 0.2203725375 0.7166032078125 0.18912629375 0.6835548015625 0.1902652453125 0.665751371875 0.2003618203125 0.6297772265625 0.256714575 0.573318403125 0.3428854453125 0.514512915625 0.4739311625 0.4580927 0.636439721875 0.44614200937500004 0.6929678609375001 0.447783503125 0.7174012750000001 0.45911923125 0.7487177546875 0.47466079375000003 0.76180556875 0.5027688046875001 0.759863490625
0 0.8703241374999999 0.23314602187500003 0.833804459375 0.271545428125 0.8044146765625 0.359489978125 0.6703644234375 0.5910896109375 0.589760071875 0.7614058421875 0.6064813078125 0.7678033859375 0.6305115046875 0.7496211515625 0.7488921796875 0.5394025250000001 0.8598610015625001 0.3037330140625 0.8760944953124999 0.2341634921875 0.8703241374999999 0.23314602187500003
0 0.5198489687500001 0.7473540578125 0.51395059375 0.780805409375 0.5195159640625 0.8111044156249999 0.5433411734375 0.8222037234374999 0.5635244640625 0.8033431765625 0.6734675515624999 0.584738496875 0.7807693296875 0.40360861562499994 0.8149037359375001 0.3337463671875 0.8264185296875001 0.29093792500000004 0.844228596875 0.24228139531249998 0.805696446875 0.27348750625 0.7756909046875 0.31993380781249997 0.75817484375 0.3461629390625 0.7342985875 0.374719734375 0.6943938234375 0.44356451249999995 0.651078053125 0.49801128125 0.6255092531249999 0.5417907609375 0.6188671 0.5682126859375 0.5993506156249999 0.588915378125 0.5439302140625 0.6895157234375 0.5198489687500001 0.7473540578125
0 1 0.189335253125 0.964701334375 0.21529587499999997 0.895277975 0.277211159375 0.8301633390625 0.370928440625 0.7539187593750001 0.53339056875 0.6293318296875 0.756311421875 0.635640978125 0.7936398578125 0.651926315625 0.8137570984375 0.6788546531249999 0.818505290625 0.7054751109375 0.8025043609375 0.7324544953125 0.7675964515625 0.8180343796875 0.6309243640625 0.9417235921874999 0.39059952343750004 1 0.307500028125 1 0.189335253125
0 1 0.338728653125 0.9430572078124999 0.39428381562500003 0.858964878125 0.5450147546874999 0.8268308953125001 0.6204034390625 1 0.458732175 1 0.338728653125
0 1 0.46023959375 0.8212144765625 0.6297605328125 0.787439 0.680715803125 0.7879008187500001 0.7118394875 0.793158309375 0.7213893734375 0.8270366796875 0.720464765625 0.8863299093749999 0.6653861156249999 0.9842712578124999 0.5429656765625 1 0.5136182234375 1 0.46023959375
0 0.598579321875 0.278356840625 0.6058113125 0.24858978281250002 0.59234714375 0.24621568593749998 0.5833966890625 0.24636204843749998 0.5494672703125 0.28694275625 0.49950934687500004 0.3678114484375 0.4039281453125 0.6061942140625 0.3981837109375 0.650020125 0.4062623703125 0.67731315625 0.42742034999999995 0.681043878125 0.4468598640625 0.6551539046875 0.5425690828125 0.382302321875 0.598579321875 0.278356840625
0 0.5193847593750001 0.328201778125 0.5939627171875 0.22580571875 0.604425853125 0.1552187265625 0.5990144234375 0.13529427968750002 0.584293609375 0.134423171875 0.5536982296875 0.184214609375 0.5197436859375 0.3092948015625 0.5193847593750001 0.328201778125
0 0.46224589062500004 0.3991814296875 0.4783254453125 0.31923734531250003 0.47945327656250003 0.22286031093749997 0.4572946875 0.15169493750000002 0.44375354843750003 0.14413356093750002 0.41218348125000004 0.1713337296875 0.38594787343750003 0.213271065625 0.3542505859375 0.4042829171875 0.35471240625 0.435406603125 0.3747425546875 0.535514359375 0.40633854375 0.553157571875 0.43036874062499997 0.5349753390624999 0.45444998593749997 0.4771370046875 0.4656568984375 0.41357943906249994 0.46224589062500004 0.3991814296875
0 0.31003630000000004 0.311982834375 0.29264825625 0.30374314375 0.2821591984375 0.329486753125 0.28398055625 0.40913811093749997 0.3126022328125 0.5280064828125 0.3274777828125 0.6685950171874999 0.3480207984375 0.76017035625 0.38071949374999997 0.76593601875 0.39320897499999996 0.7457188453125 0.3982096328125 0.6948635078125001 0.3677665984375 0.49634377656249995 0.31003630000000004 0.311982834375
0 0.3261441671875 0.664910725 0.3086013875 0.516953609375 0.29193119843750004 0.47089996406249995 0.1597250359375 0.309622878125 0.11192067812499999 0.2770497046875 0.083735696875 0.2738045 0.051703809375 0.26988098437499997 0.032033384375 0.280209115625 0.025468201562499997 0.3118183203125 0.04937038125 0.32810490625 0.10312495937499999 0.4169134921875 0.1602646234375 0.47527670781250003 0.19596435 0.5540034578124999 0.2654144296875 0.6662744203125001 0.3040374234375 0.6834321140624999 0.3261441671875 0.664910725
0 0.1602881546875 0.1320914953125 0.14687583125 0.2194041625 0.16541842499999998 0.30545306562499996 0.244998634375 0.4108873953125 0.2398968359375 0.3823256484375 0.2305462265625 0.3353964203125 0.2164092234375 0.2792638078125 0.2007127203125 0.213800121875 0.1943048 0.1910749453125 0.175464815625 0.1661577375 0.1602881546875 0.1320914953125
0 0.14336432187499998 0.5430040843749999 0.16775424375 0.6352577375 0.1890661625 0.649363021875 0.2181229390625 0.62516883125 0.2241752546875 0.60209204375 0.216840371875 0.5818284390625 0.1940408984375 0.5536643015625 0.1596747859375 0.4786218421875 0.12910453125000002 0.443913796875 0.14336432187499998 0.5430040843749999
0 0.10058734062500001 0.63376181875 0.126207984375 0.6796691015625 0.1492894171875 0.68373898125 0.16947270781249998 0.664878434375 0.1743453484375 0.648491915625 0.1605733 0.6253686953125001 0.12133374999999999 0.437369890625 0.0979444390625 0.4125508875 0.047446928124999996 0.3277657484375 0.024288526562500003 0.318508590625 0.0160308 0.3653404796875 0.0194418078125 0.379738490625 0.0569369703125 0.4932732171875 0.0673239328125 0.546841809375 0.10058734062500001 0.63376181875
0 0 0.5051149421875001 0.025546765625000002 0.5756913296875 0.051757246874999996 0.6182534765625001 0.0875590703125 0.6176680250000001 0.0892516125 0.6024453390625 0.07073494062499999 0.5612398187500001 0.05426974062499999 0.48590463437500003 0.014851125000000001 0.3720307515625 0 0.45625566875 0 0.5051149421875001
0 0.1104064046875 0.0888046046875 0.11276575468750001 0.07542406406249999 0.1329490453125 0.0565635171875 0.125024325 0.039645048437500004 0.112303934375 0.044300378125 0.0967882953125 0.076055946875 0.0848376046875 0.132584084375 0.093916875 0.2273117671875 0.102893253125 0.2720087859375 0.15646796875 0.3055994296875 0.1593401875 0.28368647343750003 0.14377270312499998 0.2257552765625 0.146132053125 0.21237473593749998 0.1104064046875 0.0888046046875
0 0.273597634375 0.37294231718750004 0.2835681984375 0.3050382265625 0.3028944921875 0.293120284375 0.31563236875 0.3072089046875 0.34104831562500004 0.3770619671875 0.337108359375 0.29218690937499997 0.3466636890625 0.17892913593749998 0.37175983281249997 0.12065829531250001 0.392158378125 0.102659821875 0.377509059375 0.090324053125 0.34029130625000004 0.11510954375 0.307414540625 0.1538961921875 0.285472665625 0.18973479531249998 0.26985154843750003 0.303316215625 0.273597634375 0.37294231718750004
0 0.6921886265625 0.44117813593750005 0.7359687859374999 0.36642622343750003 0.75129514375 0.28998405312500003 0.7661916390625 0.2145890484375 0.7611767546875 0.1726041046875 0.7426220765625 0.1756020109375 0.7228814296875 0.19441309375 0.70068605625 0.256678521875 0.6748546875 0.33502172343750003 0.6589171687500001 0.41859265468749995 0.6439638000000001 0.4988539453125 0.6921886265625 0.44117813593750005
0 0.08945420937500001 0.18513520625 0.079452096875 0.15750301875 0.0567295921875 0.1345261625 0.042573490625 0.21480940468749998 0.054140129687500003 0.261687725 0.061321071875 0.2715767671875 0.09712289375 0.27099131718749997 0.08945420937500001 0.18513520625