1 0.765023965625 0.8771119078125 0.796528934375 0.8486733265625 0.8152689515624999 0.8065931984375 0.8216735734375 0.767961759375 0.8160439359374999 0.7138710203125 0.8031073843750001 0.6779578046875 0.7838957468750001 0.6394963734375 0.7528214484375 0.6078473125 0.7243256015624999 0.60156178125 0.6894683109375 0.6201811359375 0.6683214421875 0.6591694046875001 0.652675790625 0.7162501906250001 0.6529758109375 0.7745200796875 0.667330565625 0.8205243421875 0.7002958031250001 0.86562813125 0.729006428125 0.88045878125 0.765023965625 0.8771119078125
1 0.61472190625 0.8742246375 0.63561081875 0.8404178046874999 0.6534485453125 0.7778837625 0.653191703125 0.7058873218749999 0.6431779171875001 0.6627030953124999 0.6164877671875 0.6201475203125 0.539768521875 0.5794778953125 0.5087794671875 0.59755360625 0.488062153125 0.6536321078125 0.48354847031250003 0.7057182765625 0.490639490625 0.7561735109375001 0.5126443593750001 0.8285435874999999 0.538861775 0.8677354796875001 0.5762543375 0.8882062046874999 0.61472190625 0.8742246375
1 0.6955286203125 0.6141842359374999 0.663595209375 0.5483547062499999 0.6264606015624999 0.522702546875 0.5907010203125 0.5208679875 0.5669757 0.5344927265625 0.546817478125 0.56648180625 0.5479777265625 0.5817542890625 0.6208287359375 0.6229675578125 0.6427051828125 0.6593394140625 0.6517734984375 0.695796275 0.6955286203125 0.6141842359374999
1 0.4588743375 0.9441492765625 0.4841042203125 0.9131624828125 0.503832884375 0.86408316875 0.50632609375 0.8397219234375 0.494464546875 0.7693564171875 0.45814698906249995 0.7144334031249999 0.42870567187499997 0.7014205062500001 0.39582567812499997 0.7060414890625 0.36818894375 0.7339364234375 0.35477854375 0.7718374015625 0.3502216828125 0.8376501218750001 0.360192290625 0.8945608999999999 0.380607353125 0.934568259375 0.416538534375 0.9586744890625001 0.4588743375 0.9441492765625
1 0.4866007703125 0.6572676125 0.5124329234375 0.58846484375 0.49855090312500006 0.5458242640625001 0.47761992500000006 0.5161797734375 0.4491672578125 0.49616768906250003 0.420155496875 0.5002450265625 0.3750685296875 0.5443129156250001 0.350526159375 0.5872085109375 0.345023828125 0.646293865625 0.3516421140625 0.6933854187499999 0.36625482656249997 0.734208246875 0.39195744375 0.706585134375 0.42049646875 0.6991441140625 0.44705819843750005 0.70570146875 0.4800666140625 0.7370787078125 0.4866007703125 0.6572676125
0 0.360192290625 0.8945608999999999 0.3493625703125 0.8034696531250001 0.36406275312499997 0.7396615046874999 0.344078359375 0.6395665015625001 0.347388615625 0.585934403125 0.330153159375 0.6106524734375001 0.3145916359375 0.79463590625 0.318243978125 0.8627250203125 0.32735547343750004 0.885455328125 0.34325796875000003 0.9003709843750001 0.360192290625 0.8945608999999999
0 0.3135598109375 0.815361646875 0.32619856875000003 0.638649221875 0.3114142578125 0.5755547265625001 0.3015288921875 0.5683687203125001 0.27806152812499996 0.576812025 0.28283205312500004 0.596722296875 0.27066825781250003 0.6224426515625 0.265379590625 0.7672510015625 0.27251379062500003 0.8039796828125001 0.29804369375 0.831262778125 0.3135598109375 0.815361646875
0 0.2843753359375 0.8743451890625 0.2787025203125 0.8339810015625 0.2639182078125 0.77088650625 0.2604817578125 0.634164634375 0.247673628125 0.6342496390625 0.24311788124999997 0.622884484375 0.2514566203125 0.5839812234374999 0.2410985203125 0.5734315359375 0.2159549953125 0.5769652265625 0.2055105390625 0.59386864375 0.19416267812500002 0.66749601875 0.205378775 0.7894040484375 0.232884859375 0.87986664375 0.2546760640625 0.866513728125 0.279518453125 0.8818880203124999 0.2843753359375 0.8743451890625
0 0.150535978125 0.785106278125 0.1794624953125 0.73130416875 0.197214978125 0.6190453546875 0.185481853125 0.58467806875 0.1743930625 0.575946134375 0.1492495375 0.5794798265625001 0.1407391984375 0.59611141875 0.118086653125 0.72963961875 0.1222980875 0.7736393125000001 0.1319254953125 0.7860067515625 0.150535978125 0.785106278125
0 0.152683759375 0.8705574468749999 0.15831451093749999 0.8474703124999999 0.1498052859375 0.78692403125 0.133128921875 0.7875526796875 0.118945765625 0.7638200875 0.11761391875 0.7262759359375 0.13179818906250002 0.6728306546875 0.1343345765625 0.6347428609375 0.130036784375 0.618196271875 0.11533771562499999 0.604826546875 0.0969420125 0.6142721359375 0.08297252031249999 0.676262534375 0.0860668859375 0.69126319375 0.1049353234375 0.6851812859375 0.113832040625 0.699366478125 0.1091899359375 0.7154544265625 0.0900635421875 0.72671776875 0.10235464375 0.8141735078125001 0.1147752828125 0.86044959375 0.1296891296875 0.8823644343750001 0.152683759375 0.8705574468749999
2 0 0.5315261875 0.014462479687499998 0.6378693015625 0.050178882812500006 0.6534304125 0.06423361718750001 0.6411647859375 0.05198569374999999 0.5399824953125 0.0395218765625 0.5074329609375 0.03720138125 0.4768879984375 0.0235341390625 0.4427925359375 0 0.429367746875 0 0.5315261875
2 0 0.4267398359375 0.026671682812500003 0.4440666421875 0.022417070312500002 0.41379350312499996 0.028993292187500002 0.39743373125 0.041973021875 0.4196203953125 0.05482432968749999 0.4058088390625 0.0675472171875 0.3559990609375 0.06569945625 0.32881778125 0.07734733906249999 0.31346029531249997 0.0708574734375 0.3023669625 0.036086540625 0.293533215625 0.011802128125 0.331247375 0 0.3373073796875 0 0.4267398359375
2 0 0.29338057968750003 0.023943709375 0.2905446484375 0.06492743281249999 0.29586925000000003 0.083080415625 0.2662995765625 0.09852507656250001 0.2287971453125 0.108838796875 0.208642603125 0.0943115484375 0.1724334203125 0.0775009265625 0.14723265624999998 0.038140995312499995 0.1222819828125 0 0.1314517765625 0 0.29338057968750003