1 1 0.183573884375 0.930342609375 0.10690214375 0.9071150015624999 0.1022834359375 0.8746634265625 0.124392525 0.8565735578125 0.1523563796875 0.842026521875 0.2060164125 0.83900440625 0.2636818421875 0.8528201984375 0.373250715625 0.8694803359375 0.428546246875 0.904225303125 0.49329306562499997 0.9354299562499999 0.5136361359375 1 0.5035202625 1 0.183573884375
1 0.9765066718750001 0.9613723562500001 0.9976640109374999 0.5390067890625 0.9451746390625001 0.5702699421874999 0.919636 0.609748328125 0.878316003125 0.6518010453125 0.847101271875 0.7062882609375001 0.8318431500000001 0.7735166296875 0.8337835203124999 0.8484491343749999 0.8568257984375001 0.912582640625 0.8867885703124999 0.937962728125 0.9452995 0.9597368578125 0.9765066718750001 0.9613723562500001
1 0.83967470625 1 0.8449428171875001 0.9340689843750001 0.815886540625 0.760775478125 0.784506634375 0.7251169203125001 0.7398240953124999 0.7193738062499999 0.6981535937500001 0.7307955500000001 0.6639268234375 0.768117909375 0.642995128125 0.8316475375 0.6385508390625 0.9164496375000001 0.6493596312500001 0.9714385125 0.6669346765624999 1 0.83967470625 1
1 0.8297174500000001 0.7580989234375 0.854019246875 0.6862424140625001 0.921055653125 0.6013192265625 0.9182213859375 0.5807622859375 0.9029758625 0.5544527968749999 0.8802815687500001 0.5396578375 0.826024559375 0.530011546875 0.7997798734375 0.5456431234375 0.7712266765625 0.586664221875 0.7598694515625 0.654097028125 0.7653602140625 0.69860299375 0.7731594875 0.717719440625 0.8190788703124999 0.7558406796875 0.8297174500000001 0.7580989234375
1 0.7162459828125 0.6841241250000001 0.7387675437500001 0.664896025 0.754906965625 0.63682995 0.7673257796875 0.586459784375 0.7527989015625 0.49045924531249996 0.7341857953125001 0.4537690671875 0.7081239203125 0.4285934171875 0.664858515625 0.43312877343749995 0.63878908125 0.4640758390625 0.630433815625 0.6235037875 0.64886915 0.6635860499999999 0.6742224578125 0.6836224640624999 0.7162459828125 0.6841241250000001
1 0.8104209734375001 0.529193796875 0.8536939374999999 0.4685357234375 0.8622118562500001 0.4179611203125 0.842364428125 0.3301852453125 0.82729415625 0.31919124375 0.8056614546875001 0.321458921875 0.7707261171875001 0.35364204374999997 0.75033025625 0.38828784843749997 0.7370225828125 0.4556184359375 0.7641410093750001 0.5352718671875001 0.8104209734375001 0.529193796875
1 0.4744256671875 0.409543009375 0.4996087625 0.37684879375 0.5269150390624999 0.37827985468750003 0.545535703125 0.35884731875 0.5650477453125 0.303746790625 0.57019808125 0.2427914984375 0.55673279375 0.163853596875 0.5294340765625 0.1062998203125 0.4537322140625 0.0206988390625 0.41472324687500006 0.018654465624999998 0.39432990625 0.0345927 0.3712725109375 0.082704621875 0.36346063906250003 0.15712603281249998 0.36486265625000003 0.27964993125 0.3765552671875 0.3550935296875 0.391445246875 0.3881871859375 0.41680107499999997 0.3895160296875 0.4237140109375 0.4068853234375 0.4456997375 0.4165410484375 0.4744256671875 0.409543009375
1 0.2514958921875 0.7448026203125 0.2795132546875 0.7326653453125 0.319951953125 0.65145033125 0.3256356046875 0.5803187859375 0.31766611718750004 0.508471709375 0.2972803359375 0.468287228125 0.26004908437499996 0.43232201562499994 0.22352388125 0.420203609375 0.1726344546875 0.4209380078125 0.1479821546875 0.46216354375 0.1325462609375 0.5327839953125 0.13324726874999998 0.5940459437500001 0.1442338328125 0.6456427359375 0.1772061234375 0.7068952515625 0.22525372500000002 0.741726625 0.2514958921875 0.7448026203125
1 0.563542425 0.9482333203125 0.5747143203125 0.9403153124999999 0.5679841953125 0.8821387921875001 0.5750849812500001 0.821285715625 0.601868021875 0.7580627437499999 0.631129784375 0.72218088125 0.621913378125 0.6927859640625 0.605425971875 0.6715134921875 0.5713845328125 0.6493210515625 0.5282968984374999 0.650464325 0.5057753375 0.669692425 0.48537947656249997 0.7043382296875 0.45504604375 0.7979877390625 0.45645813906250005 0.8456813515625001 0.46496597812499996 0.8699370343749999 0.4890748859375 0.9137180359375 0.5275480171875 0.9446462328124999 0.563542425 0.9482333203125
1 0.454152146875 0.8523633015625001 0.455223815625 0.7945956546875 0.48325125625 0.7076280953125 0.50169666875 0.672880071875 0.547981671875 0.6293868578125 0.55135429375 0.602352403125 0.5421353671875 0.5916650578125 0.5437353109374999 0.5611363015624999 0.51944863125 0.520747384375 0.4898363640625 0.525998271875 0.4676753859375 0.5010270578125 0.4529556171875 0.5206640328125001 0.43114514374999996 0.5263237953125001 0.4245801921875 0.558293046875 0.410038196875 0.5745379359375 0.42262470468749996 0.5956059703125 0.3779396453125 0.6085704296875 0.3568326984375 0.6567845703125 0.3465370640625 0.7412800140625 0.354156046875 0.7824961171875 0.3876616515625 0.8335723796875 0.41868853437500003 0.8573075343750001 0.454152146875 0.8523633015625001
1 0.2246926953125 0.9576861624999999 0.2544877734375 0.9116280484375 0.28960088281249996 0.876052840625 0.329676478125 0.8577447109375 0.3568049828125 0.8625678562499999 0.35982458125 0.8236099984375 0.3486602453125 0.7754052921875 0.3222453453125 0.7383062406249999 0.295116840625 0.7334830953125 0.2245401203125 0.7740025328125 0.20148272500000003 0.8221144546874999 0.19402639531250002 0.8897516984375 0.201645378125 0.9309678 0.2179550125 0.95563235625 0.2246926953125 0.9576861624999999
1 0.2760571875 0 0.26081308281250004 0.025894679687499998 0.24626604687500003 0.0795547125 0.2395107265625 0.20845390312499998 0.252447740625 0.26015291406249996 0.281699425 0.2991013359375 0.3357811828125 0.293432140625 0.3614950734375 0.2692692421875 0.36630498437500003 0.1028526890625 0.37677335156249997 0.052380303125000006 0.3673791734375 0.0263774703125 0.3455469296875 0 0.2760571875 0
1 0.7867003640625 0.23543019843750002 0.8113501453125 0.212912234375 0.8427426484374999 0.1550329328125 0.8622572093749999 0.081224834375 0.8596057531250001 0.0198606671875 0.6890304125 0.009220490625 0.688667309375 0.0721273734375 0.7030164171875 0.171519996875 0.726947553125 0.2186930828125 0.765954 0.23944502656250002 0.7867003640625 0.23543019843750002
1 0.7059982203125 0.4131757109375 0.7262188296875001 0.36321441875 0.74183249375 0.2892018828125 0.7452051156249999 0.2621674296875 0.7404204 0.24150826875 0.687593121875 0.1486025921875 0.6680886390625 0.14758040625 0.6404243000000001 0.171641084375 0.61381903125 0.23147197031250002 0.5992719953125001 0.28513200312500003 0.5960721078125 0.3461895171875 0.6017406421875 0.3873033984375 0.6238991 0.43098218125 0.6416283875000001 0.4472176375 0.7059982203125 0.4131757109375
1 0.4232929578125 0.90006635 0.4092842765625 0.9061349875 0.3828593 0.9438662203125 0.36689513125 0.98724778125 0.3704582609375 0.993897178125 0.4650550046875 0.9988547828125001 0.48977337500000007 0.9936875562499999 0.470454221875 0.933150571875 0.45201636875 0.91177588125 0.4232929578125 0.90006635
1 0.149579578125 0.4503423578125 0.17689089375 0.4143582765625 0.22192897656250002 0.41331722031250007 0.24179152343750002 0.38884766875 0.25102052812500003 0.32470472968749997 0.24659639531250002 0.2598462578125 0.23028928125 0.2164741296875 0.21362410468749998 0.1985937421875 0.14943708125 0.1918284421875 0.12886596875 0.211158759375 0.10172990468750001 0.26245832812500003 0.0972906546875 0.3098452859375 0.10437128281250001 0.3986527828125 0.140891446875 0.44818633124999996 0.149579578125 0.4503423578125
1 0.1649348453125 0.9783641921875 0.17770668437499998 0.939917428125 0.1715098734375 0.8715646546875 0.1470454234375 0.8345678203125001 0.122578453125 0.8162785578125 0.10094574999999999 0.8185462359375 0.0725728453125 0.8374676781250001 0.0395854359375 0.8884605921875 0.0406419875 0.9429383734375 0.0255666765625 0.9693595140625 0.05838653125 0.9775421921874999 0.1649348453125 0.9783641921875
1 0.3985107578125 0.5892401125 0.42600236562499993 0.531156375 0.42139542187499995 0.50710513125 0.4290244828125 0.473490946875 0.4160874703125 0.4217919375 0.3871888078125 0.3947669171875 0.3595269875 0.4001200234375 0.3306182484375 0.447925290625 0.3212165109375 0.478045171875 0.32297910937499996 0.5563697609375 0.33804686093749997 0.5860713343749999 0.36357794062500004 0.6027156625 0.3985107578125 0.5892401125
1 0.1570890359375 0 0.14928450625 0.0081448109375 0.1350955328125 0.0363131046875 0.1349076828125 0.1145354734375 0.15404906406250002 0.17846454375 0.2146882140625 0.19694880937499998 0.2311781390625 0.1995137109375 0.2364986890625 0.19128904687499998 0.243782284375 0.08962874531250001 0.2570899578125 0.0222981578125 0.24462734687499998 0 0.1570890359375 0
1 0.11603617968749999 0.679879665625 0.14228338437500002 0.6455405171875 0.128818096875 0.5666026171875 0.1478043828125 0.4655556265625 0.128480190625 0.442433784375 0.1009961421875 0.44439480781249996 0.07067278906249999 0.46321403125 0.054711139062500004 0.487888021875 0.0378581125 0.548230003125 0.036080396875 0.58215084375 0.04387715 0.6199748609375 0.06975873437499999 0.667250165625 0.09316159375000001 0.6871843625 0.11603617968749999 0.679879665625