1 0.423776584375 0.052976128125 0.40198538125 0.0396232125 0.35801659531249996 0.043734164062500004 0.3069136109375 0.0845737984375 0.2537480890625 0.1611398328125 0.22933636875 0.23660176875 0.22521129218749997 0.3080545640625 0.2464445171875 0.374495934375 0.2629492828125 0.3973962546875 0.2815597640625 0.39829672656250004 0.3088521859375 0.3935571234375 0.3575483171875 0.3558093484375 0.3885794375 0.3104337359375 0.4245958609375 0.23660273437499998 0.4350823828125 0.1900548265625 0.43873472500000005 0.12196571249999999 0.4347369546875 0.0802424140625 0.423776584375 0.052976128125
1 0.6098836328125 0.21633660156249998 0.58770605 0.2338004703125 0.546102053125 0.2982708859375 0.5346700625 0.3515461578125 0.5357882468749999 0.3997250015625 0.5539702859375 0.4948935828125 0.57902856875 0.5481520468750001 0.6081266859375 0.5796824859374999 0.6378691359374999 0.5855775765625 0.674788965625 0.5684705343750001 0.7255044578125001 0.4812698078125 0.7355614218750001 0.45181213593749997 0.74063196875 0.373631975 0.726920434375 0.3168230109375 0.6994552984375 0.26665640625 0.6524342140625 0.22231669531249998 0.6098836328125 0.21633660156249998
1 0.4930094625 0 0.48098305625000004 0.031859946875 0.47247383125000003 0.092406228125 0.477503428125 0.1548552671875 0.5170891796875 0.217015675 0.5574908656249999 0.2312690625 0.5987516625 0.211341984375 0.639410190625 0.15359893125 0.66240370625 0.0882280421875 0.667044696875 0.027138117187499998 0.663391240625 0.018049354687499998 0.5349634015625 0 0.4930094625 0
1 0.470111271875 0.1864025140625 0.452704215625 0.1839561109375 0.4360710296875 0.1970540140625 0.40972519218750003 0.2722441265625 0.3804134125 0.3264366796875 0.3491243359375 0.36663085624999997 0.33764916718750004 0.4061795765625 0.331589971875 0.47736055000000005 0.338683221875 0.581261065625 0.359400534375 0.6373395671875 0.3930543984375 0.6575048531250001 0.4314356109375 0.644033315625 0.47501690312499995 0.5935612734375 0.5023945671875001 0.5390969 0.5210471125 0.4765460484375 0.5374632921875 0.31763751406249996 0.532476875 0.2689150265625 0.5117595625 0.212836525 0.470111271875 0.1864025140625
1 0.2258578546875 0.4367749640625 0.1829208953125 0.46161165468750004 0.144196484375 0.5196265296875 0.12068705625000001 0.5746345500000001 0.1073209484375 0.6276379984375 0.10418451875000001 0.70608998125 0.113726684375 0.7434473140625 0.1611341484375 0.7569702390625 0.18060485625 0.8008681203125001 0.1934129875 0.8009531234375 0.22646458125 0.7833024375 0.2847449421875 0.7194606718750001 0.31861247187499997 0.6539029640625 0.325617134375 0.5759946265625 0.3064896265625 0.48755340937499997 0.29213375625000004 0.456379796875 0.26548567031250003 0.4354840484375 0.2258578546875 0.4367749640625
1 0.5800603953125 0.5688777843749999 0.572280746875 0.55406394375 0.560719221875 0.5661595593750001 0.5312347265625 0.5654459046875 0.5060480234375 0.5481856625 0.4865784296875 0.5814656578124999 0.4712782046875 0.634197284375 0.46758268281250004 0.6885598453124999 0.47497595312499996 0.7341904734375 0.5506235359375 0.8906021828125 0.5893922390624999 0.9234917359375 0.6133323374999999 0.9285713578125 0.63482240625 0.9230162875 0.6543351796875 0.9034628437500001 0.6840765156249999 0.8321800578125 0.691640271875 0.7783611406250001 0.6798628546875001 0.7218239984375 0.659145540625 0.665745496875 0.60425845 0.579138840625 0.5800603953125 0.5688777843749999
1 0.8390571734375 0.3960400375 0.7903178625 0.4200612625 0.7578253609375001 0.46180136875000005 0.7237430546875 0.5359041921875 0.6916812218749999 0.6377319406249999 0.683171996875 0.6982782234375 0.692069828125 0.7612709062499999 0.729764640625 0.8368860437500001 0.7706390609375 0.8477757515625 0.8036906546875 0.8301250640625 0.8506242703125 0.769833796875 0.8847065765625001 0.6957309734375 0.905722796875 0.6163617109375 0.9170252515625 0.5219067828124999 0.9115229203125 0.462821428125 0.8884419328125001 0.42356133749999997 0.8390571734375 0.3960400375
1 0 0.6846307656249999 0.0614180453125 0.631477128125 0.1161733734375 0.5225483796875 0.13568503125 0.4258170609375 0.1286781390625 0.3493696484375 0.1143222703125 0.3181960359375 0.0654534234375 0.30103760468749996 0.0212698609375 0.3136936734375 0 0.4765361515625 0 0.6846307656249999
1 0.2914927640625 0.7135487734375 0.2580547921875 0.762016246875 0.23892951093749998 0.8279307812500001 0.2410363421875 0.8831088093749999 0.24860121249999997 0.9064677671875 0.27383109375000003 0.9374545624999999 0.3074417796875 0.943893296875 0.33954790468749996 0.932969975 0.45099378906250004 0.792562175 0.460964396875 0.7356513984374999 0.448413109375 0.663569953125 0.42662190625 0.6502170359375 0.3913782375 0.6624144671875001 0.3643005953125 0.6586089515625 0.2914927640625 0.7135487734375
1 0.5178305328125 1 0.5413836187500001 0.9493307124999999 0.5460246093750001 0.8882407859375 0.5175276484375 0.8173484421874999 0.49715464843749996 0.7939044796875 0.4527131296875 0.8013791140625001 0.4213808734375 0.827846740625 0.35278559062500003 0.9159647453125 0.3239465453125 0.9667936156250001 0.32325903125 0.978702415625 0.485045859375 1 0.5178305328125 1
1 0.17414814375 0.131087125 0.1431170234375 0.17646273750000002 0.126355415625 0.22555886093750002 0.1206826 0.26592304843750003 0.1256258390625 0.30091898281249996 0.16525476875 0.37680594218749996 0.206903059375 0.4032399546875 0.24678883125 0.40713047343750003 0.25835035624999997 0.39503485625 0.2320886484375 0.343322321875 0.2232339953125 0.294056190625 0.23028183750000003 0.2298744046875 0.25516629218750003 0.15104878593749999 0.23019436718750003 0.12524342500000002 0.1934461375 0.1200787984375 0.17414814375 0.131087125
1 0.6918904296874999 0.24329744843749998 0.7327659640624999 0.33136502968750003 0.7433831343749999 0.40317465312499995 0.756965134375 0.4188039625 0.7813779671875001 0.4205199015625 0.8211773828125001 0.39695731875 0.858956325 0.3456698078125 0.87606113125 0.2520303484375 0.8753725046874999 0.186761271875 0.8664746734375001 0.1237685875 0.8360435953125 0.052604423437500006 0.8200547437499999 0.040066975 0.748492403125 0.03000954375 0.7285068953125 0.0529266703125 0.70452473125 0.111298371875 0.6917177156250001 0.1883912421875 0.6918904296874999 0.24329744843749998
1 0.813480875 1 0.8106986609375 0.9837503515625 0.7764425265625 0.9257690921874999 0.7150666859375 0.92743364375 0.690740209375 0.95317080625 0.675869540625 0.9888121999999999 0.675698675 1 0.813480875 1
1 0 0.9331524578125 0.1523260171875 0.9529642859375 0.174846796875 0.890957078125 0.1808628140625 0.806049553125 0.1674524140625 0.7681485765625 0.138397475 0.7503446874999999 0.1035833625 0.7454518828125 0.07031699062499999 0.7716476875 0 0.9002761312500001 0 0.9331524578125