1 0.2958984375 0.5706521734375001 0.2216796875 0.5163043484375 0.1650390625 0.49932065156250005 0.1083984375 0.5061141296875 0.068359375 0.5451766296875 0.052734375 0.5961277171875 0.048828125 0.657269021875 0.0546875 0.6946331515625 0.0751953125 0.737092390625 0.1044921875 0.7642663046875 0.1728515625 0.801630434375 0.275390625 0.8101222828125 0.306640625 0.786345109375 0.326171875 0.670855978125 0.318359375 0.6097146734375001 0.2958984375 0.5706521734375001
1 0 0.541779890625 0.0244140625 0.5978260875 0.046875 0.6097146734375001 0.0546875 0.5587635875 0.0712890625 0.5298913046875 0.1083984375 0.502717390625 0.1494140625 0.4959239125 0.154296875 0.4840353265625 0.1484375 0.358355978125 0.158203125 0.3006114125 0.1240234375 0.234375 0 0.266644021875 0 0.541779890625
1 0.330078125 0.4025135875 0.318359375 0.36514945625 0.2841796875 0.3158967390625 0.2392578125 0.278532609375 0.2041015625 0.27513587031250003 0.1748046875 0.2955163046875 0.154296875 0.33797554375 0.150390625 0.385529890625 0.154296875 0.436480978125 0.17578125 0.49082880468749995 0.310546875 0.57235054375 0.3408203125 0.5434782609375 0.36328125 0.487432065625 0.357421875 0.44667119531250005 0.330078125 0.4025135875
1 0.35546875 0.08322010937499999 0.337890625 0.018682065625 0.3232421875 0 0.1552734375 0.006793478125 0.14453125 0.0628396734375 0.154296875 0.1137907609375 0.154296875 0.188519021875 0.1787109375 0.2309782609375 0.2041015625 0.254755434375 0.2607421875 0.28872282656250003 0.279296875 0.28702445625 0.3056640625 0.27173912968749997 0.32421875 0.2428668484375 0.353515625 0.1443614125 0.35546875 0.08322010937499999
1 0 0.2564538046875 0.029296875 0.25985054375 0.1142578125 0.234375 0.146484375 0.188519021875 0.154296875 0.161345109375 0.154296875 0.1205842390625 0.1240234375 0.020380434375 0.0771484375 0 0 0.005095109375 0 0.2564538046875
1 0.5576171875 0.356657609375 0.568359375 0.331182065625 0.580078125 0.2836277171875 0.580078125 0.22927989062499998 0.564453125 0.1579483703125 0.5478515625 0.1290760875 0.5400390625 0.12228260937499999 0.4970703125 0.1392663046875 0.4111328125 0.13247282656249998 0.3740234375 0.1664402171875 0.330078125 0.25985054375 0.318359375 0.344769021875 0.333984375 0.4059103265625 0.3681640625 0.448369565625 0.4150390625 0.448369565625 0.4267578125 0.46535326093749996 0.435546875 0.463654890625 0.4755859375 0.448369565625 0.5048828125 0.42119565156250005 0.5283203125 0.3804347828125 0.5576171875 0.356657609375
1 0.654296875 0.49422554375 0.646484375 0.4398777171875 0.6298828125 0.3940217390625 0.6064453125 0.370244565625 0.5732421875 0.356657609375 0.5478515625 0.3634510875 0.5283203125 0.383831521875 0.494140625 0.46025815156250005 0.47265625 0.5553668484375 0.47265625 0.643682065625 0.490234375 0.698029890625 0.5185546875 0.7336956515625 0.591796875 0.7387907609375 0.6181640625 0.71671195625 0.64453125 0.65047554375 0.654296875 0.5825407609375 0.654296875 0.49422554375
1 0.466796875 0.6165081515625 0.46484375 0.528192934375 0.4462890625 0.47214673906250004 0.4013671875 0.47214673906250004 0.3916015625 0.461956521875 0.3857421875 0.48573369531250005 0.3740234375 0.48233695625 0.34375 0.5485733703125 0.33203125 0.606317934375 0.326171875 0.7116168484375 0.31640625 0.7659646734375001 0.3203125 0.8440896734375001 0.330078125 0.8916440218749999 0.3447265625 0.92391304375 0.3623046875 0.9408967390624999 0.388671875 0.9391983703125 0.4267578125 0.92391304375 0.46484375 0.8135190218749999 0.474609375 0.6606657609375 0.466796875 0.6165081515625
1 0.828125 0.6470788046875 0.830078125 0.59952445625 0.822265625 0.5383831515625 0.806640625 0.49082880468749995 0.7763671875 0.4585597828125 0.7412109375 0.4585597828125 0.6923828125 0.4959239125 0.66015625 0.5587635875 0.646484375 0.6470788046875 0.626953125 0.7048233703125 0.6328125 0.7727581515625 0.6474609375 0.8050271734375001 0.6904296875 0.8525815218749999 0.724609375 0.8576766296875 0.7587890625 0.8322010875 0.794921875 0.7727581515625 0.818359375 0.7048233703125 0.828125 0.6470788046875
1 0.744140625 0.1341711953125 0.7216796875 0.0951086953125 0.6865234375 0.06793478281250001 0.6533203125 0.071331521875 0.6123046875 0.10529891250000001 0.5859375 0.1647418484375 0.583984375 0.28702445625 0.599609375 0.33797554375 0.6318359375 0.3804347828125 0.6572265625 0.3940217390625 0.6953125 0.395720109375 0.7275390625 0.3736413046875 0.751953125 0.3209918484375 0.755859375 0.1783288046875 0.744140625 0.1341711953125
1 0.591796875 0.0016983703124999999 0.361328125 0.0016983703124999999 0.37890625 0.0628396734375 0.4130859375 0.10869565156250001 0.4521484375 0.13247282656249998 0.5078125 0.1341711953125 0.5380859375 0.12228260937499999 0.5771484375 0.06453804375 0.587890625 0.0390625 0.591796875 0.0016983703124999999
1 0.953125 0.3515625 0.931640625 0.2700407609375 0.8974609375 0.20720108750000002 0.8525390625 0.16983695625 0.8037109375 0.16983695625 0.779296875 0.2055027171875 0.7578125 0.280230978125 0.755859375 0.3515625 0.765625 0.39232337031250003 0.8095703125 0.4789402171875 0.8408203125 0.512907609375 0.8671875 0.5180027171875 0.9130859375 0.4925271734375 0.93359375 0.4670516296875 0.951171875 0.41270380468749995 0.953125 0.3515625
1 0.9453125 0.7150135875 0.9296875 0.643682065625 0.9072265625 0.604619565625 0.8759765625 0.5774456515625 0.8408203125 0.5740489125 0.830078125 0.5893342390625 0.828125 0.6538722828125 0.818359375 0.708220109375 0.78125 0.80672554375 0.796875 0.8542798906250001 0.8212890625 0.8933423906250001 0.8349609375 0.9069293484375001 0.87109375 0.91202445625 0.9013671875 0.8933423906250001 0.931640625 0.8440896734375001 0.943359375 0.7965353265624999 0.9453125 0.7150135875
1 0.6044921875 0.7846467390625 0.5205078125 0.79483695625 0.4775390625 0.8186141296875 0.447265625 0.8712635875 0.43359375 0.9493885875 0.4365234375 0.9986413046875 0.693359375 0.996942934375 0.697265625 0.96297554375 0.6796875 0.8508831515624999 0.6494140625 0.8084239125 0.6044921875 0.7846467390625
1 0.2001953125 0.8118206515624999 0.173828125 0.8610733703125 0.169921875 0.9425951093749999 0.1806640625 0.9986413046875 0.341796875 0.996942934375 0.34375 0.956182065625 0.333984375 0.9052309781250001 0.2861328125 0.8186141296875 0.2001953125 0.8118206515624999
1 0.1025390625 0.7642663046875 0.0732421875 0.737092390625 0.0458984375 0.68953804375 0.029296875 0.7591711953125 0.029296875 0.7897418484375 0.048828125 0.8576766296875 0.0791015625 0.9001358703125 0.1328125 0.9154211953125 0.1533203125 0.9103260875 0.166015625 0.8950407609375001 0.1875 0.8135190218749999 0.1025390625 0.7642663046875
1 0.7412109375 0 0.73046875 0.015285326562500002 0.720703125 0.045855978125 0.71875 0.0866168484375 0.74609375 0.13756793437499998 0.7578125 0.188519021875 0.7626953125 0.1970108703125 0.78125 0.1953125 0.8056640625 0.1664402171875 0.8515625 0.161345109375 0.876953125 0.0798233703125 0.8779296875 0 0.7412109375 0
1 1 0.13077445625 0.994140625 0.10360054375000001 0.9521484375 0.044157609375000004 0.9033203125 0.0475543484375 0.880859375 0.0696331515625 0.85546875 0.161345109375 0.9013671875 0.2105978265625 0.94921875 0.307404890625 0.9677734375 0.28872282656250003 0.994140625 0.23607337031250003 1 0.2122961953125 1 0.13077445625