1 0.9126750296875 0.3443085640625 0.93175768125 0.28505115625 0.9343726562500001 0.2477275046875 0.92770875625 0.20584230468750003 0.90823719375 0.1640956453125 0.8743021359375 0.13597320625 0.8401702390624999 0.1334934609375 0.8093702921875 0.151956315625 0.7795497703125001 0.194495165625 0.7664140453125 0.237371525 0.7667170609375 0.2990091953125 0.78183191875 0.3521987875 0.8051806156250001 0.3944215 0.82332440625 0.406916021875 0.866800790625 0.4054097546875 0.8796740671875 0.39672365 0.9126750296875 0.3443085640625
1 0.7638193531249999 0.32260913750000003 0.7648894359375 0.233762078125 0.7539344453125 0.194772246875 0.7240733578125 0.14148316875 0.68924476875 0.1286511359375 0.6549816468749999 0.14326651875000002 0.630280134375 0.1761671578125 0.598889675 0.2715580875 0.5997581578125 0.3606431734375 0.6229756281250001 0.41996101250000006 0.6407054609375 0.43582695468750005 0.6682593531250001 0.43578789999999995 0.7302732046875 0.3954907703125 0.7506836265625 0.3654854984375 0.7638193531249999 0.32260913750000003
1 0.807467528125 0.39983566875 0.76464726875 0.315866296875 0.7589830765625 0.3459710546875 0.736916821875 0.3894620078125 0.704112696875 0.4162344 0.6562139953125 0.4377311640625 0.6561483828125 0.4462787265625 0.6679969031249999 0.46997815468750004 0.6984687875 0.4942531203125 0.7318383796875 0.4949281421875 0.7747492968749999 0.4659744609375 0.807467528125 0.39983566875
1 0.602070115625 0.261681853125 0.6120254 0.2286817265625 0.6171241249999999 0.17112955624999998 0.5862836125 0.09376448281250001 0.5488853796875001 0.0617945734375 0.5263848828125 0.0607429828125 0.504581078125 0.07004368125 0.4743465984375 0.11595395 0.46260425625 0.179534884375 0.464149146875 0.2310582953125 0.4716409640625 0.2662006546875 0.49194044375 0.3012044734375 0.5193631109375 0.3182605453125 0.555085228125 0.3158021734375 0.5765406859375 0.30132533281249996 0.602070115625 0.261681853125
1 0.58701134375 0.504523603125 0.6097742890625 0.4713849375 0.6233239734375 0.42513715625000004 0.6008688078125 0.36762403906249996 0.5944673578125 0.2915485828125 0.586713090625 0.290596478125 0.55702379375 0.3160402 0.5368102109375 0.32040277968750003 0.504268534375 0.3129849171875 0.476563134375 0.2822051375 0.45824278749999997 0.34326727031250004 0.46104983749999995 0.43259038125 0.5017144078125 0.4940504578125 0.5321862921875 0.518325421875 0.5651419265625 0.522371865625 0.58701134375 0.504523603125
0 0.45025588125000005 0.11984047812500001 0.4259027140625 0.1579172625 0.42263161250000003 0.28071655 0.4333444375 0.40181060312500005 0.44477900000000004 0.42888145 0.459459615625 0.4375285 0.45534507968750004 0.3668672125 0.474276221875 0.2767909671875 0.46123115625000005 0.20674427343750001 0.46881363125000003 0.1289635796875 0.45025588125000005 0.11984047812500001
0 0.42138973750000003 0.2908308125 0.42121794687499997 0.2120980140625 0.41089403437499994 0.1920080328125 0.39808637187499996 0.1921465734375 0.3733192453125 0.23359477812499999 0.3740767859375 0.38768895312499996 0.39043351875 0.43076428437500003 0.3876014234375 0.44581666249999996 0.40892565625 0.44843495000000005 0.39964678125 0.4438733984375 0.39860174375 0.42834496718750004 0.418815328125 0.4239823875 0.43084040312500005 0.3741251625 0.42138973750000003 0.2908308125
0 0.34998606875 0.39157548124999997 0.36285934375 0.3828893765625 0.3680690125 0.2603281140625 0.3918364296875 0.146889953125 0.3840821625 0.1459378484375 0.3680940578125 0.1559526234375 0.3402574328125 0.142267971875 0.31045719374999997 0.23272078437500002 0.29845240156249997 0.3304919734375 0.2988866421875 0.37503451718749997 0.31698510468749996 0.44399056562499994 0.3417725140625 0.45045632500000005 0.3570639265625 0.43008926093750005 0.3483302359375 0.4050611625 0.34998606875 0.39157548124999997
0 0.24482865937499998 0.2383516046875 0.2287749421875 0.25691394375 0.22463535937499998 0.2906281484375 0.2433851828125 0.4263980125 0.2502459203125 0.4426405203125 0.28790660468749996 0.440420175 0.3001488015625 0.41283421875000004 0.287366184375 0.3085972703125 0.26913649687499996 0.2567363484375 0.25569775625 0.2379750390625 0.24482865937499998 0.2383516046875
0 0.2197740375 0.41836555468750003 0.233823575 0.408112753125 0.23865984999999998 0.3847508375 0.235459125 0.346713109375 0.22173764999999998 0.314228090625 0.2287749421875 0.25691394375 0.2397752640625 0.2394422515625 0.255349409375 0.23279889531250003 0.26266943593750003 0.1892084578125 0.2567678390625 0.1491279796875 0.2370338265625 0.141571575 0.22609911875000002 0.15049570625 0.207430425 0.2063816953125 0.1990200328125 0.2909052296875 0.1950772875 0.2989767421875 0.1905034625 0.2881484015625 0.18296631562500001 0.30946756875000003 0.18906475 0.32390535468750004 0.188257115625 0.37856215937500004 0.1992777203125 0.409004428125 0.2197740375 0.41836555468750003
2 0 0.5150960312499999 0.0030637609375 0.54062466875 0.0190721484375 0.57852385625 0.0584089484375 0.6107317937500001 0.0902539328125 0.60779736875 0.126521234375 0.5848724484375001 0.1411159546875 0.5541530984375 0.15438290625 0.4941816109375 0.16333848125 0.389191528125 0.15412521875000001 0.3760824140625 0.13502228593750001 0.3874258609375 0.09818951875000001 0.382903365625 0.0731193765625 0.3627138984375 0.0535822015625 0.3295148015625 0.044651671875 0.3301293953125 0.028183996875 0.35206315625 0.0103432203125 0.4012063046875 0 0.47280620156250003 0 0.5150960312499999
2 0.1033192828125 0.725758025 0.11911054843749999 0.7413859406250001 0.1323977828125 0.7293284171875001 0.1533080578125 0.7353181234374999 0.180230871875 0.7163792171875001 0.1608046390625 0.6181710296875 0.149652809375 0.6048238890625 0.1351237 0.6269956765625 0.1282629625 0.6107531671875 0.12963606249999998 0.5835437781249999 0.08596284062500001 0.6106927375 0.0506546828125 0.6097796890625 0.044359410937499996 0.62098459375 0.057056131249999996 0.6858551453125 0.07090883125 0.7012450343750001 0.087593628125 0.7015825453125 0.0698840765625 0.7336305671875001 0.07522020625 0.746263628125 0.07881460625 0.7330159734375 0.1033192828125 0.725758025
2 0.17888408125 0.714882978125 0.14941521875 0.7340796421875 0.12923079531249998 0.7346433046875 0.11273501718750001 0.7265338828125001 0.11507746875 0.73594749375 0.124680565625 0.7432106046875 0.13336375312499998 0.7579657578125001 0.145861246875 0.7701472515625001 0.19129197343749998 0.8061454250000001 0.2042157515625 0.8077322656250001 0.195774865625 0.783880865625 0.19428498593750002 0.75327795 0.1905199890625 0.72695868125 0.1888551390625 0.7191492687500001 0.17888408125 0.714882978125
2 0.0759429515625 0.8908472890624999 0.0923130703125 0.8928572875 0.1212390046875 0.89945094375 0.1408714828125 0.90338250625 0.15754222812500002 0.8886984265625 0.17944080625 0.8670512468749999 0.19081638125 0.8456330046874999 0.2016983328125 0.8211121578125 0.2098115484375 0.7977723484375 0.209317925 0.7946697421875 0.1877199734375 0.799622840625 0.1649507953125 0.7998691375 0.1495005828125 0.79036709375 0.1363254875 0.7765814 0.12899750625 0.76503464375 0.118523809375 0.7363706515625 0.10866939375 0.7169086921875001 0.10436146875 0.7163797453125 0.098765671875 0.7263396625 0.080623075 0.7530110140625 0.060873953125000005 0.76427511875 0.054658874999999996 0.7650330046875 0.04893741875 0.7688934921875 0.040824203125 0.7922333015625 0.040891540625 0.8059305625000001 0.0399806484375 0.834717703125 0.0458367765625 0.85825173125 0.07077344062499999 0.890212553125 0.0759429515625 0.8908472890624999
2 0 0.8032344109375 0.0168254765625 0.7953706265625 0.039217678125 0.7768260546875 0.059267425 0.7488678734375 0.063508015625 0.735699559375 0.082328215625 0.7106324046875 0.0696467421875 0.6999493203125 0.060963553125 0.685194165625 0.0478467796875 0.6638106390625 0.037857690625 0.6169541578125 0.034285690625 0.610431578125 0.0227081046875 0.590758040625 0.0127370453125 0.5864917468749999 0.00313395 0.5792286390625 0.00135245625 0.5866148953125 0 0.5920295359375001 0 0.8032344109375