2 0.7848011234375 0.44260497499999996 0.7632842156249999 0.45778123125 0.7702601718750001 0.4969518125 0.76113065 0.5712230953125 0.7641057609375 0.599340803125 0.7374609750000001 0.82918408125 0.72125260625 0.8142541203125001 0.6879640734375 0.81183359375 0.6563170359375 0.8338464812499999 0.6318509421875 0.8657484109375 0.635108009375 0.869771859375 0.6900414671874999 0.8225473125 0.7117892828125 0.8229329 0.7360763125 0.8651558890625 0.7682362171875 0.8346105875 0.8218093390625001 0.6095155015625 0.8264761953124999 0.49306765625000004 0.8053692640625 0.4496808328125 0.7848011234375 0.44260497499999996
2 0.7313049703125001 0.67288734375 0.7562580109375 0.5876096140625 0.769670334375 0.500296946875 0.757590828125 0.461951040625 0.7287390390625 0.4568636921875 0.7023494921875 0.48842646562500003 0.681371375 0.5399136875 0.6641121453125 0.626548040625 0.6335426875 0.7211828609375 0.63372255 0.7764008046875001 0.6441095125 0.829969396875 0.65188029375 0.836513303125 0.69393941875 0.7835695234375 0.6998377953125 0.750118175 0.7313049703125001 0.67288734375
2 0.675700375 0.374051615625 0.640540234375 0.460978696875 0.5768361843750001 0.5635675499999999 0.543009659375 0.654178921875 0.515717534375 0.712799521875 0.5705252828125 0.6705028796875 0.621383475 0.592117275 0.6892423109375 0.5109558578125 0.7288391937500001 0.42136195625 0.73296805625 0.39794601093750004 0.726069071875 0.3639627109375 0.7041673140625 0.3532025609375 0.675700375 0.374051615625
2 0.6423878609375 0.2829772421875 0.6227944062499999 0.298492653125 0.568271721875 0.41649698749999997 0.5408053921875 0.50478069375 0.4747679140625 0.6655934703125 0.4720496359375 0.6978809874999999 0.4806411640625 0.716641603125 0.4972854296875 0.7178518671874999 0.5131089484375 0.706845421875 0.5386777484375 0.663065940625 0.5725042734375 0.5724545703125 0.6211285828124999 0.48790158593750005 0.6605715265625001 0.387933121875 0.6737018921875 0.3247147125 0.6596989343749999 0.2860296515625 0.6423878609375 0.2829772421875
2 0.46280174062499996 0.5499264 0.37470425 0.7928391968749999 0.3697941296875 0.8275010984375 0.41871322031249997 0.781790375 0.5492170578125 0.46832336406249997 0.583915378125 0.3502726 0.575092940625 0.31595014374999997 0.548754440625 0.307856815625 0.5223648937500001 0.33941958906249997 0.4750827109375 0.498451990625 0.46280174062499996 0.5499264
2 0.4636607046875 0.2618102390625 0.42914145000000004 0.305736084375 0.384287871875 0.5151229640625 0.3867249890625 0.6362725703125001 0.41573071875 0.65173448125 0.43140029843749994 0.6303534749999999 0.44350492968750005 0.5841998984375001 0.466534515625 0.49858301406249994 0.49887348593749997 0.3939127890625 0.50772105 0.34373576250000004 0.507105290625 0.302237515625 0.49576956250000004 0.2709210375 0.4636607046875 0.2618102390625
2 0.39300582500000003 0.24072903124999998 0.3427659421875 0.3456919796875 0.281319146875 0.514212496875 0.2502878703125 0.57772363125 0.25805865 0.5842675390625 0.28114008125 0.5883374171875 0.3243788828125 0.52870336875 0.38185075468749996 0.393973359375 0.4620961796875 0.24256410625 0.467840615625 0.19873819375 0.45665882656249995 0.17779627656250002 0.4349110109375 0.1774106890625 0.39300582500000003 0.24072903124999998
2 0.339894521875 0.49694780156249996 0.3150695 0.547756709375 0.281883859375 0.59536684375 0.2614696578125 0.5986655484375001 0.1845064265625 0.6695987671875 0.064360003125 0.751352928125 0.079019825 0.7818028140625 0.1177659078125 0.7642529312499999 0.1806247828125 0.7439886640625 0.2490986703125 0.7191414796875 0.3313297125 0.6523734328125 0.37338883906250003 0.599429653125 0.3849036328125 0.5566212125 0.3811847453125 0.521474078125 0.3923146890625 0.45272923125000003 0.3763372296875 0.4533611140625 0.339894521875 0.49694780156249996
2 0.22720564062499998 0.44431088750000003 0.0751256609375 0.5813292015625 0.0576865703125 0.6127456109375 0.055917057812500004 0.6227810171875 0.06568826093749999 0.6348513625 0.049274904687499996 0.6492029406250001 0.0540454484375 0.712128625 0.064996328125 0.7175087 0.12541818437500002 0.6953958796874999 0.15062805625 0.6705233749999999 0.180274671875 0.64298405 0.2276682578125 0.6047774375 0.27880585625 0.5172184765625001 0.3273272734375 0.382634828125 0.308836525 0.3862726890625 0.22720564062499998 0.44431088750000003
2 0 0.5885106859375 0.09959175625 0.549427271875 0.2252821890625 0.44397173125 0.3285069484375 0.37594455937500004 0.38369644062499997 0.2597823703125 0.3740022078125 0.25289930781250003 0.3473817515625 0.2689002375 0.11492753281250001 0.4624537609375 0 0.531534 0 0.5885106859375
2 0 0.5293539218750001 0.1085673375 0.4647814265625 0.23987418749999997 0.34996879375 0.33348168437500003 0.2802458390625 0.3541008734375 0.2476655953125 0.3534851140625 0.2061673484375 0.33830248125 0.17417255625 0.3075272390625 0.1687460515625 0.267596553125 0.192747446875 0.1578835796875 0.29757110625 0.06309640625 0.37398433125 0.002700471875 0.44094053125 0 0.4610508234375 0 0.5293539218750001
2 0.02047256875 0.3457737625 0.0063934375 0.43124428281249993 0.032936925 0.41005607031249997 0.061762792187500005 0.37030003906250003 0.283420071875 0.181741003125 0.29442199687500004 0.1474649765625 0.28893359687500003 0.12235325 0.2688783234375 0.10674497499999999 0.24166802812500002 0.126091040625 0.02047256875 0.3457737625
2 0.0307307171875 0.3044683078125 0.17970756875 0.17380110937499998 0.2057381875 0.1611453125 0.21763783124999997 0.144273275 0.21748389218750003 0.1338987140625 0.1959410625 0.1042315859375 0.1684228890625 0.10282852812500001 0.049964446875 0.17851700937499998 0.0307307171875 0.3044683078125
2 0.4896693859375 0.851025384375 0.4708966796875 0.8787575046875 0.477410815625 0.8868044015625 0.5165977234375 0.8557735765625001 0.5590157765625 0.7839228203124999 0.636286090625 0.6043958609375 0.6428512734375 0.57278665625 0.5695299609375 0.6736797265625001 0.536626278125 0.6971956046875001 0.5075443749999999 0.805889278125 0.4896693859375 0.851025384375
2 0 0.6946499921875 0.0070618390625 0.6917721578125 0.044915131250000004 0.6570570421874999 0.053839665625 0.6120672984375 0.0838452078125 0.565620996875 0.0201662828125 0.58371036875 0 0.6168058171874999 0 0.6946499921875
2 0.48939000312500003 0.8444093718750001 0.503799565625 0.7258987625 0.4819747796875 0.72032589375 0.4701261828125 0.69754183125 0.4450961734375 0.7776322796875 0.44555799374999994 0.8087559640625 0.46195753437500003 0.8932122390625 0.48939000312500003 0.8444093718750001