1 0.24053707812499997 0.0469033359375 0.2001650109375 0.0645825890625 0.1699408046875 0.0993449640625 0.15198992656250002 0.1377707828125 0.1442158109375 0.1743693640625 0.14622567656250002 0.23659113281250002 0.16350068281250002 0.29607204375 0.1734810546875 0.30797001874999996 0.2148580546875 0.3214016515625 0.23574294375 0.3143922546875 0.26982530625 0.2802409515625 0.2990156796875 0.233278053125 0.3162966015625 0.17411164375 0.315488059375 0.12927554531250002 0.2985480296875 0.080164928125 0.2740302734375 0.053927678125 0.24053707812499997 0.0469033359375
1 0.3834274953125 0.093608515625 0.340034715625 0.1366024328125 0.3187570484375 0.171062259375 0.29529611093749997 0.2567624890625 0.296104653125 0.301598590625 0.3074538359375 0.3360673828125 0.35595798125 0.3918968046875 0.38243371718749997 0.39952922968750004 0.40384997343749995 0.389164909375 0.4425182515625 0.3385445453125 0.46790826875 0.25314985156250003 0.464027125 0.152801821875 0.449351153125 0.1143670359375 0.420443871875 0.09087363281250001 0.3834274953125 0.093608515625
1 0.23205227499999997 0.31896632812500003 0.245272734375 0.3915613828125 0.2785406390625 0.4312213 0.3108036125 0.4397703328125 0.346786153125 0.424834928125 0.36470813125 0.40531947031250004 0.3670010875 0.397084940625 0.32688321249999996 0.363218253125 0.302729334375 0.3284409359375 0.29350561875 0.2805524640625 0.29635884375 0.25005265 0.23205227499999997 0.31896632812500003
1 0.5737941421875 0.065295271875 0.5290325515625 0.0857183703125 0.47806204374999994 0.15158565468750002 0.467099725 0.20831375156249998 0.467573290625 0.24277955625 0.48118652968750003 0.28792418125 0.4978204828125 0.3077541390625 0.5314811671874999 0.3199636265625 0.5625428171875 0.311126990625 0.5917042890624999 0.28307445468750003 0.6085924312500001 0.251358475 0.624279253125 0.2022568234375 0.6305170703125 0.137902278125 0.6141084078125 0.08543674375 0.595712865625 0.0704863953125 0.5737941421875 0.065295271875
1 0.4666491453125 0.27358490468749996 0.4395264390625 0.3449488484375 0.402088384375 0.394044521875 0.4023655609375 0.44223554218750005 0.41511245468749997 0.48036479062500004 0.431215040625 0.5035496687500001 0.4640093796875 0.50874378125 0.49999192187499997 0.49380837812499995 0.5560219078124999 0.4459378359375 0.5833410031249999 0.360848678125 0.5825613609375 0.2971022171875 0.5474451640625 0.319052996875 0.5141194578125 0.31721380312499997 0.495891403125 0.307448603125 0.47436545937499996 0.2748070484375 0.4666491453125 0.27358490468749996
0 0.6322497593749999 0.1519330296875 0.6180992375 0.2287906453125 0.5862520296875 0.292528140625 0.579621434375 0.384333115625 0.556189396875 0.451122984375 0.5726847609375 0.4468574328125 0.5911381062500001 0.42398705625 0.6348139765624999 0.3105368375 0.6655176640625 0.191592946875 0.65260328125 0.14827855 0.6322497593749999 0.1519330296875
0 0.67054824375 0.22850005156250003 0.6550867125 0.2449661265625 0.6332198765625 0.320601596875 0.601176278125 0.3980643078125 0.598993009375 0.44930470937500006 0.6172210625 0.459069909375 0.6119362921875 0.47370874374999994 0.60175953125 0.4755359828125 0.6229793984375 0.47889687968750005 0.6244060109375 0.4636469734375 0.6520022828125 0.426748834375 0.6952045874999999 0.2788328125 0.682821571875 0.23216349531249997 0.67054824375 0.22850005156250003
0 0.7013038171875 0.1903827578125 0.6928827296875 0.30597770468749996 0.664108121875 0.42522713124999995 0.67408849375 0.43712510625 0.6719630249999999 0.45054478593749997 0.6566689828125 0.47219600625 0.665754109375 0.49598896875 0.6913635 0.4966060171875 0.727767721875 0.43530982187499995 0.7404627296874999 0.392612475 0.755872375 0.29531980468749996 0.752158721875 0.20015692187499998 0.7216284374999999 0.205638640625 0.70902013125 0.1916049015625 0.7013038171875 0.1903827578125
0 0.8070622578125001 0.315464265625 0.7889727921875 0.329794575 0.757154484375 0.374621709375 0.7161354484375 0.4712973296875 0.7202996828125 0.5011890578125 0.7558894453125 0.5137040828125 0.7669614515625 0.4999818578125 0.8224081859375 0.374639640625 0.8277218562499999 0.34109044375 0.8174065078125 0.31882217343749997 0.8070622578125001 0.315464265625
0 0.8305231953125001 0.2297640359375 0.813802540625 0.2666651640625 0.808823846875 0.3105846546875 0.8219635203125 0.32126347499999997 0.8277218562499999 0.34109044375 0.8186886156250001 0.398124078125 0.796544603125 0.42556853125 0.78298325 0.46125050156249997 0.781192759375 0.485040475 0.7918719875 0.498768678125 0.8141545875 0.4954197359375 0.8331392984375 0.4691944390625 0.8474284078125001 0.4164323328125 0.8572701921875 0.4042347984375 0.85590138125 0.38166398125 0.84852004375 0.3908121328125 0.8469548421875001 0.3819665296875 0.8621680984375001 0.29839907499999996 0.859626865625 0.2395322234375 0.8515755734375 0.227939784375 0.8305231953125001 0.2297640359375
2 0.9761164203125 0.45916853125 0.9481851703125 0.48569637656250003 0.91852123125 0.49819346875 0.881868734375 0.49238828437500004 0.8666324937500001 0.47621878124999995 0.8541627765625 0.48628055000000003 0.8338322390625 0.5896719874999999 0.8300548687499999 0.6509771484375 0.8356168140625 0.6845293328125 0.8641602171875 0.7165628046875 0.8939627437500001 0.7281612203125001 0.9406534140625 0.70804365625 0.9664880953124999 0.676025128125 0.9855017078125 0.630889471875 0.9979195390625 0.5400011046875 0.9943155734375001 0.48784409375 0.9845315906250001 0.4622209046875 0.9761164203125 0.45916853125
2 0.8268088640625001 0.708927390625 0.8157368578125 0.7226496171875 0.8078819546875 0.6973319625000001 0.7934831578125 0.707088196875 0.7477396203125 0.7961373703125 0.7683992187500001 0.8217635484375 0.790150453125 0.821769525 0.79959945625 0.8370224203125 0.8190866343750001 0.8263525671874999 0.840641478125 0.8400837578125 0.8404450890625 0.8538089718749999 0.84905665 0.84313613125 0.84086676875 0.8074481812500001 0.8569982546875 0.8117226984375 0.8745563531249999 0.800747309375 0.9046419718750001 0.7418894234375 0.901679059375 0.7293833656250001 0.8674870078125 0.720528796875 0.8329888796875 0.6823935703124999 0.8268088640625001 0.708927390625
2 0.80982179375 0.824503040625 0.7917297750000001 0.827751465625 0.772482628125 0.82164605625 0.7494466562500001 0.79507031875 0.7386859109375 0.79642294375 0.7349329906250001 0.8034709390625 0.72405926875 0.8277328703125001 0.714191796875 0.8567396140625 0.6995035609375 0.877340428125 0.7123640859375 0.8793773343750001 0.7659573453124999 0.857296075 0.78132838125 0.8490312484375 0.79374226875 0.8372410953125 0.8049753421875 0.8329063171875 0.80982179375 0.824503040625
2 0.8206698234375001 0.8170503203124999 0.8163829843749999 0.8163713515625 0.8015458687500001 0.8323631406249999 0.7835770390625 0.8570297968749999 0.7733502125 0.8661093859375001 0.7568856453125 0.8757294968749999 0.73941483125 0.8806047921875001 0.71759558125 0.8740920015625001 0.69819955625 0.8633775734375 0.6968698609375 0.8662239312500001 0.6982354609375 0.8908959 0.7019370015625 0.9174663234375 0.7069682390625001 0.9411903921875 0.7220517328125 0.9680350640625001 0.7340291999999999 0.9867453875000001 0.753984834375 0.9883775703125 0.783607684375 0.990012409375 0.7998976843750001 0.992592490625 0.80504189375 0.9934072546875001 0.83782215 0.9695580171874999 0.8499382796875 0.948549825 0.8569974859375 0.9206267718750001 0.8608376906249999 0.90747868125 0.859472090625 0.8828067109375001 0.8550363687500001 0.877518725 0.849270953125 0.875077090625 0.8333916875 0.8588057421874999 0.823303525 0.8281668171875 0.8206698234375001 0.8170503203124999
2 0.9543988562499999 0.7495790812500001 0.9547223046875001 0.7419879093749999 0.9554564828125001 0.720705471875 0.9557799296875 0.7131143 0.9445468578125 0.7174490765625 0.9337861109375 0.7188017046875 0.917234259375 0.73452190625 0.9120027640625 0.7398072375 0.8894852406249999 0.7820952109375 0.8709824890625001 0.7990349015625 0.8585686015625 0.81082505625 0.8434337281250001 0.817598809375 0.8546154218750001 0.8468824546875 0.855062059375 0.8607095156250001 0.86662879375 0.8931111046875 0.8830419828125 0.9171094171874999 0.9023507234375 0.9339239421875 0.9258847093749999 0.9407083187499999 0.9360242515625 0.9377288234375 0.939951740625 0.9184806375000001 0.9449111671875 0.8871680546875 0.9531768765624999 0.834980415625 0.957515096875 0.8020409609374999 0.9593428078124999 0.77940324375 0.9530434718749999 0.7692346484375 0.9543988562499999 0.7495790812500001