1 0.63900436875 0.57210834375 0.6856031296875 0.5665284046875 0.7179939453124999 0.55154494375 0.764053915625 0.5096540390625 0.7789797171874999 0.48124360624999996 0.7909304078125 0.42471546718750003 0.7905966062500001 0.3591229625 0.7798507156250001 0.32446135 0.7526144984375 0.2989640328125 0.7058617984375 0.29416940937499997 0.6677006249999999 0.3081354015625 0.6208968765625 0.3429968796875 0.581735890625 0.418871084375 0.568323565625 0.5061837515625001 0.572555321875 0.53279846875 0.6056388671875 0.564500534375 0.63900436875 0.57210834375
1 0.45840401093749994 0.38160321875 0.48694792031249995 0.3659414453125 0.5158507578125 0.33137269375 0.54303513125 0.2671832453125 0.5534982671875001 0.196596253125 0.5547800374999999 0.11059378125 0.5413669156250001 0.068563584375 0.5264151921875 0.052130634375 0.4759695265625 0.057032259375000005 0.44145027187499997 0.100958103125 0.4447332609375 0.149824934375 0.429987321875 0.23345330937500003 0.40221311249999997 0.3009878921875 0.42244824843749995 0.371814109375 0.4288854140625 0.3746737234375 0.45840401093749994 0.38160321875
1 0.4006485875 0.2817417578125 0.42260139218750004 0.25284580624999997 0.4429637484375 0.1598603390625 0.44101437343749994 0.11467780000000001 0.426421578125 0.079337871875 0.4108800171875 0.0662500578125 0.3335060140625 0.06640349062499999 0.325453275 0.0839538421875 0.3292240078125 0.208787740625 0.3473817515625 0.2689002375 0.3737972203125 0.2821808453125 0.4006485875 0.2817417578125
1 0.3673632421875 0.7966926875 0.388136371875 0.7744870078125 0.41842387187499996 0.7039464468750001 0.42770733281249995 0.6400497234375 0.4288610859375 0.588516071875 0.421603171875 0.5734397484375 0.43178435156250006 0.5269470140625 0.4211154296875 0.49747268125 0.4304248140625 0.4784193421875 0.42937315624999994 0.45064079062499995 0.41318991250000003 0.3512113484375 0.394596271875 0.30481854531249997 0.36677021718749997 0.282666365625 0.3169143890625 0.28422285625 0.2853443203125 0.31142302499999996 0.2692388453125 0.34652372656249997 0.249466325 0.43616405937499997 0.23738761562500002 0.52716101875 0.236977640625 0.5857240984375001 0.249441996875 0.65000640625 0.27826866093749997 0.7395932390625 0.3265089171875 0.758446715625 0.359002625 0.7934939171875001 0.3673632421875 0.7966926875
1 0.24756799843750002 0.35132542031249997 0.2783942875 0.317095825 0.307066215625 0.26696522968749997 0.320350521875 0.2141213828125 0.320170659375 0.15890343906249998 0.3073473765625 0.1135281078125 0.2832142875 0.081679678125 0.2568757875 0.0735863515625 0.21945839218750002 0.09458176874999999 0.194402459375 0.12982883437499998 0.18022043593749998 0.1652686921875 0.1690135234375 0.2288262578125 0.171706675 0.2810382234375 0.18319634375 0.3227292640625 0.216869725 0.3510861953125 0.24756799843750002 0.35132542031249997
1 0.3528230875 0.9803823906250001 0.361029765625 0.9732065999999999 0.370185209375 0.9437786984375001 0.38064834531249997 0.8731917062500001 0.3663375078125 0.8137575203124999 0.3466411609375 0.77924226875 0.31881510625 0.7570900890625001 0.2682155 0.7516171515625001 0.2316188515625 0.7848292781249999 0.2069477703125 0.846012746875 0.19322756562500001 0.9125762921874999 0.19828006874999998 0.951407715625 0.3528230875 0.9803823906250001
1 0.14801346875000002 0.8821844203125 0.17247956250000002 0.8502824906249999 0.1891748765625 0.8118366531250001 0.1987662171875 0.7686890546875 0.2022793203125 0.7037748625 0.18176222656250002 0.657042903125 0.15868079531249998 0.6529730234375 0.1403439859375 0.6669854468749999 0.120314634375 0.6962205546875 0.1006701328125 0.7513920671875 0.0935920828125 0.7915336875000001 0.0947976796875 0.8296868 0.10962138437499999 0.8805885703125 0.14801346875000002 0.8821844203125
1 0.1289572109375 0.67532506875 0.1573471796875 0.6492887328125 0.19389277968750002 0.6557327078124999 0.2114088421875 0.629503578125 0.220102465625 0.568951990625 0.21725537187500002 0.5063654640624999 0.2019187984375 0.46399611093750004 0.1837100078125 0.44353971249999996 0.129853334375 0.434043328125 0.0988731046875 0.4578983609375 0.1097218875 0.5425906375 0.0973612203125 0.65768185625 0.110979328125 0.6704305140625 0.1289572109375 0.67532506875
1 0.26762339375 0 0.2745457890625 0.0577317828125 0.31704160937500003 0.12041117187499999 0.3234018046875 0.1180835046875 0.3315825609375 0.066064334375 0.40887959374999994 0.060723621875 0.41495222812500004 0 0.26762339375 0
1 0.4951326609375 0.9606365953125 0.5491684 0.8960080593749999 0.5584777843750001 0.8769547203125001 0.5646581171875 0.8194091109375 0.5572203421874999 0.7491148437499999 0.54129393125 0.7100906250000001 0.5211616875 0.6892950718749999 0.49423335 0.6845468796875 0.46761289218749996 0.7005478093749999 0.44255696093749997 0.7357948750000001 0.431478065625 0.7648836203125 0.41998919375000004 0.8525354453125 0.4317867421875 0.914975609375 0.470794584375 0.9580697062500001 0.4951326609375 0.9606365953125
1 0 0.71512814375 0.0035997828124999997 0.71703025 0.050275514062500005 0.7166375921875 0.0799221296875 0.689098265625 0.1009002453125 0.637611046875 0.10913205 0.5459357734375 0.10510528125 0.4900395171875 0.09569300625 0.4590621953125 0.06445594375 0.42251200312500004 0.0446056578125 0.377622190625 0.01811321875 0.359154303125 0 0.460101446875 0 0.71512814375
1 0 0.9173946562499999 0.0643051921875 0.9295089000000001 0.085950115625 0.8798638249999999 0.09241240625 0.7982239578125 0.0809227390625 0.75653291875 0.06597101562499999 0.7400999671874999 0.0467364890625 0.7367084015625001 0.004138573437499999 0.753341215625 0 0.7581190453125 0 0.9173946562499999
1 0.574146565625 0.7262308484375 0.5978688828125 0.6872994921875 0.6115890859374999 0.6207359484375 0.5980220265625 0.5683311890625 0.56729783125 0.5232485828125 0.5671949390625 0.4732179203125 0.53508608125 0.46410712343749994 0.5178779 0.5110853765625001 0.4894879296875 0.5371217125000001 0.48035840937499996 0.6113929953125 0.494669246875 0.6708271828125 0.532112565625 0.6946751453125 0.5511421046875 0.7273482515625 0.574146565625 0.7262308484375
1 0.89884874375 0.414426696875 0.91910900625 0.40075343124999996 0.9755040953125 0.32274435625 0.985993153125 0.2970007453125 0.9909938109375 0.2461454078125 0.9532677390625001 0.11704883749999999 0.9309300859375 0.12000838437500001 0.9001037953125 0.1542379796875 0.8404005906249999 0.267879709375 0.8300913937500001 0.3488412625 0.8885646734374999 0.41088876875 0.89884874375 0.414426696875
1 0.1506675703125 0 0.1471360953125 0.0042237609374999995 0.1378267109375 0.023277103125 0.14436676875 0.07616737968750001 0.13064656562500002 0.142730925 0.152548321875 0.1534910734375 0.17629656093749999 0.1594031 0.21250835937499998 0.10025456875000001 0.2579784921875 0.061708799999999994 0.266390159375 0.025251470312500003 0.26530069843750004 0 0.1506675703125 0