1 0 0.840692934375 0.0283203125 0.8831521734375001 0.064453125 0.8984375 0.0869140625 0.8933423906250001 0.119140625 0.8542798906250001 0.14453125 0.735394021875 0.142578125 0.6878396734375001 0.1328125 0.6538722828125 0.1123046875 0.61141304375 0.0849609375 0.5876358703125 0.0498046875 0.5944293484375 0 0.6402853265624999 0 0.840692934375
1 0.27734375 0.762567934375 0.2568359375 0.71671195625 0.2294921875 0.6929347828125 0.1943359375 0.68953804375 0.1669921875 0.703125 0.138671875 0.75577445625 0.13671875 0.8474864125 0.1728515625 0.917119565625 0.2041015625 0.9408967390624999 0.234375 0.9459918484375001 0.2607421875 0.9307065218749999 0.283203125 0.88485054375 0.287109375 0.83389945625 0.27734375 0.762567934375
1 0.2587890625 0.5502717390625 0.2138671875 0.5061141296875 0.1826171875 0.489130434375 0.1533203125 0.4925271734375 0.125 0.5349864125 0.111328125 0.6029211953125 0.13671875 0.6606657609375 0.1474609375 0.7201086953125 0.1806640625 0.6929347828125 0.2099609375 0.6861413046875 0.2373046875 0.696331521875 0.26953125 0.72860054375 0.28125 0.6810461953125 0.283203125 0.6334918484375 0.27734375 0.5859375 0.2587890625 0.5502717390625
1 0.0009765625 0.540081521875 0.001953125 0.6368885875 0.0537109375 0.591032609375 0.078125 0.5825407609375 0.0400390625 0.540081521875 0.0009765625 0.540081521875
0 0.32421875 0.6640625 0.310546875 0.5859375 0.27734375 0.551970109375 0.27734375 0.5383831515625 0.287109375 0.528192934375 0.2763671875 0.5061141296875 0.2587890625 0.5061141296875 0.24609375 0.5315896734375001 0.271484375 0.5689538046875 0.283203125 0.6165081515625 0.283203125 0.6742527171875 0.275390625 0.72860054375 0.287109375 0.8101222828125 0.287109375 0.8542798906250001 0.2978515625 0.8763586953125 0.306640625 0.878057065625 0.3193359375 0.87296195625 0.333984375 0.8372961953125 0.333984375 0.7659646734375001 0.32421875 0.6640625
0 0.375 0.59952445625 0.35546875 0.5621603265624999 0.359375 0.5451766296875 0.3349609375 0.540081521875 0.326171875 0.5485733703125 0.318359375 0.6266983703125 0.333984375 0.7693614125 0.3427734375 0.7914402171875 0.357421875 0.799932065625 0.375 0.7829483703125 0.3828125 0.748980978125 0.376953125 0.619904890625 0.375 0.59952445625
0 0.43359375 0.5485733703125 0.4189453125 0.5366847828125 0.392578125 0.551970109375 0.3984375 0.579144021875 0.38671875 0.6097146734375001 0.388671875 0.7048233703125 0.369140625 0.8372961953125 0.3994140625 0.8322010875 0.423828125 0.8440896734375001 0.4453125 0.762567934375 0.453125 0.6946331515625 0.453125 0.6233016296875 0.43359375 0.5485733703125
0 0.509765625 0.643682065625 0.513671875 0.6266983703125 0.50390625 0.551970109375 0.4912109375 0.5298913046875 0.4619140625 0.53328804375 0.451171875 0.551970109375 0.455078125 0.6233016296875 0.474609375 0.698029890625 0.4951171875 0.7336956515625 0.50390625 0.735394021875 0.521484375 0.7116168484375 0.5234375 0.6878396734375001 0.521484375 0.6640625 0.509765625 0.643682065625
0 0.5546875 0.6470788046875 0.568359375 0.6131114125 0.568359375 0.59952445625 0.5419921875 0.553668478125 0.5224609375 0.5570652171875 0.515625 0.5689538046875 0.51171875 0.6470788046875 0.5234375 0.6674592390625 0.5234375 0.6946331515625 0.51953125 0.7184103265624999 0.50390625 0.735394021875 0.498046875 0.7591711953125 0.5 0.8135190218749999 0.5107421875 0.8288043484375001 0.52734375 0.8271059781250001 0.537109375 0.8169157609375001 0.548828125 0.7795516296875 0.5546875 0.748980978125 0.5546875 0.6470788046875
2 0.728515625 0.3991168484375 0.7099609375 0.36684782656250003 0.6689453125 0.3396739125 0.6455078125 0.3396739125 0.6064453125 0.36684782656250003 0.59375 0.38892662968749997 0.599609375 0.3991168484375 0.599609375 0.43308423906250004 0.59375 0.43308423906250004 0.59375 0.463654890625 0.587890625 0.4704483703125 0.59375 0.4840353265625 0.5908203125 0.4959239125 0.587890625 0.49082880468749995 0.587890625 0.514605978125 0.59375 0.5180027171875 0.5859375 0.5315896734375001 0.587890625 0.551970109375 0.6083984375 0.567255434375 0.6572265625 0.5774456515625 0.7001953125 0.6283967390625 0.70703125 0.6266983703125 0.728515625 0.592730978125 0.740234375 0.551970109375 0.7421875 0.450067934375 0.728515625 0.3991168484375
2 0.8818359375 0.3804347828125 0.8466796875 0.35326087031250003 0.8232421875 0.3125 0.8095703125 0.3091032609375 0.798828125 0.32778532656250003 0.794921875 0.36514945625 0.75 0.44667119531250005 0.7421875 0.487432065625 0.7421875 0.5587635875 0.7587890625 0.61141304375 0.8037109375 0.61141304375 0.861328125 0.6334918484375 0.884765625 0.5383831515625 0.90625 0.49082880468749995 0.908203125 0.4398777171875 0.8818359375 0.3804347828125
2 0.8212890625 0.3091032609375 0.8447265625 0.34986412968749997 0.8916015625 0.390625 0.892578125 0.358355978125 0.8828125 0.31419837031250003 0.8623046875 0.27513587031250003 0.8369140625 0.25815217343749997 0.8115234375 0.2615489125 0.7685546875 0.3158967390625 0.7490234375 0.3125 0.736328125 0.3345788046875 0.75 0.3617527171875 0.7333984375 0.34986412968749997 0.724609375 0.371942934375 0.74609375 0.44667119531250005 0.79296875 0.36514945625 0.798828125 0.32778532656250003 0.8095703125 0.3091032609375 0.8212890625 0.3091032609375
2 0.7822265625 0.27513587031250003 0.7958984375 0.27173912968749997 0.814453125 0.2428668484375 0.80078125 0.188519021875 0.7802734375 0.15625 0.7412109375 0.1290760875 0.6728515625 0.15625 0.6396484375 0.149456521875 0.6455078125 0.1936141296875 0.6728515625 0.1834239125 0.681640625 0.1919157609375 0.6533203125 0.2173913046875 0.646484375 0.23607337031250003 0.6689453125 0.25815217343749997 0.6923828125 0.3091032609375 0.703125 0.307404890625 0.685546875 0.33797554375 0.6923828125 0.3430706515625 0.7099609375 0.3226902171875 0.7158203125 0.35326087031250003 0.73046875 0.3515625 0.73046875 0.3345788046875 0.7470703125 0.3125 0.7783203125 0.2955163046875 0.7822265625 0.27513587031250003
2 0.689453125 0.31080162968749997 0.6796875 0.2768342390625 0.642578125 0.23607337031250003 0.6533203125 0.2105978265625 0.6708984375 0.20040760937500002 0.6728515625 0.190217390625 0.6416015625 0.20040760937500002 0.6201171875 0.227581521875 0.5947265625 0.20040760937500002 0.5908203125 0.2241847828125 0.5615234375 0.2309782609375 0.54296875 0.253057065625 0.5625 0.3413722828125 0.5751953125 0.356657609375 0.580078125 0.33797554375 0.5888671875 0.332880434375 0.595703125 0.344769021875 0.59765625 0.37533967343749997 0.6357421875 0.3430706515625 0.6787109375 0.3396739125 0.68359375 0.331182065625 0.689453125 0.31080162968749997
2 0.6513671875 0.190217390625 0.6640625 0.1919157609375 0.6572265625 0.2105978265625 0.6806640625 0.20040760937500002 0.6845703125 0.21399456562500002 0.69140625 0.202105978125 0.6875 0.17493206562500002 0.6923828125 0.163043478125 0.7080078125 0.1528532609375 0.7236328125 0.163043478125 0.724609375 0.151154890625 0.7080078125 0.14266304375 0.6884765625 0.1528532609375 0.671875 0.0900135875 0.6513671875 0.06793478281250001 0.6162109375 0.0543478265625 0.5673828125 0.06453804375 0.5419921875 0.08831521718749999 0.5234375 0.13077445625 0.51953125 0.188519021875 0.52734375 0.20889945625 0.529296875 0.2428668484375 0.54296875 0.2496603265625 0.5849609375 0.2105978265625 0.6005859375 0.20720108750000002 0.6201171875 0.2241847828125 0.6513671875 0.190217390625