1 0.8844191234375 0.621602940625 0.86348196875 0.636819746875 0.8303846765625 0.6901843921874999 0.81473530625 0.75700953125 0.8260723859375 0.8739316765625 0.8400943890624999 0.9041410140625 0.864436946875 0.928433853125 0.8963928546875 0.9329344890625 0.9212213953124999 0.9180581359375 0.9534305515625 0.87484493125 0.9728446828124999 0.8322171640624999 0.9823181328124999 0.72393513125 0.9782573265625001 0.703121571875 0.95704464375 0.6654637046875 0.9097131296875001 0.6238158796875 0.8844191234375 0.621602940625
1 0.7307557203124999 0.9661791171875 0.7742796765625 0.9392995421875 0.8118604453125 0.879507721875 0.8209112265625 0.7984664234375 0.8108439203125 0.7566690796875 0.7909848390625001 0.725949065625 0.7412849625 0.711371746875 0.7228855921874999 0.719991153125 0.693806309375 0.7498393296875 0.676633915625 0.789253509375 0.6678363843749999 0.8225809671875 0.6646226828125 0.9041329421875 0.6885425703125 0.9556665171875001 0.7101779234375 0.9660836500000001 0.7307557203124999 0.9661791171875
1 0.7209399000000001 0.7198209265625 0.751309471875 0.7088390640625 0.781848465625 0.7183303078125001 0.8125568796874999 0.7482946578125 0.8306807218750001 0.686800578125 0.8581736703124999 0.6414699015625 0.8611341234375001 0.6076317671875 0.8513628625 0.5624506078125 0.8285005312499999 0.5212387015625 0.7996111859374999 0.515301496875 0.7566793203125 0.5354134453125 0.7206420890625 0.5663577359375 0.699345578125 0.5968868171875 0.6908440921875 0.6268304609375 0.68433109375 0.7012743578125 0.6921566609375 0.746285290625 0.7209399000000001 0.7198209265625
1 0.9930390765625001 0.590189384375 0.94528489375 0.57578229375 0.91656496875 0.5903181953125001 0.8955645015625 0.6174634625000001 0.9606399828125 0.6691879703125 0.98096453125 0.716997278125 0.9930390765625001 0.590189384375
0 0.6491204515625 0.8908426734375 0.6614500125 0.8731679421875 0.668428475 0.8158133390625 0.6857274921875 0.7525422390625 0.6832735375000001 0.690952690625 0.691732228125 0.6166790203125 0.7018833609375 0.5902894171875 0.732675603125 0.55206681875 0.722248940625 0.525581746875 0.7066833984375 0.5242199390625 0.6921121015625 0.5451082578124999 0.7026020765625 0.5596648671875 0.6997682468749999 0.569646084375 0.6715771 0.5893428187499999 0.65865545 0.6137851765625 0.6330243671875 0.727473028125 0.616825703125 0.845395821875 0.6346757796875 0.887874071875 0.6491204515625 0.8908426734375
0 0.6095289140625 0.8055457234375 0.6246923015625 0.777889778125 0.6523957015625 0.640515234375 0.651125928125 0.5653904328125 0.6414607765625 0.552610840625 0.6186412421874999 0.5557289609375 0.6229980937499999 0.5731587078125 0.6031184953125 0.59869718125 0.5974508390625 0.6186596093750001 0.5772341640625 0.7600988734375 0.58205648125 0.7946179124999999 0.590896809375 0.8056204843750001 0.6095289140625 0.8055457234375
0 0.5517930171875001 0.83800134375 0.583748925 0.8425019796875001 0.5749496296875 0.7189824328125 0.5860727265625 0.6142544390625 0.575878796875 0.596314015625 0.5885677140625 0.5633270125000001 0.565874803125 0.5425882109375 0.5421671328125 0.5558577734375 0.51784685625 0.6321534484375 0.5137878140625001 0.7681868921875 0.530327084375 0.848057315625 0.5517930171875001 0.83800134375
0 0.4692268171875 0.7284863125000001 0.490523328125 0.69795723125 0.5190310375 0.6186181937499999 0.5263055453125001 0.557879778125 0.5158788828125 0.53139470625 0.486693490625 0.528841315625 0.4766056703125 0.5433024578125 0.458291890625 0.6405819203124999 0.44424937187499997 0.666631071875 0.442346475 0.710790875 0.4580814390625 0.732625790625 0.4692268171875 0.7284863125000001
0 0.441184575 0.8249146453125 0.45516378125 0.810793953125 0.46155015468749994 0.760206975 0.4580814390625 0.732625790625 0.442346475 0.710790875 0.441881009375 0.6937015796875 0.4470832015625 0.6566498578125 0.45605015312499997 0.6437955078125001 0.46256315 0.5693516109375001 0.4551397375 0.5533584328125001 0.44181593281250003 0.5487830359375 0.423945340625 0.5625632765625 0.4048272546875 0.6018072296875 0.413837003125 0.6332829078125 0.41493735625 0.6879346015625 0.40554773437499997 0.7280296859375001 0.40677471093750006 0.758824459375 0.424794209375 0.8217758156249999 0.441184575 0.8249146453125
2 0.3191106640625 0.561915715625 0.3864484 0.554168146875 0.3942944828125 0.5429205921875 0.3984391171875 0.495547203125 0.390486925 0.47439319218750003 0.40389455781250005 0.4107816390625 0.3932984734375 0.3638234609375 0.35899471875 0.33013484375 0.32815967968750004 0.3240274125 0.2891192 0.3444798140625 0.26587699531250003 0.37483866875 0.24840855624999997 0.4176366609375 0.2402887078125 0.532856546875 0.248410321875 0.5744836640625001 0.267148534375 0.6068104734374999 0.3191106640625 0.561915715625
2 0.400679090625 0.3354866109375 0.4104708671875 0.32440928125 0.41713276875 0.3266969796875 0.42007270625000004 0.3491173328125 0.4362936515625 0.331783053125 0.46315171250000003 0.24888997656249998 0.44105089218750004 0.22138354843750002 0.4141072390625 0.2156165703125 0.411992125 0.1949732375 0.38822114218750003 0.22017125937499998 0.3711325765625 0.191398490625 0.3542134328125 0.1830988296875 0.36810881093750003 0.2371650859375 0.3517184453125 0.23402625625 0.328539553125 0.2524566515625 0.3115998921875 0.300415478125 0.320376909375 0.323346509375 0.355399378125 0.326410578125 0.396068990625 0.36577070625 0.400679090625 0.3354866109375
2 0.47795574218750003 0.2365463046875 0.4828618890625 0.20287839531250002 0.4921248859375 0.18664023125 0.495381384375 0.1494182828125 0.4892054640625 0.10796139062500001 0.471588121875 0.0740277890625 0.4347465828125 0.046936573437500004 0.40556119218750003 0.0443831828125 0.360979678125 0.060941090625000006 0.3371453828125 0.09806757187500001 0.3302935453125 0.1315652546875 0.3446749046875 0.1464623171875 0.330526278125 0.1401099015625 0.32815791562499996 0.167180409375 0.36258829375 0.1770121046875 0.386867540625 0.21323340625 0.4175331578125 0.1988677296875 0.46344775781249997 0.24550616249999999 0.47795574218750003 0.2365463046875
2 0.168277559375 0.5828166703125001 0.2149741859375 0.5869020953125 0.23610127812499998 0.5358999078125 0.24079520625 0.4374288625 0.220830015625 0.3743072828125 0.202091803125 0.3419804734375 0.19980726875000002 0.300864034375 0.18878851562500001 0.2811465890625 0.16814740625 0.29297958281250003 0.15186314843749998 0.3222423234375 0.1167140546875 0.3430351734375 0.0931758046875 0.3767778421875 0.0804868875 0.40976484687500003 0.0810584625 0.4592557078125 0.1194435390625 0.45749939531250006 0.09184448281249999 0.4704285046875 0.08788978593749999 0.4820165125 0.0966034890625 0.5168760046875 0.0895822296875 0.52990058125 0.10260998750000001 0.537859790625 0.10324487499999999 0.575422190625 0.11284671406249999 0.6001302421875 0.168277559375 0.5828166703125001
2 0.2731943 0.358430278125 0.27137523125 0.33440313125 0.25270033125 0.2901478625 0.22770237031249999 0.28455111093749996 0.1968245359375 0.23411365156250002 0.15372325 0.2337524921875 0.128831396875 0.26055730781249997 0.1144928328125 0.2899902734375 0.1041517625 0.35216525781249997 0.15215919375 0.3188585078125 0.17681831406249998 0.283509046875 0.1907342078125 0.281316815625 0.1984536671875 0.29392618125 0.2023878484375 0.338596659375 0.242571478125 0.41712598281249996 0.2731943 0.358430278125
2 0.28423357031249996 0.321889234375 0.2887803578125 0.3035335984375 0.30616496875 0.328922553125 0.3134189609375 0.324442625 0.3083005984375 0.2933073984375 0.3181556859375 0.2703016078125 0.359564528125 0.22277870156250001 0.35273320625000004 0.200017896875 0.335581328125 0.18317358749999998 0.3384151578125 0.1731923734375 0.3642379421875 0.18056614375 0.3698422875 0.1725321765625 0.37003222343750003 0.1367467953125 0.3441461265625 0.141301484375 0.2784152421875 0.1082730640625 0.2309999015625 0.1348121859375 0.20970338906250002 0.1653412671875 0.193588553125 0.2150771140625 0.20955624843749998 0.245456675 0.220934359375 0.24986184531250002 0.22499516718749998 0.2706754046875 0.2494010359375 0.283039784375 0.2694295390625 0.3342329046875 0.28423357031249996 0.321889234375