1 0 0.8882472828125 0.037109375 0.8984375 0.0654296875 0.8831521734375001 0.083984375 0.8542798906250001 0.109375 0.7387907609375 0.109375 0.7014266296875 0.09765625 0.65047554375 0.0771484375 0.61141304375 0.0498046875 0.5876358703125 0.0166015625 0.5944293484375 0 0.6097146734375001 0 0.8882472828125
1 0.2275390625 0.553668478125 0.1787109375 0.5061141296875 0.1435546875 0.489130434375 0.1201171875 0.4925271734375 0.09375 0.5315896734375001 0.08203125 0.565557065625 0.078125 0.6097146734375001 0.10546875 0.6742527171875 0.1142578125 0.7201086953125 0.1494140625 0.6929347828125 0.1865234375 0.68953804375 0.234375 0.7319972828125 0.248046875 0.67764945625 0.248046875 0.619904890625 0.244140625 0.5893342390625 0.2275390625 0.553668478125
1 0.2421875 0.7659646734375001 0.2255859375 0.723505434375 0.2021484375 0.6997282609375 0.1826171875 0.68953804375 0.1376953125 0.6997282609375 0.111328125 0.735394021875 0.1015625 0.7659646734375001 0.1015625 0.8474864125 0.1337890625 0.9137228265624999 0.1728515625 0.9442934781250001 0.19921875 0.9459918484375001 0.2236328125 0.9341032609375001 0.248046875 0.8814538046875 0.251953125 0.8305027171875 0.2421875 0.7659646734375001
0 0.27734375 0.5859375 0.244140625 0.551970109375 0.251953125 0.5247961953125 0.2431640625 0.5061141296875 0.2294921875 0.5061141296875 0.21484375 0.5349864125 0.240234375 0.5757472828125 0.248046875 0.606317934375 0.2421875 0.7252038046875 0.251953125 0.8542798906250001 0.2626953125 0.8763586953125 0.275390625 0.878057065625 0.294921875 0.8542798906250001 0.30078125 0.8271059781250001 0.291015625 0.6640625 0.27734375 0.5859375
0 0.32421875 0.5689538046875 0.3251953125 0.5434782609375 0.3056640625 0.540081521875 0.29296875 0.5587635875 0.287109375 0.6402853265624999 0.30078125 0.7727581515625 0.3134765625 0.7982336953125 0.328125 0.799932065625 0.33984375 0.786345109375 0.349609375 0.7455842390625 0.34375 0.592730978125 0.32421875 0.5689538046875
0 0.3974609375 0.540081521875 0.3818359375 0.5366847828125 0.359375 0.551970109375 0.365234375 0.592730978125 0.35546875 0.6029211953125 0.35546875 0.7116168484375 0.333984375 0.8372961953125 0.3623046875 0.8322010875 0.388671875 0.8440896734375001 0.4140625 0.7455842390625 0.419921875 0.619904890625 0.408203125 0.5587635875 0.3974609375 0.540081521875
0 0.48046875 0.6266983703125 0.47265625 0.5553668484375 0.4619140625 0.53328804375 0.4345703125 0.5298913046875 0.4140625 0.5689538046875 0.419921875 0.6131114125 0.439453125 0.6946331515625 0.4580078125 0.7302989125 0.470703125 0.735394021875 0.48828125 0.708220109375 0.48828125 0.6674592390625 0.4765625 0.6470788046875 0.48046875 0.6266983703125
0 0.5335774609375 0.6063942171875001 0.520164746875 0.5672899890624999 0.5004400296875 0.551511109375 0.48505480937499995 0.6070802390625001 0.490234375 0.670855978125 0.48828125 0.7116168484375 0.46484375 0.7591711953125 0.466796875 0.8169157609375001 0.486328125 0.8305027171875 0.505859375 0.8101222828125 0.5234375 0.735394021875 0.5170087890625 0.6681376921875 0.5335774609375 0.6063942171875001
2 0.6953125 0.395720109375 0.6748046875 0.3634510875 0.6376953125 0.3396739125 0.6162109375 0.3396739125 0.5751953125 0.36684782656250003 0.5625 0.385529890625 0.5546875 0.44667119531250005 0.548828125 0.450067934375 0.552734375 0.5587635875 0.6201171875 0.5740489125 0.6669921875 0.6283967390625 0.67578125 0.6266983703125 0.6953125 0.5961277171875 0.70703125 0.5587635875 0.7109375 0.44667119531250005 0.6953125 0.395720109375
2 0.8195854265625 0.34912971718749997 0.7609297828125 0.371223390625 0.7560469703125 0.3661282828125 0.7121016578125 0.459538609375 0.7101485328125 0.564837521875 0.7247969703125 0.6072967609375 0.7658125953125 0.6072967609375 0.8273360328124999 0.6327723046875 0.8410079078124999 0.5682342609375 0.87797035 0.44448905781250003 0.849961296875 0.379315434375 0.8195854265625 0.34912971718749997
2 0.654296875 0.2904211953125 0.6201171875 0.241168478125 0.611328125 0.253057065625 0.625 0.2734375 0.6162109375 0.28872282656250003 0.5478515625 0.227581521875 0.5205078125 0.241168478125 0.513671875 0.25985054375 0.529296875 0.3413722828125 0.5439453125 0.356657609375 0.5537109375 0.3294836953125 0.564453125 0.344769021875 0.5625 0.37533967343749997 0.568359375 0.37533967343749997 0.6044921875 0.3430706515625 0.6455078125 0.3396739125 0.658203125 0.31419837031250003 0.654296875 0.2904211953125
2 0.725695821875 0.3160629734375 0.708732665625 0.32841166875 0.6957143484375 0.351050953125 0.697292284375 0.385352878125 0.7130721609374999 0.447782378125 0.7509433999999999 0.3798645515625 0.7592279093750001 0.3565392453125 0.7671176749999999 0.3126327875 0.7978882031250001 0.3037142765625 0.8124845421875 0.3620275671875 0.8420714437499999 0.3661438125 0.8602181390625001 0.38741098125 0.8578511484375 0.358597421875 0.8546952765625001 0.3270395875 0.8320041359375001 0.27479276874999997 0.7970991484375001 0.259807859375 0.7734296781250001 0.2735285984375 0.7509433999999999 0.309202640625 0.725695821875 0.3160629734375
2 0.637723821875 0.2110990625 0.6254944734375 0.22962210624999999 0.649953084375 0.28313312968750004 0.659420959375 0.306458440625 0.6929528734375 0.285191234375 0.7020262640625 0.330469809375 0.726879359375 0.30097011406249996 0.7469984734375 0.2728425375 0.77185156875 0.25569157656249997 0.7864478218750001 0.2584357390625 0.7761910656250001 0.20561077499999997 0.752127025 0.161018296875 0.7190779984375 0.138923203125 0.684668625 0.1445533203125 0.661393378125 0.1685646875 0.65705396875 0.20561077499999997 0.637723821875 0.2110990625
2 0.5836781359375001 0.2172734109375 0.5951185156250001 0.21864549218749998 0.6152376312500001 0.19257601875000002 0.6152376312500001 0.15690201406249998 0.6243111078125 0.1376929515625 0.6322008734375 0.151413725 0.656659484375 0.14180919218750002 0.645219190625 0.0972166796875 0.6176046203125 0.06840304375 0.5888066859375 0.056740389062499993 0.549357253125 0.058798510937500006 0.5201516671874999 0.08101894062500001 0.49610062031249996 0.1232861328125 0.490577671875 0.19326207812500001 0.5028070203125 0.25637763593749996 0.5252931249999999 0.23373835 0.5525132109374999 0.21384322500000003 0.5836781359375001 0.2172734109375