1 0.19140625 0.3345788046875 0.197265625 0.2632472828125 0.1552734375 0.1936141296875 0.1240234375 0.2309782609375 0.08984375 0.29721467343749997 0.07421875 0.3685461953125 0.0703125 0.463654890625 0.0908203125 0.5570652171875 0.1455078125 0.5978260875 0.162109375 0.59952445625 0.177734375 0.5859375 0.1875 0.501019021875 0.21875 0.42629076093749996 0.19140625 0.3345788046875
1 0.33984375 0.23947010937500002 0.2919921875 0.1596467390625 0.2626953125 0.1732336953125 0.2373046875 0.20040760937500002 0.205078125 0.25985054375 0.193359375 0.307404890625 0.197265625 0.358355978125 0.2275390625 0.4313858703125 0.2890625 0.436480978125 0.3115234375 0.4177989125 0.328125 0.38892662968749997 0.34375 0.3006114125 0.33984375 0.23947010937500002
1 0.294921875 0.6097146734375001 0.294921875 0.5621603265624999 0.3125 0.4976222828125 0.2880859375 0.45176630468749995 0.2314453125 0.43817934843749995 0.2099609375 0.45516304375 0.189453125 0.5044157609375 0.1796875 0.670855978125 0.189453125 0.7184103265624999 0.2158203125 0.774456521875 0.2431640625 0.7982336953125 0.271484375 0.799932065625 0.2919921875 0.7846467390625 0.318359375 0.721807065625 0.298828125 0.670855978125 0.294921875 0.6097146734375001
1 0.115234375 0.840692934375 0.107421875 0.799932065625 0.0849609375 0.747282609375 0.0517578125 0.7133152171875 0.0009765625 0.68953804375 0 0.9935461953125 0.04296875 0.9935461953125 0.0654296875 0.9884510875 0.099609375 0.9459918484375001 0.11328125 0.9086277171875 0.115234375 0.840692934375
1 0.185546875 0.7116168484375 0.17578125 0.657269021875 0.1357421875 0.6521739125 0.1025390625 0.6725543484375 0.087890625 0.698029890625 0.083984375 0.7421875 0.099609375 0.7693614125 0.1240234375 0.8491847828125 0.16796875 0.8610733703125 0.1943359375 0.8423913046875 0.2109375 0.7965353265624999 0.2109375 0.7727581515625 0.185546875 0.7116168484375
1 0.2763671875 0.06793478281250001 0.2431640625 0.0237771734375 0.2177734375 0.0271739125 0.1923828125 0.050951087500000006 0.158203125 0.1137907609375 0.15625 0.18172554375 0.1826171875 0.2309782609375 0.208984375 0.23607337031250003 0.2509765625 0.18002717343750002 0.2900390625 0.149456521875 0.3125 0.08322010937499999 0.2763671875 0.06793478281250001
1 0.41015625 0.0866168484375 0.404296875 0.0628396734375 0.3896484375 0.0475543484375 0.3583984375 0.044157609375000004 0.3388671875 0.0543478265625 0.3125 0.0934103265625 0.298828125 0.13077445625 0.30078125 0.1579483703125 0.3232421875 0.1970108703125 0.353515625 0.202105978125 0.3720703125 0.1936141296875 0.384765625 0.17493206562500002 0.388671875 0.1443614125 0.41015625 0.0866168484375
1 0.4873046875 0.057744565625 0.4443359375 0.050951087500000006 0.40234375 0.10699728281250001 0.388671875 0.17153532656249998 0.396484375 0.1987092390625 0.4072265625 0.2105978265625 0.478515625 0.23267662968749997 0.509765625 0.1919157609375 0.525390625 0.1341711953125 0.525390625 0.10020380468750001 0.4873046875 0.057744565625
1 0.3837890625 0.7133152171875 0.3349609375 0.7269021734375001 0.30078125 0.776154890625 0.271484375 0.8610733703125 0.24609375 0.9731657609375001 0.2490234375 0.9986413046875 0.45703125 0.996942934375 0.458984375 0.8610733703125 0.44140625 0.762567934375 0.4208984375 0.7302989125 0.3837890625 0.7133152171875
1 0.515625 0.385529890625 0.515625 0.33797554375 0.50390625 0.2836277171875 0.4580078125 0.227581521875 0.4326171875 0.2309782609375 0.3994140625 0.268342390625 0.37109375 0.3209918484375 0.35546875 0.4025135875 0.3583984375 0.46535326093749996 0.4130859375 0.48233695625 0.439453125 0.5383831515625 0.4765625 0.4976222828125 0.478515625 0.4568614125 0.5078125 0.42629076093749996 0.515625 0.385529890625
1 0.42578125 0.52139945625 0.4111328125 0.48573369531250005 0.3857421875 0.475543478125 0.3349609375 0.4789402171875 0.3212890625 0.4925271734375 0.30078125 0.5383831515625 0.294921875 0.565557065625 0.30078125 0.6742527171875 0.3154296875 0.703125 0.345703125 0.7150135875 0.3779296875 0.703125 0.41015625 0.630095109375 0.412109375 0.5689538046875 0.42578125 0.52139945625
1 0.568359375 0.5621603265624999 0.5517578125 0.5298913046875 0.5185546875 0.49932065156250005 0.4931640625 0.49932065156250005 0.4619140625 0.5197010875 0.439453125 0.551970109375 0.419921875 0.6131114125 0.41796875 0.6742527171875 0.4296875 0.7252038046875 0.4541015625 0.774456521875 0.4853515625 0.801630434375 0.5078125 0.799932065625 0.556640625 0.7591711953125 0.578125 0.6878396734375001 0.580078125 0.6334918484375 0.568359375 0.5621603265624999
1 0.0185546875 0.5197010875 0.0009765625 0.512907609375 0 0.684442934375 0.05859375 0.708220109375 0.06640625 0.6912364125 0.06640625 0.6402853265624999 0.0546875 0.5825407609375 0.0185546875 0.5197010875
1 0.814453125 0.4806385875 0.8046875 0.450067934375 0.7744140625 0.40421195625 0.7470703125 0.390625 0.6943359375 0.4008152171875 0.6611328125 0.4313858703125 0.6328125 0.49082880468749995 0.626953125 0.5315896734375001 0.626953125 0.5587635875 0.63671875 0.592730978125 0.6630859375 0.625 0.6982421875 0.63858695625 0.728515625 0.6368885875 0.7900390625 0.61141304375 0.80859375 0.5825407609375 0.81640625 0.528192934375 0.814453125 0.4806385875
1 0.6181640625 0 0.595703125 0.045855978125 0.59765625 0.1137907609375 0.6220703125 0.163043478125 0.6435546875 0.18002717343750002 0.65625 0.1783288046875 0.6748046875 0.1664402171875 0.689453125 0.13756793437499998 0.69140625 0.0424592390625 0.6748046875 0 0.6181640625 0
1 0.603515625 0.13756793437499998 0.591796875 0.0764266296875 0.5810546875 0.0543478265625 0.5498046875 0.050951087500000006 0.525390625 0.0866168484375 0.525390625 0.1443614125 0.49609375 0.23267662968749997 0.498046875 0.25985054375 0.51171875 0.3006114125 0.5322265625 0.3294836953125 0.611328125 0.3481657609375 0.630859375 0.3243885875 0.642578125 0.2904211953125 0.65234375 0.20889945625 0.603515625 0.13756793437499998
1 0.7294921875 0.84578804375 0.7060546875 0.84578804375 0.6787109375 0.8627717390624999 0.6416015625 0.9205163046875 0.6123046875 0.9476902171875 0.591796875 0.9935461953125 0.7890625 0.996942934375 0.79296875 0.9527853265624999 0.78125 0.9018342390624999 0.7587890625 0.8627717390624999 0.7294921875 0.84578804375
1 1 0.005095109375 0.7568359375 0 0.751953125 0.015285326562500002 0.751953125 0.0866168484375 0.775390625 0.1647418484375 0.8251953125 0.234375 0.86328125 0.23947010937500002 0.9248046875 0.1970108703125 0.9697265625 0.1392663046875 0.99609375 0.0866168484375 1 0.005095109375
1 0.8525390625 0.645380434375 0.8193359375 0.625 0.7880859375 0.6216032609375 0.7451171875 0.6487771734375001 0.736328125 0.6674592390625 0.7265625 0.735394021875 0.73046875 0.8101222828125 0.7412109375 0.84578804375 0.7646484375 0.8661684781250001 0.7919921875 0.9103260875 0.82421875 0.91202445625 0.853515625 0.878057065625 0.87890625 0.8033288046875 0.876953125 0.7116168484375 0.8525390625 0.645380434375
1 1 0.592730978125 0.9677734375 0.5366847828125 0.9423828125 0.5230978265624999 0.9052734375 0.5502717390625 0.888671875 0.5893342390625 0.87890625 0.684442934375 0.880859375 0.7387907609375 0.8984375 0.80672554375 0.9248046875 0.859375 0.9423828125 0.87296195625 0.96875 0.8712635875 1 0.8440896734375001 1 0.592730978125
1 1 0.2836277171875 0.9892578125 0.2819293484375 0.9423828125 0.319293478125 0.9296875 0.3413722828125 0.91015625 0.395720109375 0.904296875 0.4534646734375 0.9140625 0.5044157609375 0.9248046875 0.5230978265624999 0.9560546875 0.5197010875 0.9892578125 0.567255434375 1 0.5689538046875 1 0.2836277171875
1 0.748046875 0.08322010937499999 0.7275390625 0.0543478265625 0.7021484375 0.0475543484375 0.693359375 0.056046195312500005 0.69140625 0.1341711953125 0.666015625 0.18172554375 0.6640625 0.1987092390625 0.6806640625 0.241168478125 0.71484375 0.2564538046875 0.7294921875 0.24796195625 0.75 0.21569293437499998 0.76171875 0.1579483703125 0.748046875 0.08322010937499999
1 0.8466796875 0.2615489125 0.7915762859375 0.211922025 0.7694846656250001 0.22015447500000002 0.7294921875 0.2649456515625 0.6962890625 0.268342390625 0.6875 0.2836277171875 0.677734375 0.331182065625 0.6845703125 0.4008152171875 0.7158203125 0.390625 0.7685546875 0.397418478125 0.7841796875 0.411005434375 0.818359375 0.487432065625 0.82421875 0.487432065625 0.853515625 0.4398777171875 0.8671875 0.3821331515625 0.865234375 0.3345788046875 0.8466796875 0.2615489125
1 0.8701171875 0.8627717390624999 0.837890625 0.9324048906250001 0.8359375 0.9799592390624999 0.8486328125 0.9986413046875 0.982421875 0.996942934375 0.978515625 0.9833559781250001 0.97265625 0.9358016296875 0.8994140625 0.8525815218749999 0.8701171875 0.8627717390624999
1 0.994140625 0.996942934375 1 0.996942934375 0.9990234375 0.8661684781250001 0.990234375 0.918817934375 0.990234375 0.9663722828125 0.994140625 0.996942934375
1 0.6484375 0.42629076093749996 0.6259765625 0.3872282609375 0.5947265625 0.3600543484375 0.5517578125 0.3430706515625 0.5283203125 0.34986412968749997 0.51953125 0.371942934375 0.515625 0.422894021875 0.53125 0.463654890625 0.533203125 0.501019021875 0.55859375 0.5349864125 0.5771484375 0.5842391296875 0.607421875 0.5893342390625 0.62109375 0.5825407609375 0.626953125 0.501019021875 0.6484375 0.450067934375 0.6484375 0.42629076093749996
1 0.708984375 0.721807065625 0.7041015625 0.6487771734375001 0.6689453125 0.6351902171875 0.6279296875 0.5944293484375 0.5859375 0.6097146734375001 0.58203125 0.684442934375 0.5703125 0.735394021875 0.5556640625 0.76766304375 0.5078125 0.8101222828125 0.515625 0.8610733703125 0.5361328125 0.8831521734375001 0.607421875 0.8916440218749999 0.6455078125 0.8627717390624999 0.6787109375 0.8186141296875 0.69921875 0.7727581515625 0.708984375 0.721807065625
1 0.5771484375 0.8899456515624999 0.5439453125 0.8899456515624999 0.5185546875 0.9069293484375001 0.484375 0.9833559781250001 0.4853515625 0.9986413046875 0.58984375 0.996942934375 0.59765625 0.9697690218749999 0.623046875 0.9290081515624999 0.6044921875 0.9001358703125 0.5771484375 0.8899456515624999