2 0.8645833328125001 0.304951690625 0.879340278125 0.333635265625 0.8958333328125001 0.3623188390625 0.9131944437499999 0.377415459375 0.9288194437499999 0.3713768125 0.9357638890625 0.36684782656250003 0.949652778125 0.35024154687500003 0.965277778125 0.3411835765625 0.9921875 0.3306159421875 0.9921875 0.3215579703125 0.9895833328125001 0.3125 0.9826388890625 0.29891304375 0.980034721875 0.291364734375 0.9748263890625 0.2883454109375 0.9661458328125001 0.28683575 0.9600694437499999 0.2838164234375 0.957465278125 0.26721014374999996 0.9522569437499999 0.2460748796875 0.948784721875 0.2385265703125 0.9383680562500001 0.22493961406250002 0.921875 0.2234299515625 0.90625 0.226449275 0.8958333328125001 0.226449275 0.8845486109375 0.226449275 0.8723958328125001 0.22493961406250002 0.859375 0.2324879234375 0.84375 0.25211352656249997 0.8411458328125001 0.247584540625 0.847222221875 0.27324879375 0.8645833328125001 0.304951690625
2 0.8229166671874999 0.2098429953125 0.8307291671874999 0.24003623125 0.8420138890625 0.2566425109375 0.8532986109375 0.24003623125 0.871527778125 0.2234299515625 0.9001736109375 0.215881640625 0.909722221875 0.2128623171875 0.855034721875 0.1721014484375 0.8289930562500001 0.1660628015625 0.8133680562500001 0.169082125 0.8055555562500001 0.169082125 0.8038194437499999 0.18266908125 0.8229166671874999 0.2098429953125
2 0.8385416671874999 0.1585144921875 0.8914930562500001 0.2234299515625 0.9001736109375 0.22192029062500002 0.9192708328125001 0.2234299515625 0.9288194437499999 0.220410628125 0.9375 0.2038043484375 0.9609375 0.18266908125 0.9704861109375 0.17361111093749998 0.972222221875 0.1524758453125 0.9704861109375 0.14190821250000002 0.9626736109375 0.12228260937499999 0.956597221875 0.10718598906250001 0.949652778125 0.0875603859375 0.9401041671874999 0.07699275312500001 0.9279513890625 0.06793478281250001 0.9166666671874999 0.0664251203125 0.901909721875 0.0618961359375 0.8854166671874999 0.05736715 0.8689236109375 0.05736715 0.8524305562500001 0.0603864734375 0.8385416671874999 0.0694444453125 0.8177083328125001 0.0875603859375 0.8072916671874999 0.1343599015625 0.8029513890625 0.1660628015625 0.8142361109375 0.1660628015625 0.8220486109375 0.1660628015625 0.8385416671874999 0.1585144921875
2 1 0.150966184375 0.9973958328125001 0.1539855078125 0.9826388890625 0.163043478125 0.9696180562500001 0.1856884046875 0.953125 0.206823671875 0.9366319437499999 0.220410628125 0.925347221875 0.22493961406250002 0.9227430562500001 0.2294685984375 0.934027778125 0.24154589375 0.9392361109375 0.249094203125 0.949652778125 0.25815217343749997 0.9704861109375 0.279287440625 0.995659721875 0.333635265625 1 0.333635265625 1 0.3019323671875 1 0.247584540625 1 0.206823671875 1 0.150966184375
2 1 0.3481657609375 0.9677734375 0.3396739125 0.9267578125 0.3634510875 0.912109375 0.385529890625 0.908203125 0.409307065625 0.904296875 0.5757472828125 0.9169921875 0.5876358703125 0.9306640625 0.5740489125 0.9619140625 0.567255434375 1 0.5859375 1 0.3481657609375
1 0.326171875 0.735394021875 0.3046875 0.684442934375 0.2802734375 0.6487771734375001 0.2490234375 0.631793478125 0.2158203125 0.63858695625 0.189453125 0.670855978125 0.171875 0.7184103265624999 0.1640625 0.75577445625 0.16796875 0.8169157609375001 0.177734375 0.8474864125 0.2021484375 0.8865489125 0.2294921875 0.9069293484375001 0.26953125 0.9086277171875 0.2919921875 0.8967391296875 0.32421875 0.8440896734375001 0.33203125 0.8135190218749999 0.326171875 0.735394021875
1 0.4921875 0.6946331515625 0.482421875 0.6538722828125 0.4501953125 0.5944293484375 0.4345703125 0.5842391296875 0.4111328125 0.5842391296875 0.3564453125 0.625 0.333984375 0.6606657609375 0.32421875 0.7116168484375 0.341796875 0.8203125 0.3798828125 0.879755434375 0.419921875 0.8950407609375001 0.4541015625 0.8763586953125 0.474609375 0.840692934375 0.494140625 0.7455842390625 0.4921875 0.6946331515625
1 0.634765625 0.7693614125 0.6142578125 0.71671195625 0.5830078125 0.68953804375 0.5283203125 0.696331521875 0.5166015625 0.7065217390625 0.490234375 0.762567934375 0.490234375 0.8474864125 0.5009765625 0.8763586953125 0.5341796875 0.9205163046875 0.5634765625 0.9408967390624999 0.58984375 0.9425951093749999 0.6103515625 0.9341032609375001 0.63671875 0.8882472828125 0.642578125 0.8169157609375001 0.634765625 0.7693614125
1 0.6123046875 0.7133152171875 0.62109375 0.684442934375 0.623046875 0.6368885875 0.611328125 0.5689538046875 0.5869140625 0.53328804375 0.5380859375 0.4925271734375 0.5029296875 0.48573369531250005 0.4775390625 0.5061141296875 0.458984375 0.5383831515625 0.44921875 0.5859375 0.482421875 0.65047554375 0.5 0.72860054375 0.5185546875 0.703125 0.5478515625 0.6861413046875 0.5771484375 0.6861413046875 0.6123046875 0.7133152171875
1 0.3935546875 0.546875 0.3701171875 0.53328804375 0.3388671875 0.53328804375 0.2978515625 0.5638586953125 0.28125 0.5961277171875 0.271484375 0.6402853265624999 0.3017578125 0.6759510875 0.32421875 0.7184103265624999 0.330078125 0.670855978125 0.3466796875 0.6351902171875 0.416015625 0.579144021875 0.3935546875 0.546875
0 0.5703125 0.514605978125 0.603515625 0.5485733703125 0.611328125 0.528192934375 0.5986328125 0.5061141296875 0.5791015625 0.502717390625 0.5703125 0.514605978125
0 0.634765625 0.5825407609375 0.6142578125 0.56046195625 0.611328125 0.5689538046875 0.623046875 0.6266983703125 0.615234375 0.7150135875 0.640625 0.7931385875 0.642578125 0.8712635875 0.65625 0.8746603265624999 0.677734375 0.840692934375 0.67578125 0.776154890625 0.642578125 0.6097146734375001 0.634765625 0.5825407609375
0 0.681640625 0.565557065625 0.6806640625 0.540081521875 0.6533203125 0.540081521875 0.642578125 0.6097146734375001 0.67578125 0.7795516296875 0.6884765625 0.7982336953125 0.69921875 0.7965353265624999 0.712890625 0.7795516296875 0.720703125 0.7387907609375 0.697265625 0.5893342390625 0.681640625 0.565557065625
0 0.783203125 0.6742527171875 0.77734375 0.619904890625 0.755859375 0.5451766296875 0.7431640625 0.53328804375 0.7216796875 0.53328804375 0.7109375 0.5451766296875 0.72265625 0.5859375 0.708984375 0.59952445625 0.720703125 0.7150135875 0.712890625 0.8169157609375001 0.71875 0.8440896734375001 0.7373046875 0.8288043484375001 0.7646484375 0.838994565625 0.78125 0.75577445625 0.783203125 0.6742527171875
0 0.8134765625 0.5298913046875 0.7783203125 0.5366847828125 0.76953125 0.5553668484375 0.76953125 0.5757472828125 0.794921875 0.6674592390625 0.8154296875 0.709918478125 0.8388671875 0.7336956515625 0.84765625 0.7319972828125 0.861328125 0.7150135875 0.861328125 0.6810461953125 0.822265625 0.5451766296875 0.8134765625 0.5298913046875
0 0.8994140625 0.6623641296875 0.900390625 0.6538722828125 0.888671875 0.6334918484375 0.88671875 0.5961277171875 0.87109375 0.5587635875 0.8447265625 0.5502717390625 0.833984375 0.565557065625 0.833984375 0.5893342390625 0.857421875 0.657269021875 0.86328125 0.7014266296875 0.8544921875 0.7302989125 0.837890625 0.735394021875 0.8359375 0.786345109375 0.8427734375 0.8152173906250001 0.8564453125 0.8288043484375001 0.869140625 0.8271059781250001 0.876953125 0.8169157609375001 0.88671875 0.7659646734375001 0.88671875 0.657269021875 0.8994140625 0.6623641296875