1 0.4700139 0.6206852359374999 0.44316098437500007 0.6352181984375 0.41654515937500003 0.6565405015625 0.382271796875 0.7104189015625 0.3738161109375 0.7481010859375 0.37861311249999996 0.8295050015625 0.4007087828125 0.8746173328125 0.4386253640625 0.897084925 0.48523472031250003 0.8886596718750001 0.5503834109375 0.82350665 0.569602353125 0.758258128125 0.56930194375 0.6936912375000001 0.5508730546875 0.6416532375 0.5216809109375 0.6171815796875 0.4700139 0.6206852359374999
1 0.6893809375 0.354715240625 0.6811306796875 0.3702979890625 0.6677675437499999 0.43534202187500004 0.6797243421875 0.5538828171875 0.707415165625 0.6752729765625001 0.73965780625 0.75911728125 0.7737021765625001 0.8106099734375001 0.7936957062500001 0.823507021875 0.828949084375 0.82567475625 0.861420715625 0.8041479656250001 0.8751711468750001 0.7781767171875 0.8830341109375001 0.7235211828125 0.8736771937500001 0.5675026921875 0.855453734375 0.49336525781249996 0.7920670140625 0.385117459375 0.740961065625 0.3767056890625 0.7038426359375001 0.3491120125 0.6893809375 0.354715240625
1 0.71964735 0.1021464046875 0.6856979609375 0.1373200390625 0.6668029921875 0.1838637953125 0.6655071 0.258682859375 0.678878334375 0.3057992609375 0.710852225 0.353965446875 0.7527912203125 0.37969138125 0.7898779890625 0.3783962828125 0.8108750984374999 0.364067809375 0.82841085625 0.334565565625 0.8398220562500001 0.2695896953125 0.8397587359375001 0.21181214375000001 0.8244355671875001 0.16476390624999998 0.8008621390625 0.1332984171875 0.74996161875 0.10278721093750001 0.71964735 0.1021464046875
1 0.8211055187499999 0 0.797337465625 0.0603470953125 0.7975193296875001 0.1215193171875 0.8263875015625001 0.16469574375 0.84664978125 0.2132709078125 0.8916628359375001 0.2150978265625 0.929871728125 0.1899718765625 0.9531447453125 0.1568704734375 0.9701746640625 0.0849007734375 0.966207471875 0.027259546875000002 0.9533055703125 0 0.8211055187499999 0
1 0.6743272484375 0.763098078125 0.647980171875 0.8200984968749999 0.6394692625 0.9121635625 0.6570131156250001 0.994821753125 0.765286246875 0.9893413671875001 0.75563701875 0.88091641875 0.76923724375 0.822661725 0.736789175 0.760916859375 0.7138084703125 0.7464247203125 0.6743272484375 0.763098078125
1 1 0.883022384375 0.9985620187500001 0.8418440046875 0.9845980624999999 0.7777542546875 0.9606690015625 0.7361047562499999 0.9319510359375001 0.725211775 0.913348378125 0.7241619906250001 0.8925883578124999 0.7452798031250001 0.8664783703125 0.8090695609375 0.861808009375 0.8432207515625001 0.8633490890625 0.887351459375 0.8724608187499999 0.9244201765625 0.8944379437500001 0.9661378390625 0.9146685640625 0.9858242265625 0.9615150078125 0.9841883125 0.9728709859375 0.973595325 0.9922401328125 0.9406302484375001 1 0.9060489374999999 1 0.883022384375
1 0.7801507046875 0.827378834375 0.757114775 0.8672695765625 0.765049159375 0.9825520265625001 0.7702253578125 0.9908682953125 0.8775817937499999 0.9871193249999999 0.8490928203125 0.8708552515625 0.8273527828124999 0.8359269296875 0.8007052968749999 0.8283604546875001 0.7801507046875 0.827378834375
1 0.882021703125 0.21883331250000002 0.860052675 0.289276084375 0.8597603640625 0.3368696265625 0.869464815625 0.39091169375 0.885230503125 0.42264983437500003 0.9013201625 0.43568320937499994 0.9207209703125001 0.43160690781250005 0.9439939875000001 0.39850550625 0.95528664375 0.330134965625 0.955934590625 0.292725434375 0.9446338359374999 0.24893553906250002 0.9197880796875 0.2090174578125 0.882021703125 0.21883331250000002
1 1 0.5479363484374999 0.9865890265624999 0.498982340625 0.9819105671875 0.42097309687499995 0.9538722078124999 0.40155935937500004 0.9431958359375001 0.40363159218750005 0.9188875796874999 0.4350697421875 0.8837527453125 0.4362966765625 0.8721913390625 0.4689891015625 0.8777548328125 0.516378153125 0.8955041140625 0.5769369078125 0.923337046875 0.6184500796875 0.962849928125 0.6306654984375 0.9977476734374999 0.6226492234375 1 0.6196422046875 1 0.5479363484374999
1 0.5556928906249999 0.2200325359375 0.5020820421875001 0.335764790625 0.509716015625 0.38648035 0.5269911203125 0.4334604234375 0.5526350265625 0.46825242031250003 0.5864106484375 0.48406699687500004 0.6056929109375 0.4765960265625 0.6271325375 0.44695745625 0.6377772484374999 0.4159964484375 0.6418548875 0.364871909375 0.63629139375 0.3174828578125 0.6208496796875 0.26703994999999997 0.59337238125 0.23571078750000002 0.56648780625 0.22135497499999998 0.5556928906249999 0.2200325359375
1 0.5736799921875 0.707133590625 0.5698394421875 0.76504746875 0.5448832390625 0.8338951484375 0.5566265109375 0.862374946875 0.5905206765625 0.8815841953125 0.6237035750000001 0.8804254234375 0.6379281828125001 0.8680328546875 0.6577950718750001 0.7653748 0.6446609265625 0.7250477390625 0.6162669328125 0.6954499921874999 0.5736799921875 0.707133590625