1 0.604107446875 0.1504062953125 0.5557611734375 0.14276683125 0.5003508437499999 0.10382191249999999 0.4711654515625 0.10126852187499999 0.427937540625 0.124764284375 0.3694196171875 0.1997729109375 0.3541929171875 0.2393573171875 0.34751049843750004 0.29332810625 0.358339315625 0.34883093125000003 0.3740109671875 0.3825943078125 0.41355970937500003 0.4235612296875 0.46662219218749995 0.433318165625 0.5078410984375 0.4215806390625 0.5399869421875 0.39029589531250003 0.5700604703125001 0.3826978453125 0.602565671875 0.33610082812500003 0.6136049421875 0.2995597828125 0.621006075 0.2149644453125 0.6164798031250001 0.17706159375 0.604107446875 0.1504062953125
1 0.7531267765625 0.57601920625 0.71704675 0.5626334703125 0.6643864203125001 0.5818942875 0.6196149703125 0.6342375765625 0.6012583953124999 0.687187009375 0.5622607125 0.7519694375 0.5572279421874999 0.8094942671875 0.5664071109375 0.8614430515624999 0.6116029953125001 0.9387060343750001 0.6438549484375 0.93982285625 0.685961990625 0.9179338906250001 0.72064561875 0.88005174375 0.7422381765625 0.84613885 0.769561703125 0.780335065625 0.7786552796875 0.743623796875 0.7827571171875001 0.6519203796874999 0.7776387546875 0.620785153125 0.7531267765625 0.57601920625
1 0.543878328125 0.390636346875 0.5072490078125 0.42834826562500006 0.46488871718749997 0.497951075 0.455033628125 0.520956865625 0.45626060625 0.5517516390625 0.444290403125 0.554114096875 0.435492871875 0.587441553125 0.43210974999999996 0.648520421875 0.44871233281249995 0.7164623859375 0.4869074734375 0.7504914546875 0.535782525 0.7632917531250001 0.568161103125 0.7405516546875 0.5967749203125 0.693614184375 0.614539403125 0.6474323796875 0.634798875 0.5503231421875 0.633063634375 0.45810904687500004 0.6140926890625 0.4172375921875 0.5794928890625 0.3869327890625 0.543878328125 0.390636346875
1 0.5779535078125 1 0.5860762562499999 0.9279484468750001 0.582607540625 0.9003672625 0.5619869468750001 0.8559417671875 0.5282752828125 0.8154855218750001 0.45222384531250004 0.7883736 0.407176865625 0.7878422140625 0.3739734640625 0.8088052906250001 0.3546226453125 0.8395045984375 0.3220969265625 0.9423601046875 0.3213149 0.9849131124999999 0.5079662625 1 0.5779535078125 1
1 0.0780962453125 0.3362468390625 0.061579254687499994 0.35696493125 0.0367935109375 0.4161713140625 0.0301110921875 0.47014210468749995 0.034637365625 0.5080449578125 0.05166261875 0.5487461875 0.1187899015625 0.6330424875 0.1986061015625 0.6843517828125 0.2344533953125 0.6891928734375 0.258224378125 0.66399485 0.295233571875 0.5547121703125 0.290537878125 0.496336209375 0.273808671875 0.45225116718749997 0.21416811406249997 0.372019584375 0.15875778437500002 0.3330746671875 0.10681617031249999 0.3217109375 0.0780962453125 0.3362468390625
1 0.08871284375 0.3269465296875 0.118786371875 0.3193484796875 0.16264917031249998 0.3334151203125 0.172736990625 0.318953975 0.1866939171875 0.2042447671875 0.2083497875 0.1584034140625 0.20983001406250001 0.141484346875 0.1921698734375 0.063220715625 0.1487725421875 0.06624336875 0.0721290125 0.0458990734375 0.0494788984375 0.0694903015625 0.030826278125000002 0.12582354843750002 0.012767514062499999 0.332236171875 0.02890463125 0.3830888421875 0.043053259375 0.3894412578125 0.067775690625 0.3421633359375 0.08871284375 0.3269465296875
1 0.23493714375 0 0.22738227968750002 0.0304994046875 0.2404528359375 0.0827886421875 0.29478509218750004 0.1676703796875 0.3166531796875 0.18663216093749999 0.33693493124999996 0.19011144062500002 0.37739232500000003 0.16466843281250002 0.42258644375000004 0.0850844109375 0.43332966875 0.051927179687500005 0.4359981859375 0 0.23493714375 0
1 0.66683508125 0.1729428234375 0.6289582671875 0.23611845625 0.61732690625 0.279427128125 0.610813909375 0.353871025 0.6186394765625 0.39888195625 0.6409097171875 0.4468614921875 0.6810505499999999 0.4810607875 0.7133025046875 0.482177609375 0.7389558671875001 0.46907827500000004 0.7650319015625 0.42873820625 0.79112845 0.332139646875 0.795865175 0.27799863281250003 0.78368275625 0.2155579546875 0.7500344046875 0.16317325 0.689717928125 0.1578962421875 0.66683508125 0.1729428234375
1 0.8407222171875001 0.3143154 0.820081109375 0.3261483921875 0.7754790796875 0.39896478750000003 0.76160598125 0.445487046875 0.7597030859375 0.4896468484375 0.7639333125000001 0.530933515625 0.78736721875 0.6216362828124999 0.81352884375 0.6699562703125 0.8468383546875 0.681394759375 0.89584003125 0.6703381375 0.9232696671875 0.6369359203125 0.9438679796875 0.5807729 0.947251103125 0.51969403125 0.935491353125 0.4300126203125 0.9105139078125 0.368157378125 0.875152596875 0.32414709531249997 0.8407222171875001 0.3143154
1 0.1297453421875 0.6646883906250001 0.103669309375 0.7050284609374999 0.09203794843749999 0.7483371328125 0.0864130875 0.8126295875 0.090051225 0.86068388125 0.1047714265625 0.916527159375 0.13152514375 0.95807951875 0.1481482421875 0.9697629937500001 0.180400196875 0.9708798156249999 0.2147244671875 0.94830994375 0.239150853125 0.9044158359375001 0.25179697343749996 0.8270988031250001 0.2459170984375 0.7822580984374999 0.2309008515625 0.729798634375 0.211633859375 0.6923109921874999 0.153685746875 0.6599634765625 0.1297453421875 0.6646883906250001
1 0.3679206390625 0.4297974703125 0.32763266562500004 0.47571358437500005 0.2561520609375 0.6876815453125 0.2478627921875 0.7824283234375 0.2570419609375 0.8343771078125 0.2771970875 0.861713309375 0.33085166250000003 0.8647026203125 0.3863030234375 0.7911305609375 0.4276262734375 0.654947596875 0.42935974843749997 0.5903146875 0.44069506406250003 0.55038983125 0.435746121875 0.5397277109374999 0.440905515625 0.45834596093749996 0.418804696875 0.430839534375 0.3679206390625 0.4297974703125
1 0.23400315 0.14530407812499999 0.215307734375 0.157307296875 0.18863961093749998 0.20441499375 0.180603590625 0.25144793125 0.1789967390625 0.2922239203125 0.18982555625 0.34772674375 0.24098514375 0.4016434828125 0.2875979421875 0.47391585625 0.31595850937500003 0.474692228125 0.35176300625 0.4352032890625 0.3649807015625 0.4073771171875 0.36705301874999996 0.3836904234375 0.347383875 0.317185028125 0.339092840625 0.2550848015625 0.301679728125 0.178502725 0.2748626984375 0.148878825 0.23400315 0.14530407812499999
1 0.83553651875 1 0.8593613796874999 0.94162865625 0.867524025 0.8707387984375 0.865239490625 0.8296223578124999 0.8535225375 0.7842709734375 0.83590519375 0.7503373718749999 0.8068464265624999 0.7239270609374999 0.7851477609375 0.7254383875 0.7515011734375 0.8299006875 0.6951616765625 0.9136241859374999 0.695204471875 0.9579542156249999 0.7083233484375 1 0.83553651875 1
1 0.93085544375 0.046014190625 0.89088403125 0.032288003125 0.86440584375 0.0436103171875 0.8439974671874999 0.0639879578125 0.7957367859375 0.1450085484375 0.78067950625 0.20506606249999998 0.796457265625 0.27123100624999996 0.7945543703125 0.31539080625000004 0.812827115625 0.3306283203125 0.8368308328125 0.313974946875 0.86407053125 0.3163581125 0.8862346625 0.331936078125 0.9302446015625 0.265887309375 0.9466554828125 0.21276765000000003 0.9548181265625001 0.14187779218750002 0.9484727859375001 0.0799477921875 0.93085544375 0.046014190625
1 1 0.2575759984375 0.9934582171875 0.24925464375 0.95873179375 0.24280676093750003 0.935024121875 0.2560763203125 0.89678795 0.334564228125 0.9357873984375 0.42662880468750003 0.9461935453124999 0.509372365625 0.9575716562500001 0.513777534375 1 0.480041190625 1 0.2575759984375
1 0.9581655874999999 1 0.979653725 0.754389453125 0.9291290249999999 0.738035115625 0.9026508390625001 0.7493574296875 0.88330001875 0.7800567375 0.8671851828125 0.829792584375 0.869047046875 0.898149759375 0.9106475906249999 0.9716884734375 0.9469634593749999 1 0.9581655874999999 1