1 0 0.9527853265624999 0.015625 0.9527853265624999 0.0439453125 0.9408967390624999 0.0810546875 0.9001358703125 0.14453125 0.7727581515625 0.158203125 0.7184103265624999 0.16015625 0.6640625 0.1416015625 0.6148097828125 0.1005859375 0.580842390625 0.0791015625 0.5774456515625 0.0458984375 0.5978260875 0 0.6640625 0 0.9527853265624999
1 0 0.4670516296875 0.005859375 0.4670516296875 0.0458984375 0.448369565625 0.0693359375 0.424592390625 0.10546875 0.3685461953125 0.12890625 0.3006114125 0.12890625 0.1783288046875 0.1142578125 0.14266304375 0.0947265625 0.12228260937499999 0.0498046875 0.10190217343750001 0 0.1137907609375 0 0.4670516296875
1 0.310546875 0.528192934375 0.310546875 0.4840353265625 0.2890625 0.371942934375 0.2705078125 0.3396739125 0.2392578125 0.3158967390625 0.1787109375 0.3226902171875 0.1474609375 0.34986412968749997 0.1171875 0.4025135875 0.095703125 0.473845109375 0.09765625 0.57235054375 0.1435546875 0.6148097828125 0.1650390625 0.669157609375 0.197265625 0.6674592390625 0.2353515625 0.6487771734375001 0.2822265625 0.6080163046875 0.298828125 0.579144021875 0.310546875 0.528192934375
1 0.435546875 0.0900135875 0.43359375 0.0288722828125 0.4228515625 0.0033967390625 0.3037109375 0.0033967390625 0.2744140625 0.0237771734375 0.24609375 0.0696331515625 0.224609375 0.1477581515625 0.232421875 0.2258831515625 0.2548828125 0.2853260875 0.2880859375 0.3023097828125 0.30859375 0.3006114125 0.3662109375 0.268342390625 0.419921875 0.1851222828125 0.4296875 0.1545516296875 0.435546875 0.0900135875
1 0.43359375 0.735394021875 0.43359375 0.657269021875 0.4267578125 0.631793478125 0.4111328125 0.6148097828125 0.3330078125 0.5978260875 0.2724609375 0.6216032609375 0.234375 0.6674592390625 0.216796875 0.721807065625 0.216796875 0.7693614125 0.2265625 0.80672554375 0.2646484375 0.859375 0.306640625 0.8644701093749999 0.3349609375 0.8322010875 0.4150390625 0.7778532609375 0.427734375 0.7591711953125 0.43359375 0.735394021875
1 0.4482421875 0.7778532609375 0.4091796875 0.78125 0.3251953125 0.84578804375 0.263671875 0.9358016296875 0.24609375 0.9935461953125 0.484375 0.996942934375 0.505859375 0.9527853265624999 0.509765625 0.9086277171875 0.4765625 0.8033288046875 0.4482421875 0.7778532609375
1 0.638671875 0.7591711953125 0.5859375 0.6266983703125 0.5458984375 0.56046195625 0.5263671875 0.5570652171875 0.5166015625 0.540081521875 0.4931640625 0.5570652171875 0.4736328125 0.553668478125 0.458984375 0.579144021875 0.443359375 0.6402853265624999 0.443359375 0.6912364125 0.451171875 0.7387907609375 0.5244140625 0.9273097828125 0.5634765625 0.9714673906250001 0.59375 0.9765625 0.6142578125 0.9646739125 0.650390625 0.8882472828125 0.654296875 0.8542798906250001 0.638671875 0.7591711953125
1 0.876953125 0.7421875 0.8828125 0.6878396734375001 0.876953125 0.606317934375 0.8564453125 0.5706521734375001 0.8076171875 0.5230978265624999 0.7607421875 0.53328804375 0.7197265625 0.5774456515625 0.673828125 0.6674592390625 0.650390625 0.748980978125 0.6484375 0.8033288046875 0.671875 0.8984375 0.7060546875 0.95108695625 0.744140625 0.956182065625 0.7880859375 0.9341032609375001 0.8173828125 0.9001358703125 0.8515625 0.83389945625 0.876953125 0.7421875
1 0.712890625 0.42629076093749996 0.6875 0.344769021875 0.6474609375 0.278532609375 0.6083984375 0.24796195625 0.5771484375 0.254755434375 0.5498046875 0.278532609375 0.5234375 0.33797554375 0.51953125 0.39232337031250003 0.52734375 0.473845109375 0.552734375 0.49082880468749995 0.5517578125 0.502717390625 0.5380859375 0.502717390625 0.537109375 0.5180027171875 0.5419921875 0.53328804375 0.5546875 0.541779890625 0.548828125 0.5587635875 0.5693359375 0.6012228265624999 0.6064453125 0.6351902171875 0.638671875 0.6334918484375 0.6611328125 0.618206521875 0.70703125 0.5451766296875 0.716796875 0.4976222828125 0.712890625 0.42629076093749996
1 0.857421875 0.293817934375 0.83984375 0.20889945625 0.8115234375 0.149456521875 0.7705078125 0.11209239062500001 0.7451171875 0.11209239062500001 0.7197265625 0.13247282656249998 0.693359375 0.1851222828125 0.681640625 0.2428668484375 0.6796875 0.317595109375 0.708984375 0.4025135875 0.720703125 0.4976222828125 0.7529296875 0.526494565625 0.775390625 0.5247961953125 0.8212890625 0.5061141296875 0.841796875 0.473845109375 0.857421875 0.39232337031250003 0.857421875 0.293817934375
1 0.978515625 0.2122961953125 0.97265625 0.1851222828125 0.955078125 0.1341711953125 0.9150390625 0.084918478125 0.8642578125 0.078125 0.8388671875 0.09171195625 0.810546875 0.1341711953125 0.810546875 0.1443614125 0.833984375 0.188519021875 0.853515625 0.25985054375 0.859375 0.3787364125 0.8876953125 0.3940217390625 0.908203125 0.39232337031250003 0.9482421875 0.3634510875 0.96875 0.3209918484375 0.978515625 0.2700407609375 0.978515625 0.2122961953125
1 1 0.7252038046875 0.9501953125 0.71671195625 0.9208984375 0.7302989125 0.89453125 0.7659646734375001 0.87890625 0.8135190218749999 0.876953125 0.8746603265624999 0.88671875 0.9154211953125 0.90625 0.96297554375 0.9326171875 0.995244565625 1 0.996942934375 1 0.7252038046875
1 0.4892578125 0 0.474609375 0.0492527171875 0.474609375 0.123980978125 0.4921875 0.17493206562500002 0.5322265625 0.234375 0.583984375 0.23947010937500002 0.6181640625 0.21399456562500002 0.650390625 0.1579483703125 0.662109375 0.10699728281250001 0.662109375 0.0662364125 0.650390625 0.022078804687500002 0.6376953125 0 0.4892578125 0
1 0.4794921875 0.5298913046875 0.486328125 0.501019021875 0.478515625 0.487432065625 0.5 0.4806385875 0.517578125 0.4059103265625 0.525390625 0.3243885875 0.525390625 0.2734375 0.517578125 0.23267662968749997 0.4931640625 0.1834239125 0.4580078125 0.1528532609375 0.4345703125 0.1528532609375 0.3955078125 0.2309782609375 0.3447265625 0.28872282656250003 0.32421875 0.358355978125 0.322265625 0.4976222828125 0.333984375 0.5553668484375 0.3603515625 0.6012228265624999 0.3984375 0.6097146734375001 0.4248046875 0.6012228265624999 0.4599609375 0.567255434375 0.470703125 0.5485733703125 0.470703125 0.5112092390625 0.4794921875 0.5298913046875