0 0.244140625 0.786345109375 0.244140625 0.5553668484375 0.251953125 0.4568614125 0.263671875 0.41610054375 0.2431640625 0.3940217390625 0.2177734375 0.40421195625 0.193359375 0.44667119531250005 0.185546875 0.5553668484375 0.212890625 0.7897418484375 0.2431640625 0.8220108703125 0.244140625 0.786345109375
0 0.33984375 0.799932065625 0.349609375 0.7659646734375001 0.361328125 0.6946331515625 0.322265625 0.4534646734375 0.2998046875 0.4177989125 0.2763671875 0.4144021734375 0.2578125 0.436480978125 0.251953125 0.46025815156250005 0.25390625 0.5451766296875 0.263671875 0.6131114125 0.294921875 0.7252038046875 0.298828125 0.762567934375 0.33203125 0.8033288046875 0.33984375 0.799932065625
0 0.47944076874999997 0.6907769421875 0.451171875 0.6029211953125 0.439453125 0.541779890625 0.390625 0.436480978125 0.361328125 0.3413722828125 0.3369140625 0.319293478125 0.3134765625 0.3294836953125 0.302734375 0.3617527171875 0.3046875 0.395720109375 0.33203125 0.4806385875 0.39453125 0.579144021875 0.4306640625 0.6555706515625 0.4638671875 0.682744565625 0.47944076874999997 0.6907769421875
0 0.5009765625 0.8865489125 0.501953125 0.8746603265624999 0.48046875 0.83389945625 0.458984375 0.7014266296875 0.4609375 0.684442934375 0.4287109375 0.6555706515625 0.392578125 0.5757472828125 0.3662109375 0.540081521875 0.37890625 0.6131114125 0.435546875 0.799932065625 0.4677734375 0.8627717390624999 0.494140625 0.88485054375 0.5009765625 0.8865489125
0 0.58984375 0.8203125 0.59375 0.799932065625 0.595703125 0.748980978125 0.57421875 0.6334918484375 0.55859375 0.5587635875 0.541015625 0.4194972828125 0.517578125 0.3243885875 0.4990234375 0.29891304375 0.4775390625 0.3023097828125 0.46484375 0.3209918484375 0.458984375 0.3617527171875 0.48046875 0.473845109375 0.4921875 0.528192934375 0.5087890625 0.56046195625 0.5078125 0.57235054375 0.533203125 0.6946331515625 0.55078125 0.7591711953125 0.58203125 0.8203125 0.58984375 0.8203125
0 0.6064453125 0.6487771734375001 0.6123046875 0.6623641296875 0.6181640625 0.6555706515625 0.62890625 0.6266983703125 0.630859375 0.436480978125 0.6171875 0.31080162968749997 0.5947265625 0.27173912968749997 0.5693359375 0.268342390625 0.54296875 0.3006114125 0.53515625 0.3345788046875 0.53515625 0.3821331515625 0.560546875 0.5621603265624999 0.56640625 0.6029211953125 0.578125 0.643682065625 0.59765625 0.6640625 0.6064453125 0.6487771734375001
0 0.7734375 0.6368885875 0.7421875 0.5621603265624999 0.697265625 0.36514945625 0.662109375 0.2564538046875 0.6357421875 0.1970108703125 0.6259765625 0.1868206515625 0.6064453125 0.190217390625 0.59375 0.21569293437499998 0.595703125 0.25985054375 0.650390625 0.4025135875 0.69921875 0.5757472828125 0.7275390625 0.625 0.7529296875 0.6216032609375 0.767578125 0.6368885875 0.7734375 0.6368885875
0 0.8388244359374999 0.8019152015625 0.913383678125 0.8410194265625 0.9469156359375 0.8321009921875 0.8885305828125001 0.7902525265625 0.8117110750000001 0.7211544125 0.7423751375000001 0.634537565625 0.7267501375000001 0.6379343046875 0.6847579500000001 0.5377305 0.6564376375000001 0.48847778281250004 0.6349532625000001 0.46809734843750006 0.6359298250000001 0.6328391953125 0.6681563875000001 0.6854886515625 0.7394454500000001 0.765312021875 0.8388244359374999 0.8019152015625
0 0.931640625 0.7829483703125 0.939453125 0.735394021875 0.947265625 0.721807065625 0.94140625 0.7014266296875 0.9453125 0.6810461953125 0.935546875 0.6538722828125 0.8037109375 0.4925271734375 0.7099609375 0.411005434375 0.740234375 0.551970109375 0.779296875 0.6470788046875 0.8193359375 0.68953804375 0.8392189203125 0.71616035625 0.8662109375 0.7540760875 0.923828125 0.786345109375 0.931640625 0.7829483703125
0 0.9990234375 0.6012228265624999 0.9130859375 0.5298913046875 0.7041015625 0.2955163046875 0.6787109375 0.27513587031250003 0.669921875 0.280230978125 0.7119140625 0.40760869531250005 0.8017578125 0.489130434375 0.9111328125 0.618206521875 0.99609375 0.6674592390625 0.9990234375 0.6012228265624999
0 1 0.49422554375 0.9716796875 0.4449728265625 0.8837890625 0.34986412968749997 0.7998046875 0.241168478125 0.7587890625 0.2038043484375 0.7275390625 0.2038043484375 0.701171875 0.24626358750000002 0.701171875 0.28702445625 0.7119140625 0.305706521875 0.7841796875 0.37703804375 0.9150390625 0.5298913046875 0.994140625 0.5961277171875 1 0.5961277171875 1 0.49422554375
0 1 0.40552184843749994 0.9145671296875 0.29918581718750004 0.8095703125 0.1528532609375 0.7919921875 0.1528532609375 0.779296875 0.17153532656249998 0.775390625 0.20889945625 0.7802734375 0.22078804375 0.8466796875 0.292119565625 0.8876953125 0.35326087031250003 0.9755859375 0.4449728265625 0.99609375 0.4840353265625 1 0.40552184843749994
0 0.9970703125 0.2445652171875 0.9541015625 0.20040760937500002 0.8955078125 0.1596467390625 0.8720703125 0.1596467390625 0.8515625 0.18172554375 0.8544921875 0.2038043484375 0.99609375 0.3685461953125 0.9970703125 0.2445652171875
0 0.5154374921875 0.718084 0.5281328046875 0.6892117171875001 0.5125078046875 0.5907062828125 0.5017656171875 0.5584372609375 0.4871171796875 0.5261682390625 0.4832109296875 0.4854073703125 0.4695390546875 0.410679109375 0.4324296796875 0.2883965 0.4177812421875 0.2663176953125 0.3943437421875 0.26292095625 0.3738359296875 0.30198345625 0.3816484296875 0.38010845625 0.3992265546875 0.44804323906250004 0.4402421796875 0.5397551953125 0.4656328046875 0.6484508484375 0.4968828046875 0.7163856296875 0.5154374921875 0.718084