0 0.9230740624999999 1 0.9354276390624999 0.9944196234374999 0.9434641296875 0.9372370265625 0.9020295031250001 0.825080021875 0.882429259375 0.7400024875 0.8457230953125 0.6713865375 0.8225125734375001 0.5909467921875 0.793542878125 0.5234181328124999 0.804848675 0.6604968312499999 0.801582709375 0.6977691593750001 0.8119851015625 0.7781239 0.8536776843749999 0.8954623375 0.9096463859374999 1 0.9230740624999999 1
0 0.8156828515625 0.8781170875000001 0.810480540625 0.76076184375 0.8011099749999999 0.7011328421874999 0.8023122875 0.6224090359375001 0.787912125 0.5003309953125 0.7656470718749999 0.4131638875 0.7486695734375 0.3936272515625 0.7307897828125001 0.39454453125 0.7132543046875 0.42809635 0.71291110625 0.4726396859375 0.7486297375000001 0.6114343250000001 0.773345934375 0.7864140015625 0.8000803765625 0.8347628546875001 0.8011553812500001 0.86921514375 0.8094077640625 0.880665303125 0.8156828515625 0.8781170875000001
0 0.7819016796875 0.9711278984374999 0.787402896875 0.9530353781249999 0.7846506171875001 0.8463148265625 0.7714118171875 0.7861421796875 0.7698208984375 0.7413270187500001 0.7251180796875001 0.5120865953125 0.7117076796874999 0.47418561718749996 0.6865209765625 0.45692537343749995 0.6759946203125 0.7212803531249999 0.724392959375 0.8961582187499999 0.7504398890624999 0.9564158687500001 0.76909355 0.9710428921875 0.7819016796875 0.9711278984374999
0 0.6340496515625 0.9846498578125 0.651585128125 0.951098040625 0.6297507453125 0.924018571875 0.6536908453125 0.9290981953124999 0.6577738578125001 0.9210967218749999 0.6612103078125 0.7843748500000001 0.6767673750000001 0.659646784375 0.6884971578125 0.393745871875 0.6868630609374999 0.33520415937500003 0.6762890703125 0.2771210890625 0.6578501875 0.25394894843750004 0.6307725453125 0.25014343437500003 0.600643715625 0.2750651296875 0.5804866093750001 0.32025392343750003 0.5632999015625 0.69515178125 0.578861425 0.879135215625 0.588876325 0.913128865625 0.61741535 0.9205698859375 0.6155244109375 0.934024615625 0.5981173562500001 0.9315782125000001 0.5959684609375 0.9398515062499999 0.6049947125 0.9668459703125001 0.6231756374999999 0.9848366765625001 0.6340496515625 0.9846498578125
0 0.5222992875 0.874616046875 0.5423700390625 0.8019741484375 0.5673817999999999 0.609972434375 0.576661553125 0.33343683281250003 0.568537590625 0.285988453125 0.5510873578125 0.26981549843749997 0.5366030671875001 0.2746401046875 0.5296404671875 0.2890971203125 0.5179516343749999 0.41436883281250003 0.5164083515625 0.6919917250000001 0.5002921921875 0.792630371875 0.51361735 0.880256121875 0.5222992875 0.874616046875
0 0.4892897578125 0.828815409375 0.5060081875 0.7659927359375 0.5159356171875 0.6953554078125 0.5152015828125001 0.46200402812499997 0.5309723140625 0.2515529703125 0.5209142359375 0.20383276874999998 0.5044526484375 0.1946590015625 0.491902475 0.19975543125 0.47290561562500005 0.22967174531249998 0.45816448281250005 0.3064927921875 0.45515758906250003 0.4261244296875 0.4589416953125 0.553570721875 0.4658190515625 0.5888384796875 0.4641440046875 0.6709259671875001 0.4722259015625 0.7818256703124999 0.483014671875 0.831363625 0.4892897578125 0.828815409375
0 0.34126612968750003 0.8646090390625 0.38325761875 0.8464997125 0.46143713281250004 0.732287715625 0.467669040625 0.71601295 0.46070421250000004 0.5761142125000001 0.381192853125 0.727870359375 0.3412218375 0.7737046125 0.3388581640625 0.7905230234375 0.3172396734375 0.8320763124999999 0.322397690625 0.85852713125 0.328930734375 0.8611603515624999 0.34126612968750003 0.8646090390625
0 0.31719538125 0.7411718875 0.32127839375 0.7331704140624999 0.3562198125 0.6248871234375 0.38312474218750003 0.5737864312500001 0.3926657921875 0.5339658890625001 0.40852510937500003 0.5053236828125 0.4118342515625 0.48177790781249996 0.45403940625 0.3779455875 0.456230365625 0.3062209703125 0.46431003437499996 0.262764921875 0.4509428125 0.23859049531249998 0.41565596562499996 0.2370613734375 0.39326360625 0.26307036093749997 0.316117034375 0.4751859703125 0.2826801765625 0.60083131875 0.272323190625 0.68855888125 0.2770516515625 0.7320999328125 0.2971235171875 0.736635909375 0.31719538125 0.7411718875
0 0.332195584375 0.7467101484375 0.34564805 0.7211598015625 0.3928396203125 0.6660499718749999 0.40538979375000006 0.6609535421875 0.45657802187499996 0.5703891343749999 0.4510745765625 0.434125903125 0.4334527421875 0.44022461562500004 0.42438442500000007 0.476681478125 0.4128229 0.48877709375 0.412866078125 0.5025036453125 0.394599909375 0.5342377125 0.3792996859375 0.5869693375 0.3615062515625 0.6153397218750001 0.33657861875 0.6804387875 0.3198601890625 0.7432614609375 0.332195584375 0.7467101484375
0 0.06644875624999999 0.7711040437500001 0.0857035734375 0.7463691640625 0.1146721546875 0.7367199484375 0.160445521875 0.6917011640624999 0.22757942187500002 0.5999476546875 0.2802710953125 0.44956742812500006 0.28568595625 0.40402180625 0.24025578749999998 0.404497253125 0.16744795625 0.45943707500000003 0.0425927859375 0.6391217734375 0.028281209374999998 0.6988525875 0.057508860937499996 0.7715626828125 0.06644875624999999 0.7711040437500001
0 0.2092302390625 0.8357622421875 0.2585275265625 0.7586525640625 0.22685095937500002 0.7524856515625 0.20987345937500002 0.732949015625 0.187094721875 0.7897747875000001 0.18382875625 0.827047115625 0.1886856390625 0.8345899484375 0.2092302390625 0.8357622421875
0 0.2729254609375 0.726374853125 0.27644826718750004 0.6171060859375 0.313237446875 0.4816415125 0.36786323906249996 0.33153310937499997 0.370699646875 0.311351015625 0.357332425 0.2871765890625 0.3370457828125 0.2911857296875 0.320455775 0.31801018281250004 0.23192039062499997 0.5971276171875 0.21490194062499998 0.7182201796875 0.2410341140625 0.7287530578125 0.2729254609375 0.726374853125
0 0 0.48088640937499993 0.080412678125 0.44720506406249994 0.1459567734375 0.3878142703125 0.2559844546875 0.25749751718749997 0.2358694125 0.2392349890625 0.1875596578125 0.24616597968749998 0.0249664953125 0.33650898749999997 0.017015248437499998 0.34396681406249996 0 0.4650365984375 0 0.48088640937499993
0 0 0.561309025 0.0261732640625 0.5664966828125 0.053680462500000005 0.5532119640625 0.20118706406250003 0.42987758906250007 0.3411287953125 0.28318425625 0.36081316874999997 0.2413591453125 0.3636063984375 0.2074504984375 0.355096059375 0.19081890625 0.3381617375 0.185008821875 0.30536810000000003 0.2078409421875 0.147890890625 0.38808609375 0.073192121875 0.4564806453125 0 0.5557602609375001 0 0.561309025
0 0 0.7012035328125 0.025788 0.67449134375 0.04065866875 0.63884995 0.0940821484375 0.5674653515625 0.13323611562499998 0.49236024375 0.0488667578125 0.5593956828125 0.0131071765625 0.5612302437500001 0 0.5812640375 0 0.7012035328125
0 0.029693842187500003 0.3028721640625 0.0212698609375 0.3136936734375 0.0174879828125 0.3406031328125 0.1404965078125 0.265277590625 0.12953613749999998 0.2380113046875 0.104865346875 0.23111393125 0.029693842187500003 0.3028721640625
0 0.0961834078125 0.23675400624999998 0.1304816078125 0.23128394062500002 0.133575971875 0.21628328125000001 0.1221428671875 0.19238067812499998 0.09553795937500001 0.18521148125 0.037643975 0.2182364625 0.0222153296875 0.306966309375 0.0961834078125 0.23675400624999998