1 0.1552734375 0.262907609375 0.0595703125 0.341032609375 0.041015625 0.3868885875 0.037109375 0.4514266296875 0.044921875 0.49558423906250004 0.0625 0.536345109375 0.0966796875 0.5686141296875 0.1630859375 0.565217390625 0.2119140625 0.5414402171875 0.2822265625 0.4769021734375 0.306640625 0.42764945625 0.3125 0.3834918484375 0.291015625 0.27139945625 0.2744140625 0.2425271734375 0.259765625 0.23743206562500002 0.1552734375 0.262907609375
1 0.2919921875 0.46671195625 0.2373046875 0.524456521875 0.17578125 0.5669157609375 0.15625 0.6246603265624999 0.154296875 0.6959918484375 0.1640625 0.7367527171875 0.1787109375 0.7622282609375 0.2080078125 0.77921195625 0.2353515625 0.77921195625 0.2646484375 0.758831521875 0.31640625 0.6858016296875 0.328125 0.6382472828125 0.357421875 0.5737092390625 0.357421875 0.5431385875 0.3310546875 0.487092390625 0.30859375 0.4684103265625 0.2919921875 0.46671195625
1 0.3623046875 1 0.3671875 0.9915081515624999 0.375 0.9099864125 0.3671875 0.8760190218749999 0.3271484375 0.77921195625 0.298828125 0.7571331515625 0.2724609375 0.7554347828125 0.2392578125 0.77921195625 0.2099609375 0.8063858703125 0.1796875 0.8522418484375001 0.16796875 0.8862092390624999 0.173828125 0.9201766296875 0.1708984375 1 0.3623046875 1
1 0.4013671875 0.5550271734375001 0.3583984375 0.5855978265624999 0.3447265625 0.6059782609375 0.32421875 0.6654211953125 0.32421875 0.71297554375 0.333984375 0.7571331515625 0.3837890625 0.8505434781250001 0.4189453125 0.8811141296875 0.4521484375 0.8845108703125 0.4970703125 0.864130434375 0.5576171875 0.8675271734375001 0.578125 0.8318614125 0.587890625 0.7741168484375 0.587890625 0.7095788046875 0.578125 0.6722146734375001 0.5556640625 0.629755434375 0.5283203125 0.616168478125 0.4912109375 0.5686141296875 0.458984375 0.5533288046875 0.4013671875 0.5550271734375001
1 0 0.8114809781250001 0.0107421875 0.83016304375 0.1103515625 0.83016304375 0.1376953125 0.84375 0.166015625 0.7639266296875 0.15234375 0.6959918484375 0.158203125 0.5805027171875 0.1533203125 0.5720108703125 0.1005859375 0.5720108703125 0.0771484375 0.5584239125 0.0546875 0.5295516296875 0.0390625 0.47860054375 0.0205078125 0.487092390625 0 0.5295516296875 0 0.8114809781250001
1 0 0.9983016296875 0.1611328125 1 0.173828125 0.940557065625 0.162109375 0.8794157609375001 0.1162109375 0.8335597828125 0.080078125 0.8318614125 0.0283203125 0.83016304375 0 0.8420516296875 0 0.9983016296875
1 0.4931640625 0.8675271734375001 0.4541015625 0.8845108703125 0.404296875 0.94735054375 0.388671875 0.9983016296875 0.6123046875 1 0.607421875 0.940557065625 0.5615234375 0.8777173906250001 0.54296875 0.8658288046875 0.4931640625 0.8675271734375001
1 0.3310546875 0.0896739125 0.30859375 0.12194293437499999 0.294921875 0.186480978125 0.29296875 0.2578125 0.306640625 0.315557065625 0.318359375 0.41745923906250004 0.3359375 0.485394021875 0.37301868437499996 0.5335576390625001 0.3857421875 0.538043478125 0.4013671875 0.551630434375 0.4208984375 0.5482336953125 0.451171875 0.512567934375 0.45704575625 0.4718141625 0.4609375 0.4548233703125 0.44921875 0.2544157609375 0.435546875 0.1796875 0.41015625 0.12194293437499999 0.3935546875 0.09646739062500001 0.361328125 0.08797554375 0.3310546875 0.0896739125
1 0.5146484375 0.25611412968749997 0.4892578125 0.27309782656250003 0.46875 0.31216032656250003 0.45703125 0.369904890625 0.458984375 0.43104619531250005 0.4765625 0.512567934375 0.5166015625 0.59578804375 0.5537109375 0.629755434375 0.5869140625 0.6263586953125 0.6201171875 0.59578804375 0.638671875 0.5533288046875 0.646484375 0.498980978125 0.642578125 0.3970788046875 0.625 0.3189538046875 0.6005859375 0.2697010875 0.568359375 0.2476222828125 0.5146484375 0.25611412968749997
1 0.6669921875 0.5720108703125 0.6337890625 0.5923913046875 0.607421875 0.6314538046875 0.58984375 0.6993885875 0.591796875 0.7741168484375 0.609375 0.8386548906250001 0.6318359375 0.8743206515624999 0.6689453125 0.8980978265624999 0.7041015625 0.8947010875 0.7353515625 0.8675271734375001 0.7578125 0.8216711953125 0.767578125 0.7809103265624999 0.763671875 0.6891983703125 0.751953125 0.6212635875 0.7255859375 0.5822010875 0.701171875 0.5703125 0.6669921875 0.5720108703125
1 0.6650390625 0.901494565625 0.6376953125 0.921875 0.62109375 0.9507472828125 0.615234375 0.9983016296875 0.775390625 0.9983016296875 0.7431640625 0.9286684781250001 0.70703125 0.8997961953125 0.6650390625 0.901494565625
1 0.8388671875 0.419157609375 0.8134765625 0.446331521875 0.77734375 0.5227581515625 0.759765625 0.5805027171875 0.7578125 0.641644021875 0.765625 0.6790081515625 0.7890625 0.74014945625 0.8154296875 0.772418478125 0.8623046875 0.765625 0.8974609375 0.731657609375 0.92578125 0.682404890625 0.951171875 0.5872961953125 0.953125 0.526154890625 0.939453125 0.471807065625 0.9189453125 0.43953804375 0.875 0.41745923906250004 0.8388671875 0.419157609375
1 0.8935546875 1 0.90234375 0.9575407609375001 0.90234375 0.8862092390624999 0.880859375 0.8046875 0.8623046875 0.7690217390625 0.8193359375 0.7758152171875 0.7890625 0.7537364125 0.7802734375 0.75203804375 0.76953125 0.7673233703125 0.7578125 0.825067934375 0.73828125 0.8658288046875 0.748046875 0.9337635875 0.7802734375 1 0.8935546875 1
1 0.6728515625 0.10665760937499999 0.6318359375 0.15421195625 0.609375 0.2034646734375 0.603515625 0.2578125 0.634765625 0.3461277171875 0.646484375 0.407269021875 0.6748046875 0.45652173906250004 0.7080078125 0.487092390625 0.7587890625 0.497282609375 0.7841796875 0.4769021734375 0.80078125 0.448029890625 0.814453125 0.3834918484375 0.814453125 0.31216032656250003 0.794921875 0.2272418484375 0.77734375 0.186480978125 0.7392578125 0.1304347828125 0.697265625 0.1049592390625 0.6728515625 0.10665760937499999
1 0.1669921875 0.004755434375 0.150390625 0.0472146734375 0.140625 0.1049592390625 0.142578125 0.1762907609375 0.15625 0.22384510937500002 0.1767578125 0.2493206515625 0.1904296875 0.2493206515625 0.2529296875 0.23233695625 0.2724609375 0.20516304375 0.291015625 0.172894021875 0.310546875 0.0981657609375 0.310546875 0.054008151562499995 0.298828125 0.003057065625 0.1669921875 0.004755434375
1 0.0869140625 0.16100543437499998 0.0634765625 0.174592390625 0.029296875 0.22044837031250003 0.013671875 0.27139945625 0.009765625 0.3189538046875 0.0274422578125 0.37988504375 0.041015625 0.3834918484375 0.0595703125 0.33763587031250003 0.1640625 0.2544157609375 0.140625 0.172894021875 0.1171875 0.15930706562500002 0.0869140625 0.16100543437499998
1 0.4052734375 0.0013586953125 0.400390625 0.026834239062499998 0.412109375 0.12194293437499999 0.4345703125 0.174592390625 0.4755859375 0.2017663046875 0.5693359375 0.2017663046875 0.6083984375 0.1813858703125 0.6484375 0.12533967343750002 0.658203125 0.060801629687500004 0.658203125 0.003057065625 0.4052734375 0.0013586953125
1 0.8212890625 0.025135870312500003 0.7939453125 0.045516304687499995 0.771484375 0.0845788046875 0.7578125 0.145720109375 0.798828125 0.23743206562500002 0.814453125 0.3087635875 0.81640625 0.34952445625 0.8232421875 0.36141304375 0.8564453125 0.3580163046875 0.8916015625 0.3240489125 0.9140625 0.2747961953125 0.923828125 0.21365489062499998 0.921875 0.1491168484375 0.90625 0.0845788046875 0.8818359375 0.045516304687499995 0.849609375 0.0234375 0.8212890625 0.025135870312500003
1 1 0.1423233703125 0.9541015625 0.1711956515625 0.923828125 0.22384510937500002 0.916015625 0.2680027171875 0.916015625 0.29517662968749997 0.9296875 0.34952445625 0.9638671875 0.3851902171875 1 0.3834918484375 1 0.1423233703125
1 1 0.6654211953125 0.9794921875 0.629755434375 0.953125 0.6076766296875 0.9453125 0.614470109375 0.923828125 0.6891983703125 0.8671875 0.7673233703125 0.896484375 0.8522418484375001 0.9189453125 0.8743206515624999 0.9658203125 0.8743206515624999 1 0.8284646734375001 1 0.6654211953125
1 1 0.003057065625 0.8720703125 0.0013586953125 0.87109375 0.0132472828125 0.9130859375 0.0896739125 0.9541015625 0.1032608703125 0.9833984375 0.0862771734375 1 0.060801629687500004 1 0.003057065625
1 0.015625 0.0064538046875 0.029296875 0.050611412499999994 0.0517578125 0.0896739125 0.0732421875 0.11005434843749999 0.1064453125 0.11684782656249999 0.142578125 0.0845788046875 0.166015625 0.003057065625 0.015625 0.0064538046875
1 0.6630859375 0.0013586953125 0.650390625 0.12533967343750002 0.6826171875 0.0998641296875 0.7099609375 0.10665760937499999 0.7490234375 0.133831521875 0.767578125 0.0743885875 0.763671875 0.003057065625 0.6630859375 0.0013586953125
1 0.9599609375 0.8777173906250001 0.9013671875 0.8675271734375001 0.904296875 0.94735054375 0.896484375 0.9983016296875 0.9990234375 1 1 0.8352581515624999 0.9599609375 0.8777173906250001