1 0.2750944703125 0.6749874609375001 0.25979313125000003 0.6994337093749999 0.24655433124999998 0.7596063562500001 0.24496341250000003 0.8044215156250001 0.2554499328125 0.8509694234375 0.27225471875 0.8863389937499999 0.29705393125 0.9154398390624999 0.3313089515625 0.93463645625 0.37119472343750004 0.9307459375 0.3883870015625 0.91975441875 0.41490666562499995 0.8628604484375 0.4189044359375 0.82113715 0.4069997109375 0.7644981953125 0.3800947828125 0.7133975015625 0.3437340453125 0.6722010390625 0.308490378125 0.6600036109375 0.2750944703125 0.6749874609375001
1 0.48561323749999996 0.5870889234375001 0.45028321250000003 0.6023445984375 0.40953721249999997 0.6492325250000001 0.3975881953125 0.683497996875 0.39694274687500003 0.735040521875 0.430938696875 0.8365964484375 0.474519990625 0.887068490625 0.5201649359375 0.8960890562499999 0.5460823312499999 0.8770110593749999 0.5618995828125 0.842201940625 0.5687769390625 0.806934184375 0.56899283125 0.7383014265625001 0.559494959375 0.68475433125 0.5446242906250001 0.6491129390625 0.5135931703125001 0.6037373265625 0.48561323749999996 0.5870889234375001
1 0.339823746875 0.6092933609375 0.3314418296875 0.6619231765625 0.39647001249999997 0.7316768406249999 0.3956109 0.697496371875 0.40468033124999997 0.65677535625 0.46700275468749997 0.5879893968750001 0.44847862968749996 0.561436765625 0.4146963453125 0.54560383125 0.3876187015625 0.5494093453125 0.354179615625 0.5781197484375 0.339823746875 0.6092933609375
1 0.6293833671875 0.5154315375 0.5734235 0.48213473437500004 0.5454003890625 0.479212884375 0.5192250375 0.5034723140625 0.502891871875 0.548644303125 0.503235071875 0.5931876390624999 0.54415155625 0.64574925625 0.5724315109375 0.720667546875 0.59598523125 0.6847711390625 0.6177764359375 0.6714182234375 0.6429199609375 0.66788453125 0.6829773328125001 0.6862656796875 0.6862012328125 0.6600866843750001 0.676273803125 0.5894493562500001 0.6609304 0.55044428125 0.6293833671875 0.5154315375
1 0.5979193484375 0.6844993171875 0.5748383625 0.72375940625 0.568433740625 0.762390846875 0.5788339046875 0.83639185625 0.626240253125 0.90004680625 0.66483624375 0.9220634609375 0.6950514296875 0.9195320546874999 0.7137050890625 0.9049050296875001 0.7314996375 0.8560975375 0.7254404421875 0.7849165640625 0.7139652734374999 0.74536784375 0.6971604890624999 0.7099982734375 0.666086190625 0.6783492125 0.635183490625 0.668971821875 0.5979193484375 0.6844993171875
2 1 0.4660761390625 0.972799365625 0.2785109203125 0.9456785453125001 0.2960429875 0.929388559375 0.327488421875 0.93549093125 0.38494284375 0.9320090750000001 0.41630327500000003 0.9457615593750001 0.500123509375 0.952466203125 0.5197619578125 0.963082259375 0.5251302109375 1 0.5016986609375 1 0.4660761390625
0 0.6870603453124999 0.694267153125 0.723549503125 0.7714618359375 0.7334769328124999 0.8420991640625 0.74942260625 0.8432882671874999 0.7640364328125 0.80693321875 0.754065825 0.7500224421875 0.7071333234375 0.6125533 0.6840966296875 0.5609089625 0.6626497390625 0.5416273406250001 0.6609304 0.55044428125 0.679626125 0.5992685796874999 0.6870603453124999 0.694267153125
0 0.69243536875 0.5220057015624999 0.6956149765624999 0.58673113125 0.754065825 0.7500224421875 0.7668307765625 0.7636639890625 0.7811002890625 0.7599434796875 0.79279135 0.730859440625 0.7899981203124999 0.6969507953125 0.7478793234375 0.5656653734375 0.728151771875 0.5375668124999999 0.72724948125 0.517112896875 0.7212323515625 0.5093832468749999 0.6980229437500001 0.512645115625 0.69243536875 0.5220057015624999
0 0.752865740625 0.5169428875000001 0.77160464375 0.5520406343750001 0.757549909375 0.5643062609375 0.7866889765625 0.6734050203125 0.797905075 0.7953130500000001 0.8070597484375 0.8043168062499999 0.82330655625 0.7865979234375 0.8498682859375 0.793155278125 0.8542103687499999 0.7187974390625 0.84432611875 0.634433559375 0.8271349546875 0.568247203125 0.7884537218750001 0.49650577812499996 0.7594419625 0.500583115625 0.752865740625 0.5169428875000001
0 0.8802573 0.6585397890625 0.9048417328125 0.6790955171874999 0.9191112453124999 0.675375009375 0.9268908937499999 0.6605611671875 0.9216908109374999 0.6235606609375 0.862164959375 0.494721640625 0.8513341249999999 0.48080827187499997 0.8223223656249999 0.484885609375 0.8113619953125 0.5121518953125 0.832894128125 0.5811582890625 0.8802573 0.6585397890625
0 0.939313759375 0.5524815000000001 0.9112054046875 0.49983487968749996 0.8851164109375 0.49664120624999997 0.87759471875 0.5062736140624999 0.8794424796874999 0.53345489375 0.914513434375 0.60055853125 0.9283522765625 0.6569256625000001 0.920314671875 0.6769209375 0.9060451593750001 0.6806414484375 0.91502711875 0.7445514125 0.9243965703124999 0.762100284375 0.9497548734375 0.7671117109375001 0.957534521875 0.75229786875 0.9595981734375 0.710846390625 0.946877515625 0.6063004171874999 0.9253874468750001 0.6007453468749999 0.9160179953125 0.583196475 0.9191987171875 0.5707440296875 0.9409467421875 0.571117665625 0.939313759375 0.5524815000000001
2 0.887570896875 0.17729501406249998 0.8619546375 0.17746502343749998 0.8498340203125 0.18945882812499998 0.845191915625 0.2055467765625 0.8610944109374999 0.22046243125 0.8663376703125 0.243736384375 0.8947039828125 0.291201571875 0.9084575812500001 0.2978439328125 0.9102201000000001 0.27530044062500003 0.9167531421874999 0.2726672203125 0.9313658546875001 0.3134900484375 0.9730573234375001 0.2733294859375 0.9688027109374999 0.2430563453125 0.9582298328125001 0.223961540625 0.94546488125 0.21031999531249998 0.9106939484375 0.201486246875 0.887570896875 0.17729501406249998
2 0.926681525 0.0888528046875 0.9448600375 0.082141284375 0.9375688609375 0.0415991921875 0.9089561984375001 0.0137525078125 0.8764800859375 0.0037683250000000003 0.839671865625 0.0054774890625 0.8210764265625 0.020560959375 0.7989301656250001 0.047227954687500004 0.7881820609375 0.08129921875 0.7854598625 0.1251915296875 0.8097447265625 0.1468540578125 0.8202049828125 0.1730951609375 0.8453191328124999 0.1958912703125 0.8751829859375 0.167446875 0.9096822703124999 0.1549777625 0.9204733703124999 0.1382199515625 0.926681525 0.0888528046875