1 0.8987160187500001 1 0.8988235578125 0.9859904515625001 0.878963084375 0.843239721875 0.8345526046874999 0.7642084671875 0.7756130156250001 0.7073489984375 0.747710778125 0.7022119109375 0.7204396187500001 0.7159746734375 0.677745821875 0.767199628125 0.6525647375 0.812019253125 0.6394290125000001 0.8548956125 0.6323917203125 0.9122097578125 0.6354612203125 0.9673426140625001 0.64463698125 1 0.8987160187500001 1
1 0.5367100234375 0.7379047421875 0.512902040625 0.7555149765625 0.48295029375 0.815148953125 0.4790934421875 0.8625868640625001 0.4835360421875 0.89051033125 0.49690917187499994 0.9178192062500001 0.516577571875 0.9339231734375 0.5535415640625 0.921350540625 0.5764357359375001 0.8711167468750001 0.5851288625 0.8003169203124999 0.5811002203125 0.76902203125 0.5553333874999999 0.7384802781250001 0.5367100234375 0.7379047421875
1 0.30946347812499997 0.6655131484375 0.285872615625 0.70539465625 0.2836715984375 0.739346884375 0.29532328125 0.7886890046875 0.32753689375 0.8388446875 0.3690747109375 0.8371003937499999 0.396759828125 0.8199662109375 0.41481772499999997 0.793094334375 0.417846659375 0.7523992625 0.40854750156249997 0.69992375 0.38014540937499997 0.6587916828125 0.30946347812499997 0.6655131484375
1 0.16037516093749998 0.42133903437500003 0.14785023125000002 0.4352012828125 0.11436969687500001 0.4995353515625 0.105807796875 0.55324005 0.1120577375 0.598496671875 0.1352752078125 0.6578145109375 0.183759659375 0.7116791265625 0.24762618125000002 0.6322536234375 0.257843915625 0.5650632421874999 0.25712694062499997 0.5067969921875 0.248110515625 0.4680451859375 0.2258724703125 0.43280334062500003 0.20267528281249997 0.42139946406249995 0.16037516093749998 0.42133903437500003
1 0.15818490000000002 0.8077841328125 0.11631901874999999 0.852266246875 0.10483912656250001 0.8816569265625 0.10196170156249999 0.9531708296874999 0.25780934218749996 0.9740176390625 0.25951050468750003 0.9040704312500001 0.252432646875 0.86555665 0.235182384375 0.8377717234375 0.1966078875 0.8073685109375001 0.15818490000000002 0.8077841328125
1 0 0.5046221140625 0.0019531109375 0.5336438015625 0.0063957109375 0.5615672703125 0.0510889234375 0.65432223125 0.0631342828125 0.6523789671875 0.1038895125 0.6009159875 0.1088367296875 0.5125449796875 0.15144463125000002 0.421953628125 0.1270508984375 0.36420248437499997 0.12812098125 0.275355425 0.12049794062500001 0.25730819375 0.0575702765625 0.2649817625 0.034590209375 0.2758491578125 0.020823404687499998 0.29982566718750003 0 0.4694186921875 0 0.5046221140625
1 0.08818414062499999 0.6246544703125 0.054072528125 0.6700886875000001 0.047035235937499996 0.7274028343750001 0.0499532265625 0.7517168546875 0.07704783125 0.8115107453125001 0.09394974843750001 0.834119528125 0.122614290625 0.841061340625 0.156660290625 0.8041746875 0.19025094375 0.7895332828125 0.187222834375 0.7155265984375 0.175591434375 0.7140984421875001 0.146361425 0.679709215625 0.11109859531249999 0.6223346390625 0.08818414062499999 0.6246544703125
1 0.21974422656249998 0.6750304984375 0.19462875468750002 0.7113025578125 0.191599821875 0.7519976296875 0.209829509375 0.80385855 0.22825603437500003 0.830076778125 0.27907272656250004 0.8328940359375 0.2943641390625 0.8125269734374999 0.29643393125 0.795669871875 0.282146990625 0.7357374390625 0.28199548124999996 0.704918603125 0.269733003125 0.6845905953125 0.24307263906249998 0.6693392484375 0.21974422656249998 0.6750304984375
1 0.21518945625 0.0550443453125 0.18709038125 0.07554995 0.15644194218750002 0.12483163906250001 0.1381872078125 0.177346209375 0.12787881406249998 0.35745964375 0.14001006875 0.39488277968749996 0.1627276859375 0.418205640625 0.228770178125 0.4092033984375 0.2472420328125 0.3789601 0.24972578437499998 0.358731578125 0.23931597500000001 0.2992751984375 0.24593930937500003 0.24533247187499999 0.25685373437500003 0.1884943796875 0.283559428125 0.1472842 0.2852152609375 0.13379851874999998 0.255137053125 0.058238170312500004 0.21518945625 0.0550443453125
1 0.2839077734375 0.1524603453125 0.2592062609375 0.1853609828125 0.23972993437499998 0.295903778125 0.2433446171875 0.330570084375 0.2585250875 0.3752121125 0.2723777875 0.39060200312500004 0.314612296875 0.399209996875 0.363207690625 0.38806552031249997 0.37004814375 0.356394065625 0.359880503125 0.2148334671875 0.3412368578125 0.1663439671875 0.3165150609375 0.15133064375 0.2839077734375 0.1524603453125
1 0.4618013859375 0.08190223437500001 0.43176374375000004 0.1021698140625 0.3976521296875 0.14760403125 0.3770448703125 0.2032519953125 0.3715321875 0.2641755859375 0.37930673593750003 0.3130416546875 0.3998889484375 0.3617691796875 0.4280083078125 0.38917753906249997 0.4570868078125 0.3927479296875 0.491001584375 0.3729564046875 0.5212360640625 0.3270461359375 0.53395783125 0.2875411953125 0.543064915625 0.21336994687500002 0.533069065625 0.1505421484375 0.517060678125 0.1126429609375 0.4838879234375 0.08632524531249999 0.4618013859375 0.08190223437500001
1 0.25655073281249996 0 0.26787910312499996 0.06664719375 0.2980229234375 0.133659978125 0.3366630328125 0.1555156265625 0.3754343671875 0.1602761484375 0.41300915624999995 0.11868940312500001 0.42836618125000003 0.0897747765625 0.44668762187500005 0 0.25655073281249996 0
1 0.3732285859375 0.34651783125 0.369089003125 0.38023203437499997 0.3585026390625 0.3943323078125 0.29481267187500004 0.4002011578125 0.2885174015625 0.41140606249999995 0.28230802499999996 0.46197736875000006 0.281500390625 0.516634171875 0.2923241578125 0.57271913125 0.32094337031250003 0.6361224703125 0.3591695203125 0.6613495390625 0.413080759375 0.6149241625 0.4296796609375 0.5758952749999999 0.4386555203125 0.5188191546875001 0.437241853125 0.45020061875 0.43197651875 0.4231612671875 0.4279426953125 0.397725103125 0.3852739453125 0.3445745671875 0.3732285859375 0.34651783125
1 0.6384233125 0.2781233328125 0.6049224953125 0.2945434375 0.5742740562499999 0.34382512656249997 0.56695403125 0.387415565625 0.5937861859375 0.4813997125 0.61955301875 0.5119414671875 0.654729953125 0.52994964375 0.7024974281249999 0.5255480078125 0.735781125 0.48685663124999995 0.7543185921875 0.44806576875 0.7638396359375 0.3705231015625 0.7410361234375 0.30783384062499997 0.678370909375 0.28131715625 0.6384233125 0.2781233328125
1 0.769165009375 0.030663293749999997 0.7230080375 0.07804077499999999 0.7026835109375 0.1474124453125 0.6968880937499999 0.19461233125 0.6957977265624999 0.23554542656250002 0.707515021875 0.2763399828125 0.7580692640625 0.31334749687499996 0.8008489578125 0.3014889421875 0.8341326546875001 0.262797565625 0.8456125468750001 0.23340688593749997 0.8598386390625 0.1495974296875 0.8510846640624999 0.0766553671875 0.83583858125 0.040560903125 0.769165009375 0.030663293749999997
1 1 0.15142639687499998 0.9802063296875 0.090798390625 0.9535459656249999 0.07554704062499999 0.9275822953124999 0.070647978125 0.9123564937499999 0.08246747812500001 0.8742365218750001 0.1445207703125 0.8532153046875001 0.20354015468750003 0.8450673625 0.25387343281249997 0.844976703125 0.3667964890625 0.8594604828125 0.40108622968749996 0.8841166656249999 0.424647115625 0.9015637671875 0.42678934999999996 0.9293144968749999 0.401107603125 0.9654302890625001 0.3473638484375 0.9990420484375001 0.26593465156249996 1 0.25992588125 1 0.15142639687499998
1 0.0987779140625 0 0.07983813281249999 0.043558665625 0.053132440625 0.08476884375 0.05232480625 0.139425646875 0.06375936875 0.1664964953125 0.106973303125 0.1991804828125 0.1322402828125 0.193727259375 0.154503375 0.1245936140625 0.18480346875 0.0701357796875 0.18770117656250002 0.046535837499999996 0.173389103125 0 0.0987779140625 0
1 1 0.45104200937499994 0.9766024015625 0.408624953125 0.9518806046874999 0.39361162968749996 0.9347818515625 0.3966455390625 0.9011498078125 0.4301607703125 0.8740098749999999 0.42682840625 0.8527715359375 0.46357651874999994 0.8402012765625001 0.53390029375 0.8460372609375 0.5825283359375 0.8608037718749999 0.630541784375 0.8984847390624999 0.6762354015625001 0.936842115625 0.6843673421875 0.9848064296875 0.654323015625 1 0.5305813078125 1 0.45104200937499994
1 0.7153707046875 0.5168619015625 0.700144903125 0.5286814015625 0.6795173609375 0.536415403125 0.6284179359375 0.5198744375000001 0.6167209234375 0.5269938453125 0.6131265234375001 0.5402415 0.6054581515625 0.5786557953125 0.5983349640625 0.5966035421875 0.6090931171875 0.661236065625 0.64163479375 0.6686539296875 0.66796709375 0.7266430984375 0.6841723187500001 0.73889959375 0.765354715625 0.6787114546875 0.789556375 0.609815834375 0.797290359375 0.562853975 0.79228229375 0.5074830953125 0.76248681875 0.445646453125 0.7153707046875 0.5168619015625
1 0.45342203124999997 0.5668326046875001 0.44747510625000003 0.583213653125 0.42996239375 0.58961898125 0.407133834375 0.6313052124999999 0.4025802921875 0.6683908359374999 0.41965399999999997 0.7697324171875 0.41039540781249995 0.8130848296875 0.4333301453125 0.8586789609375 0.46974895468750005 0.8665728765624999 0.48377820937499993 0.8084061124999999 0.5003771109375 0.769377225 0.5308943234375 0.7371906640625 0.551521865625 0.7294566625 0.5703377749999999 0.707640640625 0.5745668953124999 0.6570117984375 0.5733507171875 0.615780475 0.5619817671875 0.5801620640625 0.5337967953125 0.5613012671875001 0.45342203124999997 0.5668326046875001
1 0.612142334375 0.668454959375 0.588748309375 0.682693775 0.5670960125 0.7228133078125001 0.5848461281249999 0.7865932124999999 0.5787882609375 0.8679833531250001 0.5918786578125 0.88156851875 0.6230269500000001 0.8682818078125001 0.6359658375 0.8510481390625 0.660167496875 0.7821525203124999 0.658339871875 0.7169054046875 0.6361674390625 0.6731159953125 0.612142334375 0.668454959375
1 0.394407303125 0.8230996062499999 0.35232430312499996 0.845310446875 0.3178440609375 0.8376545578125001 0.272949246875 0.922831740625 0.2667398703125 0.9734030453125 0.41289467812499997 0.9930597234375 0.42278434843749996 0.9686071625 0.4296701328125 0.88047418125 0.40873957499999997 0.8265705109375 0.394407303125 0.8230996062499999
1 0 0.9423626328125 0.0465055703125 0.9480727984374999 0.1007437765625 0.9520320203124999 0.1019211359375 0.8573429046875001 0.0407399640625 0.7386077390625 0.029174176562499998 0.7286320203125001 0.005149071874999999 0.7239709828125 0 0.72587984375 0 0.9423626328125
1 0.5262894609375001 0.325955490625 0.4948787171875 0.3734324578125 0.457788371875 0.4201098484375 0.4499781625 0.46753418125 0.45435904374999997 0.5095434984375 0.4599939421875 0.54133895625 0.494762703125 0.5559758593749999 0.52541145 0.5414493125 0.5448627296875 0.5352820078125 0.57655620625 0.5015287500000001 0.5865114890625 0.468528625 0.5665400734375 0.3907869859375 0.5751019734375 0.3370822859375 0.5627738812499999 0.32530184218749997 0.5262894609375001 0.325955490625
1 0.530307346875 0.004757507812500001 0.500204090625 0.033572649999999996 0.48748232343750003 0.073077590625 0.5259255953124999 0.12057593124999999 0.5418027578125 0.175570246875 0.5432164234375 0.244188784375 0.5346545234375 0.2978934828125 0.5438677859375 0.311002596875 0.5802865953125 0.3188965125 0.6162711625 0.2822478859375 0.6625140296875001 0.274236803125 0.6743422671875 0.25002226875 0.6822074765624999 0.1859652828125 0.67748214375 0.14431810625 0.6550925890625 0.0782574265625 0.6132517562500001 0.01836405 0.5915791765625 0.0105696203125 0.530307346875 0.004757507812500001