0 0.80825568125 0.42839066875 0.8210249859375001 0.4990034578125 0.8428252921875 0.5587696375 0.876157371875 0.69945024375 0.8885055968750001 0.7360421406250001 0.8967729562500001 0.7422740984375 0.8916386875000001 0.752848221875 0.9106877265625 0.7872690359375001 0.917388540625 0.785097953125 0.9276570765625 0.76394970625 0.92747294375 0.733317278125 0.8947731875 0.517681715625 0.8577285078125 0.40790602343750004 0.82893763125 0.37416642499999997 0.799475178125 0.37282160625 0.7883509296875 0.39573220781249996 0.80825568125 0.42839066875
0 0.74519709375 0.422585053125 0.739483315625 0.48087017187500003 0.7607826234374999 0.6734676953125 0.7755531062500001 0.7167002796874999 0.822063421875 0.7798461171875 0.8287642343750001 0.777675034375 0.8485904734374999 0.72521314375 0.8352944687500001 0.6750673859375 0.829423665625 0.563111803125 0.8169441171875 0.46864351718749997 0.8036481125 0.4184977609375 0.791628896875 0.40061054062499996 0.7638778671875001 0.3957410140625 0.74519709375 0.422585053125
0 0.677162671875 0.3456216765625 0.6806640296875 0.4236926109375 0.6690523374999999 0.5096304203125 0.6621538359375 0.550973215625 0.665708003125 0.6018001859375001 0.657940234375 0.714709471875 0.6642592265625 0.721077671875 0.674343628125 0.669296996875 0.6987774359375 0.6267280171875 0.74148449375 0.4534899671875 0.7461976828125 0.4088949515625 0.7414587921875 0.3411256546875 0.7182760734375 0.30358886093750004 0.6934211875 0.3121369515625 0.677162671875 0.3456216765625
0 0.6019820890625 0.2804343296875 0.6036942109375001 0.310573996875 0.5995434375 0.4395802171875 0.610658825 0.523278253125 0.6201134515625 0.618897128125 0.6007661484375 0.6532602390625 0.6062965234375 0.6927609312499999 0.6234841421875 0.7066888453125 0.6516062687499999 0.662084 0.6634441796874999 0.5134276140625 0.6709750031249999 0.397129865625 0.663392778125 0.2886989890625 0.64652905 0.257530396875 0.6171333515625 0.2539294546875 0.6019820890625 0.2804343296875
0 0.668839684375 0.8705788546875001 0.6746847859375 0.8701701265624999 0.6956957484374999 0.8346505593750001 0.709729696875 0.7553534359375 0.7106653281249999 0.586738846875 0.6973029578125 0.6336411890625 0.6760550515625 0.6657722890625 0.664733115625 0.7278546015625 0.6674180171875 0.8502480671875 0.668839684375 0.8705788546875001
0 0.5885383656250001 0.3381987578125 0.5673040140625 0.30052572187500004 0.5366040265625001 0.309482540625 0.5264275578125 0.345947003125 0.5324296828125 0.5157789734375 0.553940234375 0.59940065 0.5603815171875 0.6299511156250001 0.5388058828125 0.6720349375 0.5359539953125 0.8235314218750001 0.525705921875 0.8579459500000001 0.55756624375 0.8385252546874999 0.5811898578125 0.7295899421875001 0.5924608015625 0.4502905828125 0.5885383656250001 0.3381987578125
0 0.45021784374999996 0.2780678828125 0.4298256484375 0.308436628125 0.42634999218749997 0.34273000625 0.4525466234375 0.521364940625 0.49614723906249997 0.6408973 0.520567490625 0.6681324562500001 0.539195453125 0.668532378125 0.558021103125 0.629760590625 0.557073325 0.6162067312499999 0.5509912781249999 0.6132269953125 0.5425925968749999 0.54911865 0.5300074265625 0.5091382875 0.5127889859375 0.3469007046875 0.48405092187500004 0.28591714375 0.45021784374999996 0.2780678828125
0 0.4252302265625 0.4807121703125 0.41020924374999995 0.5038952578125 0.3897506828125 0.631312103125 0.3747297 0.654495190625 0.3613280734375 0.6588373578125 0.3225841171875 0.7347548234375 0.29064010625000003 0.7877314046875 0.22320713749999999 0.863969084375 0.267463490625 0.8691268984375 0.3004407890625 0.8317475171875 0.367288340625 0.8036907765624999 0.3916719390625 0.770784134375 0.4364979421875 0.6978464062499999 0.4635516953125 0.6227464 0.4677909953125 0.5713744562499999 0.44688565625 0.5524060984375 0.451309090625 0.5316665781250001 0.4425678421875 0.5186576921875 0.44276553124999996 0.47948598125 0.4252302265625 0.4807121703125
0 0.37932653125 0.2302470640625 0.36281751562500003 0.3301474625 0.3567340609375 0.5791403125000001 0.349545803125 0.6443386046875 0.35306071562499997 0.6526054 0.3714517328125 0.649616859375 0.39246269375 0.6140972921875 0.400835675 0.5658413265625 0.41013073125000005 0.4187749078125 0.4333013046875 0.2741432515625 0.4297471375 0.223316278125 0.41164587499999994 0.2024493234375 0.397770359375 0.200014559375 0.37932653125 0.2302470640625
0 0.3173148890625 0.701400146875 0.342604409375 0.6570688109375 0.3554008234375 0.588073325 0.3546250328125 0.4229834421875 0.33048098124999997 0.44169692656250004 0.2772427421875 0.520330446875 0.18425995781249999 0.6885715343750001 0.173227778125 0.7267983484375 0.1761239234375 0.7402159671875 0.177545590625 0.7605467546875 0.18870909375 0.780196328125 0.1949752734375 0.813808490625 0.2095616234375 0.8264086484375 0.217263025 0.8105474625 0.23479833125 0.809321275 0.26065380625 0.7870830828125001 0.2864172140625 0.7495286765625 0.2871808578125 0.732450109375 0.30314961875 0.7228208796875 0.30742817499999997 0.714009109375 0.3173148890625 0.701400146875
0 0.33155157343749997 0.3170111390625 0.251694215625 0.43496141718750003 0.1713101578125 0.5733787296874999 0.066124025 0.6931001703125 0.0509581640625 0.7282110078125 0.016690453124999997 0.7561449921875 0.030184146875 0.7671190375 0.054420265625 0.7637217671875 0.07333798281250001 0.7402661921875 0.16867665625 0.675713890625 0.3249685265625 0.4468627484375 0.3505870578125 0.4212360890625 0.35805151562500004 0.401986440625 0.3667670625 0.30263101406250004 0.35156194531249996 0.295181675 0.33155157343749997 0.3170111390625
0 0.31933466875 0.33829562968750004 0.32927419375 0.298442703125 0.320822703125 0.2615783203125 0.29398019375 0.22770247812500002 0.264991628125 0.2331345890625 0.23571330937499999 0.262422196875 0.1577515078125 0.40748019687500003 0.1028018453125 0.48963842343749997 0.0461800171875 0.6178815359375001 0.011240729687500001 0.6782103 0.015505731249999998 0.7392026671874999 0.034989403125 0.7378402359375 0.17107321250000002 0.569990265625 0.248034425 0.43862236875000005 0.31933466875 0.33829562968750004
0 0.237912175 0.19587028281250002 0.22418153749999997 0.1815077703125 0.2066462328125 0.1827339578125 0.1922440171875 0.2007662265625 0.0697852234375 0.4374666328125 0.0023817140625 0.5375208859375 0.0103457625 0.637412478125 0.026604278125000002 0.603927753125 0.084213140625 0.531798675 0.0989051109375 0.4899109109375 0.1575145625 0.40409173125000003 0.1951658625 0.32654815625 0.241084521875 0.2552365390625 0.24660061249999998 0.23612312968750002 0.237912175 0.19587028281250002
0 0 0.4712697484375 0.0023424578125 0.4949607109375 0.1031187109375 0.326174653125 0.1622020515625 0.247132403125 0.16382140781250001 0.2282914828125 0.143534834375 0.2041723046875 0.1062789109375 0.203372459375 0.024525996875 0.2942150203125 0 0.3393792484375 0 0.4712697484375
0 0 0.507805390625 0.0051857921875 0.535622290625 0.071496646875 0.43394192499999995 0.1632947078125 0.2487585140625 0.12802640781250002 0.2903826 0.0117552828125 0.47557481875 0 0.49978504843750005 0 0.507805390625
0 0.0852639890625 0.8027804734374999 0.0771424140625 0.8523318796874999 0.11219932343750001 0.8373457484375001 0.1419591375 0.8105070390625 0.1674170546875 0.744769584375 0.18439288125 0.6651830875 0.11627410468749999 0.714647784375 0.10622251406250001 0.774494046875 0.0852639890625 0.8027804734374999
0 0.4897518515625 0.7566153484375 0.49634058750000004 0.7829754859375 0.5163736015625 0.7753852171875 0.532285409375 0.7371360078125 0.5352534999999999 0.6777850734374999 0.5178901078125 0.678311465625 0.49513757968750005 0.6497556437500001 0.4897518515625 0.7566153484375
0 0.617196275 0.6080299859375 0.6113338828125 0.5615261265625 0.6075192984375 0.51941911875 0.6015750703125 0.45930084843749996 0.59511571875 0.44159234999999997 0.5883988078125 0.44508873906249996 0.588059409375 0.4526792140625 0.5870177453125 0.487559065625 0.58888983125 0.526775209375 0.5878246953125 0.5737634875000001 0.589146765625 0.6175581390625 0.590199853125 0.6326179828125 0.5935932015625001 0.6687010546875001 0.59525466875 0.704905234375 0.600040503125 0.7484576765625001 0.6108879234375 0.79158625 0.632992578125 0.8339276421875 0.6638384796875 0.8892779203125001 0.6739138453125 0.8840333359375 0.6689173953124999 0.8374689265624999 0.6611943390625 0.8016886171875001 0.6509673484375 0.7176562546875 0.6434549109375001 0.6848879140624999 0.6291437265625001 0.6420015484375 0.617196275 0.6080299859375