0 0.582935525 0.746289259375 0.5943686296874999 0.7223866546875 0.598798184375 0.5433978390624999 0.5965264671875 0.4274889609375 0.5928735125 0.3476397703125 0.594030059375 0.25949409375 0.6002562609375001 0.173407053125 0.609936634375 0.1374074625 0.5788576875 0.14870319062499998 0.5650456328125 0.163807165625 0.5482461468750001 0.2285184421875 0.5211788765625001 0.327918546875 0.5057468890625 0.470722325 0.5023059812499999 0.6427119546875 0.5084083546875 0.7001663765624999 0.51751985 0.722896684375 0.5379780921874999 0.74917749375 0.5568033515625 0.7568221375 0.582935525 0.746289259375
0 0.7697367703125 0.1317703328125 0.7468705609375 0.17957553906249998 0.746095578125 0.2722977203125 0.6901744328125 0.533985865625 0.6661457484375 0.7208743421875 0.6840255390625 0.721791621875 0.7012609953125 0.69707355 0.7488865796875 0.460562115625 0.7815983171875 0.20213583906250002 0.775539121875 0.130954865625 0.7697367703125 0.1317703328125
0 0.5953140984374999 0.72911401875 0.6000414468749999 0.76275084375 0.6146973359375 0.7898471171875 0.64078633125 0.7930407921875 0.654153553125 0.768866365625 0.69116308125 0.526986678125 0.7372409249999999 0.3215638515625 0.7481160515624999 0.24457279375000002 0.7458387359375 0.20030127968749997 0.747741421875 0.1485225546875 0.7207383890625 0.1901084203125 0.70655411875 0.2435537 0.6980006015625 0.2739118453125 0.6841174671875 0.3084491421875 0.6674399875 0.38625566718750004 0.64306921875 0.45142292968750003 0.6322804484375 0.5009608828125 0.634128209375 0.528142165625 0.6219644140625 0.5538625203125 0.6003436953125 0.6666649812500001 0.5953140984374999 0.72911401875
0 0.8429265234375001 0.5262384421874999 0.8862974937500001 0.2594538671875 0.9214570343749999 0.1447486484375 0.9313003343749999 0.08848333124999999 0.9188938234374999 0.01708775 0.8936660234374999 0.0303322078125 0.8539788203124999 0.0856296765625 0.8070861546874999 0.165967609375 0.7741186890625 0.2752195703125 0.7518093453125 0.45329110625 0.7022064640625 0.7038009140625 0.7197419421875 0.7373527328125 0.7414467890625 0.7514529203125 0.76852443125 0.7476474046875 0.78889743125 0.7242034421875 0.8037692140624999 0.682666959375 0.8429265234375001 0.5262384421874999
0 0.950941528125 0.14403499375 0.8887043468750001 0.2625457265625 0.8553062109375 0.431885328125 0.8480413625000001 0.513514175 0.9746646203125 0.28476600625000004 0.950941528125 0.14403499375
0 0.84559133125 0.52414886875 0.8292149875 0.5830474062500001 0.8392719515625 0.6125050796875 0.8472232 0.61996290625 0.879157725 0.6086145609375 0.9185286984375001 0.5379090343749999 0.973846459375 0.3912147375 0.9827011109375 0.3419486046875 0.9717418562500001 0.292037015625 0.84559133125 0.52414886875
0 0.525263003125 0.25874214218749997 0.522942509375 0.22819717968750003 0.5094036875 0.2300999375 0.5009365265625 0.233004978125 0.4812078609375 0.28208429218750003 0.458684853125 0.3744328375 0.4414460546875 0.630684534375 0.449525721875 0.67414058125 0.46564299531250003 0.6976013531249999 0.4869182859375 0.69461130625 0.49740592031249997 0.6639813375 0.5041150203125 0.37490828593750003 0.525263003125 0.25874214218749997
0 0.46534743125 0.33061996250000003 0.5046331609375 0.21018966562500002 0.492771615625 0.1398241609375 0.481468046875 0.1225471078125 0.46719853437500003 0.1262676171875 0.45348699843749996 0.18307658124999998 0.45984621406250004 0.31252744374999997 0.46534743125 0.33061996250000003
0 0.4329390578125 0.41578250156249996 0.42352754062500003 0.3347823046875 0.39481803125 0.24277377968749997 0.35175265 0.18193886718750002 0.33653766875 0.1789320140625 0.3149180640625 0.21455659843750002 0.30292586875 0.26254862343749996 0.3318058640625 0.454006690625 0.34186282968750004 0.483464365625 0.39184763125 0.5724828421875 0.42734925468749996 0.5794988359375 0.4445847109375 0.5547807671875 0.4496143078125 0.49233172812500003 0.4406323484375 0.4284217640625 0.4329390578125 0.41578250156249996
0 0.2612332859375 0.3798870609375 0.24215006875 0.37742385 0.2401295953125 0.40514877499999996 0.26647543281249997 0.48033888906250005 0.3304286109375 0.58454484375 0.388020346875 0.7136556859375001 0.43585625156249996 0.79440086875 0.468736246875 0.7897798875 0.47436699843749996 0.76669275 0.46340774375000005 0.7167811625 0.3731087265625 0.53738509375 0.2612332859375 0.3798870609375
0 0 0.47042727187500005 0.018307259375000003 0.4757702609375 0.0968742640625 0.5436211671875 0.16925253906249998 0.58147075625 0.2275329015625 0.6453125234375 0.32827748749999996 0.7306272984375 0.3703121546875 0.7350100734375 0.38561349375 0.7105638265625001 0.32320805468749997 0.5752692640625 0.2931224046875 0.536621015625 0.11754951250000001 0.42409134374999996 0.0620192015625 0.40788477500000003 0.0342108671875 0.413508040625 0.0025343 0.419674953125 0 0.4222721390625 0 0.47042727187500005
0 0.06322485625 0.255074953125 0.0774500765625 0.3422588703125 0.121675703125 0.41836626250000003 0.22994198125 0.4940486328125 0.216263815625 0.4684613390625 0.1928689296875 0.42671848749999997 0.162077909375 0.377701775 0.12692025625 0.3202925953125 0.1138034953125 0.300659825 0.088185765625 0.282784028125 0.06322485625 0.255074953125
0 0.1741083078125 0.6511058000000001 0.22581244687500002 0.7313073375 0.25044005937499997 0.738136515625 0.27059828124999996 0.7061474343749999 0.2692232546875 0.6823298359375001 0.25598556875 0.6653246078125 0.22559878437499997 0.6455843453125001 0.1697252734375 0.5848344390625 0.1299258578125 0.5612718546875 0.1741083078125 0.6511058000000001
0 0 0.524597765625 0.00579915 0.53412515625 0.076543328125 0.6305164546875 0.102975521875 0.678253465625 0.1614706625 0.7506403484375 0.20002347343750002 0.7863835546875 0.22323288125000001 0.7831216859375 0.23660010312500002 0.758947259375 0.236170546875 0.7418570250000001 0.2159270828125 0.7241213328125 0.12051322812500001 0.5574495328125 0.0905991765625 0.541072953125 0.016373142187500002 0.47604208281249993 0 0.47495797343749996 0 0.524597765625
0 0 0.5349634109375 0.015597043750000001 0.6459421390625 0.0721580671875 0.7186008453125 0.11023814375 0.75098036875 0.14410678593749998 0.7393601999999999 0.1410124203125 0.7243595390625 0.1106688140625 0.6908927265625 0.07172962499999999 0.6243327359374999 0 0.529467909375 0 0.5349634109375
0 0 0.2981563046875 0.0295267 0.3661446671875 0.05187588125 0.40588020468749997 0.11320854375 0.42127130625 0.109168709375 0.39954328281249996 0.076461428125 0.34925805625 0.0745704890625 0.335803328125 0.00240810625 0.22932098125000003 0.0005171671874999999 0.21586625312500002 0.013884389062499999 0.1916918265625 0.0011194375 0.1780502796875 0 0.17892807187499998 0 0.2981563046875
0 0.2454155703125 0.4491231421875 0.23391462343749997 0.3814614390625 0.24861217500000002 0.36415465 0.2650802375 0.37361750312500003 0.3108380234375 0.4321977546875 0.2808630671875 0.352694290625 0.25495215 0.24202698906250003 0.2608133203125 0.17885299062499999 0.27465165625 0.155431928125 0.2569073625 0.148226803125 0.22917031406250002 0.18330012499999998 0.20988838593749998 0.23034789687499999 0.2000951609375 0.271212846875 0.220337184375 0.3840623875 0.2454155703125 0.4491231421875
0 0.664605290625 0.38466753124999997 0.6831430843749999 0.30004542343749996 0.6740973859375 0.2226084953125 0.664966459375 0.1463003140625 0.647222959375 0.1079199453125 0.630502815625 0.116504834375 0.6175412890625 0.14049543281250002 0.615673309375 0.2065721203125 0.6153155984375 0.2890632640625 0.62598295625 0.37346890781250003 0.6365635593750001 0.4544227765625 0.664605290625 0.38466753124999997
0 0 0.4073975890625 0.002319521875 0.41112983593749997 0.0122048859375 0.41831584062499994 0.046073528125 0.406695671875 0.012249178125 0.3274114125 0 0.3116760265625 0 0.4073975890625