1 0.8634521703125 0.7304447 0.8621479828125 0.6557278203125 0.853625296875 0.6151095062499999 0.816164159375 0.5393251203125 0.7849189187500001 0.5398705078125 0.7424885171875 0.5151317093750001 0.710830034375 0.547958246875 0.698699828125 0.58044391875 0.6945605015625 0.679036609375 0.7032610312500001 0.729843590625 0.725809196875 0.790600628125 0.7488891671875 0.8258689609375001 0.77457233125 0.842406940625 0.8193688015625 0.834830503125 0.8432159734375 0.8021403125000001 0.8634521703125 0.7304447
1 1 0.5371365296875 0.9878351375 0.5261368234375 0.9458789859375001 0.5285677984375 0.8967043374999999 0.5650973390625 0.8733314156249999 0.6249573046875 0.869369934375 0.7337386609375 0.8816797125000001 0.767496359375 0.90872461875 0.8060927390625 0.9671315999999999 0.7948814703125 1 0.7690489671875 1 0.5371365296875
1 0.94214599375 0.370660528125 0.9216116640625 0.3693203296875 0.875336615625 0.40410062812499997 0.868414525 0.45518030156249994 0.8440355484375001 0.5133591984375 0.8592449265625 0.54536765625 0.8828567015625 0.5551472796875 0.9197825796875 0.5443109671874999 0.9493103906249999 0.5013298500000001 0.9699022749999999 0.4500115703125 0.967178790625 0.40589477343749997 0.94214599375 0.370660528125
1 1 0.800664059375 0.9797953390625 0.792961796875 0.9128081171875 0.8162132312500001 0.8987843640625 0.8521292109375 0.9023377859374999 0.9437931125000001 0.9175471640625 0.97580156875 0.93541901875 0.992475896875 1 0.9898500374999999 1 0.800664059375
1 0.740901740625 0.8718713453125 0.73380180625 0.9127623515625001 0.7388338046875 0.97722239375 0.747947575 0.9957482234375 0.8758281374999999 0.9918174296875 0.877247434375 0.9612173484375001 0.866653359375 0.9138406765625 0.8214401921875 0.8415888593749999 0.7579436562499999 0.8409985687500001 0.740901740625 0.8718713453125
1 0.8733837875000001 0.40413471406249996 0.8521380828125 0.36203985312500003 0.8225492640625 0.3455700453125 0.778521721875 0.34124266406250003 0.7441414843749999 0.38600710781249997 0.7276923796875 0.450842103125 0.7302380203125 0.484770234375 0.7453288359375 0.5099862468749999 0.773083390625 0.533282584375 0.81415205 0.5359629859374999 0.8353367468749999 0.518606921875 0.8608996203125001 0.47229775781249994 0.8701895078125 0.4449575484375 0.8733837875000001 0.40413471406249996
1 0.9137376171874999 0.25395104687500003 0.9148639624999999 0.3184792625 0.9211374140625 0.342150553125 0.9780675453125 0.41419785156250005 0.9984240312500001 0.40534938593750003 0.9933258421875 0.1132743109375 0.987467359375 0.11337657187500001 0.951725378125 0.1360826171875 0.9355709546875 0.16184401875 0.9137376171874999 0.25395104687500003
1 0.9020171984375001 0.1420461625 0.8991158703125001 0.0877407 0.8919549265625 0.069180784375 0.8330736953125 0.053222276562500004 0.8273913281249999 0.0074585 0.807803771875 0.0044031453125000005 0.7704646515625 0.047520609375 0.750641696875 0.0869350703125 0.732951140625 0.1925588125 0.73573390625 0.24007183125 0.7543764171875 0.30089704375 0.8010088796874999 0.342548778125 0.8417218515625 0.3248518453125 0.8749774734375 0.27161389062499997 0.8954507953125 0.2135031671875 0.9020171984375001 0.1420461625
1 0.8330255171875001 0 0.8276877359375 0.0244396078125 0.82999625 0.044782851562499996 0.8625439515625001 0.062899640625 0.9192352312500001 0.0653073484375 0.9461598484374999 0.04105658125 0.9621364281250001 0.005106515625 0.96015231875 0 0.8330255171875001 0
1 0.6361282453125 0 0.6163081125 0.0009512015625 0.6186759078125 0.0246906671875 0.60767031875 0.06564985 0.577432859375 0.12393100625 0.5858962640625001 0.1611531 0.6208710421875 0.2064055765625 0.6643667796875 0.23622166406249998 0.6976834109375 0.2424346328125 0.7169745609375 0.22850887812499998 0.7272705015625001 0.20284973750000002 0.7257291890625 0.11454797187500002 0.7109923328125001 0.0536545859375 0.6731461453125 0 0.6361282453125 0
1 0.7031372874999999 0.5548870375 0.7326058171875001 0.5085096984375 0.7275738171875 0.4440496578125 0.7531349640625 0.34168579062500004 0.74064734375 0.297739428125 0.6997548 0.24919298906249998 0.6185049734375 0.23872081406249998 0.5694488875 0.282042796875 0.555840103125 0.3417323296875 0.585193525 0.4006719515625 0.6065560640625 0.3935045546875 0.6351388296875 0.40829329531249997 0.6336009703125 0.432100934375 0.65224348125 0.492926146875 0.6496420140625 0.5677112 0.681952590625 0.5722431015625 0.7031372874999999 0.5548870375
1 0.6669245109374999 0.662532715625 0.6395239171875 0.6035590046875 0.5929524625 0.6213581953125 0.5591615812499999 0.587975453125 0.54649784375 0.5898951265625 0.5159046968750001 0.6277989546875 0.506851934375 0.6687240484375 0.50945685625 0.706048403125 0.5350824656250001 0.7752448656250001 0.5647898484375 0.798507115625 0.5999407437500001 0.7978935546875 0.6327831234375 0.7769367500000001 0.65467746875 0.7442806453124999 0.6675766046875 0.69989115625 0.6669245109374999 0.662532715625
1 0.625345375 0.42776726875 0.617372825 0.42310339375000006 0.5961925484374999 0.4076918125 0.571068459375 0.4149917703125 0.55016291875 0.46413266093749994 0.553953465625 0.5693814500000001 0.581116934375 0.614770271875 0.610468628125 0.61765519375 0.6259134046875 0.6071938343750001 0.6457956406250001 0.5711755953125001 0.65283629375 0.5268883640625 0.6501128109375001 0.48277156874999994 0.63176670625 0.43892746406249994 0.625345375 0.42776726875
1 0.592668146875 0.99676000625 0.7264664734374999 0.9961231765624999 0.733153165625 0.9875133187499999 0.7362881640625 0.9432942625 0.7210195046875 0.9078895843750001 0.681429421875 0.878005321875 0.659001546875 0.88009543125 0.6176382078125 0.9164886250000001 0.592668146875 0.99676000625
1 0.5863601140625 0 0.40930839375000005 0.0045643953125 0.41025689375 0.0589039421875 0.4187202984375 0.09612603593749999 0.4480737203125 0.155065659375 0.469851228125 0.1716718140625 0.5283767734375 0.16725299062500001 0.5592070453125 0.14293404999999998 0.6038832265625 0.07251046718750001 0.6186166265625 0.0212944453125 0.6135158921875 0 0.5863601140625 0
1 0.49624922343750005 0.3410738640625 0.53406259375 0.32512617499999996 0.545008903125 0.28077077031250003 0.5415740437500001 0.19589931249999998 0.5303296015625001 0.167218903125 0.4777218203125 0.1749316890625 0.45209793749999994 0.1617899296875 0.4166489078125 0.0893676796875 0.4047540984375 0.079383534375 0.384516175 0.0950244421875 0.35901258281250004 0.14472983125 0.34463486875 0.21632318125 0.34534624375 0.2570778421875 0.3693154328125 0.34328950156250004 0.394820753125 0.3496388171875 0.43671935156249997 0.399866321875 0.452401253125 0.40298985 0.46399965468750004 0.39599288593750004 0.49624922343750005 0.3410738640625
1 0.23446558906249998 0.787286665625 0.2856540734375 0.8101739640625001 0.30908800468750003 0.8097649234375 0.37518773437499997 0.7916248640625 0.413710753125 0.7603771328125 0.47152319531250003 0.6591489453125 0.4855452203125 0.5671782624999999 0.48706950000000004 0.5303577453125 0.4742990515625 0.4824431515625 0.44784523125 0.42175428750000005 0.41671682499999996 0.373037415625 0.3929272078125 0.3530691265625 0.352923884375 0.3554660140625 0.2921508328125 0.39899251874999997 0.2501371265625 0.4540819765625 0.22463353437500003 0.5037873625 0.1919724515625 0.6470422390625 0.191442375 0.7285856484375001 0.1647548828125 0.7664213015625 0.1761178875 0.801894153125 0.20168249062500002 0.8116396937499999 0.21884296875000003 0.787559359375 0.23446558906249998 0.787286665625
1 0.43827275468750004 0.880551009375 0.4453134078125 0.836263778125 0.43797289375000004 0.75146049375 0.432883340625 0.7396589359375 0.426078084375 0.74147635 0.4099236609375 0.7672377499999999 0.3790933890625 0.791556690625 0.2876661828125 0.8135360984375 0.287134378125 0.8390248046875 0.297550609375 0.8762128109375 0.3126414265625 0.9014288234375 0.33441893437500003 0.9180349781249999 0.39904008750000003 0.92709878125 0.416496971875 0.9199995578125 0.43827275468750004 0.880551009375
1 0.50436344375 1 0.566334615625 0.9989182890625001 0.5991159875000001 0.9185105578125 0.6042038125 0.874257415625 0.5993496578124999 0.819986040625 0.5902358875 0.8014602109375 0.558931365625 0.7986093765625 0.5211755484375 0.761898584375 0.51703276875 0.748381871875 0.508274684375 0.750233371875 0.4803440140625 0.7728030718750001 0.458746075 0.8224402843749999 0.4462026265625 0.88720710625 0.4494596421875 0.9618898984375001 0.47032385625 1 0.50436344375 1
1 0.26847632187500003 0.2737072671875 0.293979915625 0.22400188124999998 0.3043334109375 0.145684259375 0.28947799375 0.07799842968750001 0.270303678125 0.042661925 0.250834684375 0.0463990140625 0.23071359687499998 0.0127776625 0.2004151296875 0.011607896874999999 0.16656669375 0.030883635937499997 0.14177275 0.0652889796875 0.12579616875 0.10123904531250001 0.10940634687499999 0.1694702625 0.11437906406250001 0.23053408125 0.1266888421875 0.264291778125 0.1437917671875 0.2928699265625 0.1872282234375 0.31928979218750003 0.2242726640625 0.3152459234375 0.26847632187500003 0.2737072671875
1 0.141375053125 0.60206245625 0.1977699265625 0.5874890546875 0.243272590625 0.45250316718750005 0.2302514375 0.377990809375 0.2198944859375 0.344199025 0.2049222328125 0.3257754546875 0.11941106406249999 0.2949941203125 0.0817755359375 0.3211304765625 0.05822477031249999 0.3708017765625 0.0494091328125 0.425311759375 0.056808929687499995 0.5135112640624999 0.07622036875 0.56243265625 0.0869312796875 0.56054706875 0.0795924921875 0.5317984874999999 0.091074059375 0.5740637828125 0.1139169046875 0.595747228125 0.141375053125 0.60206245625
1 0.25298274374999996 1 0.260450340625 0.9889698640625 0.278911553125 0.92749700625 0.27790377187500004 0.8697612343750001 0.260563721875 0.8275982000000001 0.2270692484375 0.811196565625 0.2065942 0.8132525859375 0.15700458125 0.826008575 0.11416266562499999 0.8896056281250001 0.1015006546875 0.9475800062499999 0.10327734375 1 0.25298274374999996 1
1 0 0.227072309375 0.0177793109375 0.23595721875 0.0508588171875 0.2285853 0.10719268125 0.154560971875 0.123760346875 0.09651842187500001 0.1270714625 0.006433328125 0 0.010242084375 0 0.227072309375
1 0.10202727812500001 0.753927190625 0.09847385625 0.6622632890625 0.0913129125 0.643703371875 0.08237698437499999 0.635366209375 0.08355915625 0.5911812390625 0.0705397296875 0.57272358125 0.0011847125 0.5722355515624999 0.0053344015625 0.8099710765625 0.0304264796875 0.8486015421875001 0.0558132375 0.8481584156249999 0.07977897187500001 0.8222606671875001 0.10202727812500001 0.753927190625
1 0.5703991140625 0.39243705 0.5451884734375 0.3470141390625 0.5313408374999999 0.33706408125 0.5069601328125 0.33918827500000004 0.49650658437499995 0.34767895625 0.4688623609375 0.41403127812499996 0.4694490375 0.44764198593750004 0.4782639875 0.4857712 0.489938309375 0.536482959375 0.5084294578125 0.5560583125 0.5411118828125 0.5611124578125 0.5496921234375 0.5490722921875 0.548328653125 0.470959190625 0.5703991140625 0.39243705