0 0.1610134265625 0.5345937625 0.060687603125 0.3142933 0.0501215734375 0.2937369703125 0.026912125 0.2633380296875 0.0176537890625 0.2839407890625 0.026501353124999998 0.334117815625 0.086896490625 0.5304168812500001 0.139059825 0.635040675 0.1871971890625 0.6662178609375 0.203918425 0.6598203171875 0.21125330781249999 0.6395567125 0.18612040624999998 0.609496928125 0.1610134265625 0.5345937625
0 0.1944056484375 0.3527997078125 0.17947984687500002 0.32438927500000003 0.14865355625 0.2901596796875 0.11834013437499999 0.2644625015625 0.11190296875000001 0.26732211562499997 0.0999004328125 0.3004807421875 0.10254174062500002 0.33795553906250003 0.12308395937500001 0.3757230640625 0.17075870625 0.5673667984375 0.1917368234375 0.6188540203125 0.211920115625 0.6377145671875 0.22982102656249997 0.6380072921875 0.2467731734375 0.61604790625 0.24474762499999997 0.5370748609375 0.1944056484375 0.3527997078125
0 0.34553526875 0.7262516390625 0.372514653125 0.761159546875 0.4001867671875 0.749381928125 0.40708575312499995 0.7153986265625 0.390265134375 0.5979654171875 0.3768582 0.5273151265625 0.3603551875 0.47362600468749994 0.354366190625 0.455835171875 0.3505089953125 0.4307249015625 0.3459653859375 0.38339483125 0.353893659375 0.3446975671875 0.3481339609375 0.32776105 0.3317646140625 0.30717154999999996 0.3182174 0.3112135171875 0.3032147953125 0.3641505609375 0.30116369375 0.40319784375 0.31047361093750003 0.46570162968749995 0.3111812578125 0.49235916875 0.31215690625 0.5216146625 0.3334306375 0.6800980609375 0.34553526875 0.7262516390625
0 0.31040104999999996 0.5944811765625 0.3046825359375 0.5058118828125 0.30899126093749996 0.4740098828125 0.292475809375 0.380346103125 0.28402478750000004 0.3408791703125 0.276290425 0.38334363125 0.25946923593750004 0.4068608875 0.258827553125 0.49320251718749997 0.2466451546875 0.5815790859375001 0.2599035390625 0.6792663140624999 0.27231605000000003 0.70467076875 0.29442279375 0.7231921578125 0.3124776453125 0.713110321875 0.3264806046875 0.6744252609375 0.31040104999999996 0.5944811765625
0 0.5304443515624999 0.503944515625 0.503259978125 0.4397550671875 0.4539688625 0.3570442296875 0.42675856718749994 0.3376981625 0.41839795 0.3408969359375 0.409498540625 0.3804066734375 0.42085090625 0.43210749843749996 0.4467101515625 0.5014634171875 0.48730684843749994 0.6529655328125 0.5247752921875 0.7136170515625 0.56442401875 0.7135241890625 0.5750159703125 0.6892371390625 0.5750418921875 0.6443937562500001 0.5648607140624999 0.597901021875 0.5304443515624999 0.503944515625
0 0.6340013203125 0.7650649125 0.6395415640625 0.6502664203124999 0.6115631640625 0.4241074328125 0.6110251718749999 0.331075534375 0.604818915625 0.3183733078125 0.5988176484375 0.3349526203125 0.57550530625 0.354584340625 0.5656822578125 0.45634145000000004 0.576453275 0.50617931875 0.581146053125 0.57778378125 0.57781121875 0.7163373749999999 0.5897619093750001 0.7728655140625 0.611278815625 0.7880417671875 0.62281953125 0.786006828125 0.6340013203125 0.7650649125
0 0.6261551640625 0.518110371875 0.635079696875 0.563100115625 0.666316759375 0.5265499250000001 0.7006828703125 0.45150746562500005 0.7686202703125 0.2687958734375 0.7711594828125 0.2269584703125 0.7631837140625 0.2042208390625 0.7500274265625 0.1858458109375 0.7343862640625 0.1597614546875 0.719047196875 0.161990778125 0.703659575 0.16470403125 0.6802702625 0.1895230328125 0.6578297171874999 0.23659414843749998 0.6453143140625001 0.26122035625 0.63797943125 0.2814839609375 0.632568 0.3014084078125 0.61146106875 0.34479523125 0.61187104375 0.403358309375 0.6212762859375001 0.47925316406249996 0.6261551640625 0.518110371875
0 0.88379651875 0.2640083203125 0.8997999 0.21979682031249997 0.9011348 0.1944484453125 0.8867975515625 0.1910472328125 0.8697684359375 0.2181939 0.7926504671875 0.2869781078125 0.7165323124999999 0.41767052812500005 0.666906596875 0.529895059375 0.6354386234375 0.5820070921875 0.6415930359375001 0.684396084375 0.6588271390625 0.6865309546875 0.674522640625 0.6630685781250001 0.7974712625 0.3930513890625 0.88379651875 0.2640083203125
0 0.7795428359375001 0.6962877749999999 0.8340671140625 0.5556063796874999 0.8795380453125 0.46480928437499996 0.8871808078125 0.42379655625 0.9580163468749999 0.2181545390625 0.9511432843750001 0.2072944578125 0.9171879437499999 0.21155712968749998 0.9049804203124999 0.21543421562499998 0.885719971875 0.2636691625 0.799394715625 0.3927122328125 0.7436907625 0.52670335625 0.6844477828125 0.6406236734374999 0.6793183109375 0.6846423781250001 0.694090171875 0.723427371875 0.7148633015625 0.745633053125 0.7391244078125 0.74825344375 0.7795428359375001 0.6962877749999999
0 0.8212171109374999 0.7751679578124999 0.9197506875 0.5129049390625 0.9829945125 0.3879317484375 0.98632855 0.3787210203125 0.9671458671875 0.2924258234375 0.9515273359374999 0.31070091718750004 0.9250089750000001 0.3740121890625 0.8996913859375001 0.41344217031249997 0.8801278828125 0.46815441875 0.8346569515625 0.5589515140625 0.809164325 0.6393276171875 0.7676172703125 0.72425911875 0.7746953203125 0.7644007390625001 0.79546845 0.7866064203125 0.8212171109374999 0.7751679578124999
0 0.9708121140625 0.47630831718750005 0.9928167625000001 0.41551750624999995 0.9836613203125 0.38608960468750003 0.9197506875 0.5129049390625 0.84899211875 0.7133596765625 0.8724584 0.68335339375 0.9708121140625 0.47630831718750005
0 1 0.471314959375 0.9901495328125 0.42288608906249997 0.9357022234375 0.558380203125 0.855429284375 0.7105000609375 0.8507616312499999 0.72339508125 0.854454596875 0.7330913296875 0.877151178125 0.7549578546875 0.9162100687500001 0.7515198578125 0.9868398234375 0.645939165625 1 0.615514284375 1 0.471314959375
0 0.857766696875 0.122009659375 0.8516374109375 0.10412015156250001 0.8317360765625 0.1093538640625 0.7998322078125 0.1477462 0.7719032609375 0.21992904375000003 0.7678764921875 0.2758253 0.743281584375 0.338797415625 0.7356388203125 0.37981014218750003 0.7836230421875 0.2920190265625 0.8362489921874999 0.23617627031250002 0.8401218203124999 0.190654575 0.854047809375 0.15715679375 0.857766696875 0.122009659375
0 0.23631163125 0.286775184375 0.2583665296875 0.3949833375 0.278729684375 0.358625940625 0.28055104062499997 0.2789745828125 0.2641895296875 0.1749362390625 0.2593168890625 0.1585497203125 0.25354653125 0.159567190625 0.2396205421875 0.1930649734375 0.23631163125 0.286775184375
0 0.41855188906249996 0.33052237500000003 0.46712515000000004 0.3754192578125 0.45809852187500005 0.2511173109375 0.4676647375 0.20976542656250002 0.44902004843750004 0.216502128125 0.4232713859375 0.227940590625 0.412525496875 0.2626022046875 0.41855188906249996 0.33052237500000003
0 0.41474174374999995 0.4174226890625 0.408600259375 0.3811450890625 0.41600065624999993 0.3384776 0.40837910624999996 0.2542577453125 0.3987915703125 0.1707900078125 0.3936717828125 0.15101148749999999 0.375636496875 0.1756838390625 0.37098623750000004 0.21543337187499997 0.367297503125 0.27650560468749996 0.36971225625000004 0.31135965625 0.3773011703125 0.3623330453125 0.3858241359375 0.45166566093749994 0.3988145359375 0.585789771875 0.41474015 0.6761084171875 0.44112969687500003 0.707671190625 0.4603642234375 0.7042796250000001 0.47080223437499996 0.690367134375 0.47377734374999997 0.662249428125 0.4659814375 0.5842938531249999 0.454030746875 0.5277657125 0.41474174374999995 0.4174226890625
0 0.657394721875 0.1785348484375 0.7001630875 0.11866959218749999 0.6808405796875 0.100318053125 0.6578541234374999 0.115250521875 0.6443748421875 0.1367954953125 0.620764259375 0.15494629843750002 0.5666322140625 0.1909123375 0.5505781890625 0.22446323281249997 0.512647128125 0.32427826249999997 0.50282408125 0.42603537031250005 0.522018975 0.4785312234375 0.54175415625 0.51747141875 0.5656563359375 0.50118483125 0.5658621203124999 0.40112350625 0.57432563125 0.347894071875 0.600305203125 0.32089376718749996 0.6197965609375 0.2570969765625 0.657394721875 0.1785348484375
0 0.34735821875 0.38791454999999997 0.35192297968749997 0.4250501921875 0.3562944015625 0.4570661328125 0.37409385624999997 0.5104953609375 0.38929945 0.567381784375 0.39444576875 0.5686170625 0.391342621875 0.5314523890625 0.3802550390625 0.411272465625 0.3781334609375 0.38248804375 0.3493594390625 0.2530452484375 0.3332539625 0.21794454531250002 0.2962983875 0.1658254421875 0.26908809218749996 0.1464793765625 0.2606764265625 0.1100220484375 0.25490606875 0.11103951875 0.269933965625 0.2187621515625 0.282423446875 0.238979325 0.28914256875 0.26021396874999997 0.3028627734375 0.3267775109375 0.3097358359375 0.3376375921875 0.3165578515625 0.30884157343749996 0.33194547343749997 0.3061283203125 0.35079515 0.32867315937499997 0.35625762656250004 0.3484048125 0.34735821875 0.38791454999999997