1 1 0.721807065625 0.9638671875 0.696331521875 0.9228515625 0.6997282609375 0.876953125 0.7829483703125 0.876953125 0.8542798906250001 0.9033203125 0.9205163046875 0.9541015625 0.95108695625 0.978515625 0.9493885875 1 0.9425951093749999 1 0.721807065625
1 0.7958984375 0.8186141296875 0.7763671875 0.8050271734375001 0.7626953125 0.8050271734375001 0.7392578125 0.8254076093749999 0.728515625 0.8644701093749999 0.8017578125 0.9986413046875 0.82421875 0.996942934375 0.83203125 0.96297554375 0.83203125 0.918817934375 0.814453125 0.8508831515624999 0.7958984375 0.8186141296875
1 0.8603515625 0.9375 0.8447265625 0.95108695625 0.828125 0.9935461953125 0.94140625 1 0.974609375 0.9935461953125 0.9560546875 0.9646739125 0.9033203125 0.9307065218749999 0.8603515625 0.9375
1 0.916015625 0.6878396734375001 0.900390625 0.5825407609375 0.8818359375 0.5502717390625 0.8603515625 0.5366847828125 0.8212890625 0.5366847828125 0.7880859375 0.5570652171875 0.7578125 0.59952445625 0.740234375 0.6538722828125 0.7421875 0.7150135875 0.75390625 0.7591711953125 0.7841796875 0.801630434375 0.7998046875 0.8118206515624999 0.826171875 0.8101222828125 0.8564453125 0.7982336953125 0.8818359375 0.774456521875 0.904296875 0.7387907609375 0.916015625 0.6878396734375001
1 1 0.501019021875 0.9833984375 0.48233695625 0.9638671875 0.48233695625 0.9521484375 0.4925271734375 0.935546875 0.5315896734375001 0.9296875 0.5757472828125 0.931640625 0.6334918484375 0.9541015625 0.6929347828125 0.994140625 0.7014266296875 1 0.6946331515625 1 0.501019021875
1 0.7138671875 0.6521739125 0.6650390625 0.68953804375 0.650390625 0.7184103265624999 0.7197265625 0.84578804375 0.728515625 0.8440896734375001 0.76953125 0.7897418484375 0.74609375 0.7421875 0.740234375 0.657269021875 0.7138671875 0.6521739125
1 0.7109375 0.528192934375 0.703125 0.4976222828125 0.6884765625 0.461956521875 0.6650390625 0.4415760875 0.6416015625 0.4415760875 0.6181640625 0.4585597828125 0.587890625 0.514605978125 0.576171875 0.5689538046875 0.587890625 0.6097146734375001 0.6337890625 0.68953804375 0.64453125 0.6946331515625 0.6845703125 0.669157609375 0.69921875 0.6402853265624999 0.708984375 0.5893342390625 0.7109375 0.528192934375
1 0.607421875 0.110394021875 0.5615234375 0.057744565625 0.5361328125 0.044157609375000004 0.4853515625 0.0407608703125 0.4580078125 0.061141304687499995 0.439453125 0.10699728281250001 0.4375 0.1953125 0.447265625 0.2258831515625 0.4931640625 0.2853260875 0.5361328125 0.3091032609375 0.583984375 0.31419837031250003 0.6171875 0.280230978125 0.630859375 0.22927989062499998 0.626953125 0.1681385875 0.607421875 0.110394021875
1 0.5439453125 0.319293478125 0.4697265625 0.268342390625 0.4443359375 0.27173912968749997 0.421875 0.29721467343749997 0.42578125 0.317595109375 0.4912109375 0.4313858703125 0.5234375 0.44327445625 0.546875 0.41610054375 0.556640625 0.3787364125 0.5546875 0.344769021875 0.5439453125 0.319293478125
1 0.6875 0.39232337031250003 0.693359375 0.3685461953125 0.69140625 0.3040081515625 0.6796875 0.266644021875 0.6611328125 0.241168478125 0.6318359375 0.241168478125 0.619140625 0.2836277171875 0.572265625 0.3481657609375 0.5625 0.4194972828125 0.5859375 0.46025815156250005 0.6044921875 0.4585597828125 0.6162109375 0.43817934843749995 0.6630859375 0.43817934843749995 0.6875 0.39232337031250003
1 0.93359375 0.358355978125 0.939453125 0.20889945625 0.93359375 0.161345109375 0.9150390625 0.12228260937499999 0.8779296875 0.098505434375 0.8408203125 0.10529891250000001 0.8251953125 0.1188858703125 0.79296875 0.17493206562500002 0.765625 0.2564538046875 0.73828125 0.409307065625 0.736328125 0.49082880468749995 0.75390625 0.5553668484375 0.7734375 0.57235054375 0.8173828125 0.5366847828125 0.8662109375 0.526494565625 0.91796875 0.42629076093749996 0.93359375 0.358355978125
1 0.3857421875 0.09171195625 0.3427734375 0.1256793484375 0.333984375 0.1545516296875 0.4052734375 0.278532609375 0.419921875 0.2836277171875 0.435546875 0.202105978125 0.43359375 0.123980978125 0.4091796875 0.0951086953125 0.3857421875 0.09171195625
1 0.80859375 0.0390625 0.810546875 0.0016983703124999999 0.6962890625 0 0.69140625 0.052649456250000004 0.712890625 0.14096467343750002 0.7451171875 0.18002717343750002 0.775390625 0.18172554375 0.8017578125 0.1528532609375 0.818359375 0.1171875 0.8203125 0.096807065625 0.80859375 0.0390625
1 0.693359375 0.07302989062500001 0.6708984375 0.0543478265625 0.6435546875 0.0543478265625 0.6123046875 0.071331521875 0.6015625 0.096807065625 0.623046875 0.1477581515625 0.6328125 0.2258831515625 0.66796875 0.23607337031250003 0.6923828125 0.22078804375 0.7109375 0.17153532656249998 0.7109375 0.1477581515625 0.693359375 0.07302989062500001
1 1 0.0016983703124999999 0.9248046875 0 0.916015625 0.0288722828125 0.9140625 0.0696331515625 0.92578125 0.13077445625 0.9541015625 0.1868206515625 0.9658203125 0.1970108703125 0.98828125 0.1953125 1 0.1919157609375 1 0.0016983703124999999
1 0.9140625 0.0016983703124999999 0.8134765625 0 0.8125 0.0662364125 0.8251953125 0.09171195625 0.84375 0.10020380468750001 0.8740234375 0.0951086953125 0.8876953125 0.0815217390625 0.90234375 0.052649456250000004 0.9140625 0.0016983703124999999
1 0.2744140625 0 0.271484375 0.0118885875 0.287109375 0.0662364125 0.3193359375 0.12228260937499999 0.3359375 0.1273777171875 0.3740234375 0.0951086953125 0.4013671875 0.084918478125 0.41015625 0.005095109375 0.2744140625 0
1 0.7373046875 0.319293478125 0.69921875 0.344769021875 0.677734375 0.42629076093749996 0.677734375 0.44327445625 0.7041015625 0.489130434375 0.732421875 0.49422554375 0.736328125 0.41610054375 0.75 0.3345788046875 0.7490234375 0.3226902171875 0.7373046875 0.319293478125
1 1 0.29721467343749997 0.9951171875 0.2955163046875 0.9736328125 0.3125 0.951171875 0.3515625 0.935546875 0.42629076093749996 0.935546875 0.46025815156250005 0.9521484375 0.489130434375 0.9775390625 0.4789402171875 1 0.49082880468749995 1 0.29721467343749997
1 1 0.0016983703124999999 0.9248046875 0 0.916015625 0.0288722828125 0.9140625 0.07302989062500001 0.92578125 0.13077445625 0.9599609375 0.1936141296875 0.990234375 0.1953125 1 0.1919157609375 1 0.0016983703124999999