1 0.258785284375 0.2742884546875 0.241623078125 0.3062628234375 0.22877976875 0.3705865171875 0.22972481406249998 0.428356375 0.2389554203125 0.45909280468749997 0.27617597968749996 0.5090027125 0.3051127046875 0.52989134375 0.3497906125 0.544260225 0.383994734375 0.5431586312500001 0.42251948125 0.5183516609375001 0.4317518140625 0.4930333875 0.4352459546875 0.4047657078125 0.4112819484375 0.3228132578125 0.37199 0.2796617078125 0.3371947921875 0.2586708140625 0.29038621249999996 0.2544565109375 0.258785284375 0.2742884546875
1 0.541715059375 0.06859710625 0.5205286359375 0.10729574687500001 0.5053768109375001 0.191962684375 0.5021790765625 0.2632492546875 0.5166160718749999 0.331446384375 0.538391853125 0.3708949328125 0.5634229234375 0.391715390625 0.5937213921875 0.3905456234375 0.600585928125 0.3889668171875 0.6339635671875 0.3233029234375 0.6195858546874999 0.251709571875 0.6210678859375001 0.16680402656249999 0.6336147890625 0.11946144218750002 0.6081111953125 0.0697560546875 0.5595276328125001 0.05531899999999999 0.541715059375 0.06859710625
1 0.6208900421875 0.1769926921875 0.6231358218749999 0.272155075 0.6391716828125 0.3047089203125 0.6654459328125 0.310263421875 0.6939101359375 0.3022671265625 0.723204275 0.246723725 0.7507251593750001 0.12490286718750002 0.7461691375 0.10613842968750001 0.6702459890625 0.09122416093749999 0.652492696875 0.1011060453125 0.6314248359375 0.13301224218750002 0.6208900421875 0.1769926921875
1 0.7466940328125 0.3558459484375 0.7208940328125 0.32312167187499996 0.6722511890625 0.31208083750000004 0.6407095421875 0.328516559375 0.6136053546875 0.370509159375 0.5787474109375 0.4650238953125 0.572414678125 0.49209141093750003 0.5779174734375 0.5125710015625 0.5618206031249999 0.53946808125 0.5629434921875001 0.5870492734375 0.5529422296875001 0.6004637265625 0.5442416999999999 0.6512707078125 0.541162528125 0.715764834375 0.5574337890625001 0.7907884953125001 0.5735882125 0.8165498937500001 0.582405578125 0.8150051749999999 0.6209896046875001 0.7868019796875 0.6719409640625 0.7774995703124999 0.717331975 0.6950590875 0.74183296875 0.6343361359374999 0.7526048875 0.5767708 0.7581111375 0.485140984375 0.7558060765625 0.393374821875 0.7466940328125 0.3558459484375
1 0.7926220296875 0.130730065625 0.762855365625 0.15738853749999998 0.7416096609375 0.1994834 0.7308970234375 0.253652515625 0.733854178125 0.3080602359375 0.7524339531249999 0.36274065312500003 0.7761625624999999 0.4022232875 0.8063424671874999 0.407845965625 0.8448079328125001 0.3864352140625 0.864041528125 0.3477024875 0.8766477125 0.29696368125 0.87777405625 0.23243546718750002 0.8706148406249999 0.19494068125 0.8527447140625 0.15556030625 0.8200208953124999 0.1278110578125 0.7926220296875 0.130730065625
1 0.710271865625 1 0.7224128921874999 0.9635310421875 0.7216456906250001 0.8955725203125 0.7091022421875001 0.8308056984375 0.6795151500000001 0.791220803125 0.6288009156250001 0.7869383265625001 0.59725926875 0.8033740484375 0.5713389796875 0.8334969171875001 0.54595049375 0.8891084921875001 0.542752759375 0.9603950640625 0.5461248828125 0.9910292328124999 0.5528115765625 0.9996390906249999 0.6070693515625 1 0.710271865625 1
1 0.7533686359375 0.756838728125 0.7444309812500001 0.8212305953125 0.7456131515625 0.865415565625 0.7546659140624999 0.9063406593750001 0.7725953234375 0.9423248125000001 0.8105865375000001 0.9480838374999999 0.83485040625 0.9009457718749999 0.8433138093749999 0.863723678125 0.844025184375 0.82296901875 0.8352688296874999 0.7650628140625 0.8211857953124999 0.73254305625 0.80585958125 0.715289253125 0.78242565 0.7148802125 0.7533686359375 0.756838728125
1 0.76159836875 0.621092115625 0.758578478125 0.682190021875 0.7707679671875 0.7112794703125 0.8078716890625 0.71192711875 0.8307720890624999 0.7429021546875 0.849353590625 0.74152786875 0.8651540546875 0.731611896875 0.8749809281250001 0.6162767031249999 0.9017904359375001 0.5352105078125 0.8759311562500001 0.5058824515625 0.821251984375 0.504928021875 0.799474475 0.521534178125 0.776335225 0.5601987312500001 0.76159836875 0.621092115625
1 0.7520258921874999 0.16229539531249998 0.8057007359374999 0.10887618750000001 0.82635535625 0.044688840625 0.82996633125 0.0056834203125000005 0.680486103125 0.00817011875 0.6732641515625 0.086180959375 0.748121965625 0.10617251718750001 0.7462266921875 0.15879691093749998 0.7520258921874999 0.16229539531249998
1 0.41937757343750004 0.698351415625 0.396297603125 0.733619746875 0.375583703125 0.801203315625 0.3706702671875 0.8588709124999999 0.37617306093749997 0.879350503125 0.41688430624999995 0.9531021359375 0.441265009375 0.9552263312499999 0.48777890937499996 0.920367040625 0.5112738484375 0.8613251578125001 0.5167208171875 0.7730915625 0.5113958656250001 0.7424233078125 0.49352573906249997 0.7030429328125 0.47044749531249996 0.6822565625 0.4431079109375 0.681779346875 0.41937757343750004 0.698351415625
1 0.874921646875 0.6196729249999999 0.8655097421875 0.7112345671875 0.8762782078125 0.7657786343749999 0.9001253796875 0.7984688265625 0.9458686234375 0.80776041875 0.9723799984375001 0.7997300359375 0.9952228421875 0.778046590625 0.9999077906249999 0.4536903671875 0.970378253125 0.46676395312499996 0.9423272921875 0.5070414000000001 0.9046900375 0.5369597484375 0.889539940625 0.565571984375 0.874921646875 0.6196729249999999
1 0.99134863125 1 0.9922587796875 0.94785768125 0.986755984375 0.9273780890625 0.9384112734375 0.8433014453125001 0.8997696921875 0.81884615625 0.880241415625 0.8185052890625 0.8624288437500001 0.8317833968749999 0.8431952468749999 0.8705161234375 0.8339611859374999 0.9518891 0.8446772390625 1 0.99134863125 1
1 0.42950258124999996 0.509980409375 0.390740709375 0.54837226875 0.3674236140625 0.5972254875 0.368190815625 0.665184009375 0.38404883437500004 0.70792651875 0.40641742968749994 0.71341285 0.43133166406249995 0.6849710484375 0.47263744843750005 0.6687057609375 0.49802593437500003 0.613094184375 0.5032357765625 0.5384454796875 0.48033537812500005 0.5074704421875 0.47240723281249997 0.4580718375 0.4391498828125 0.460888584375 0.42950258124999996 0.509980409375
1 0.067054225 0.2352705828125 0.1075283453125 0.322607103125 0.1248073859375 0.33989499218749997 0.135577578125 0.338384359375 0.2048157609375 0.2886340671875 0.2101441671875 0.2071929171875 0.1732217421875 0.0842472 0.1494931328125 0.0447645640625 0.1281305921875 0.0375971671875 0.0664648671875 0.1571233953125 0.06166999375 0.20799854843749999 0.067054225 0.2352705828125
1 0.8357062515625 0.0125781234375 0.8199040609375 0.07854879687500001 0.82120479375 0.11594132500000001 0.858484634375 0.162455009375 0.882745046875 0.2274263515625 0.9071850328125001 0.2261543234375 0.930737525 0.219770921875 0.9299703234375001 0.1518123984375 0.9464821625000001 0.10114176718750001 0.9409793671875001 0.080662175 0.9267777703125001 0.0549348625 0.894113234375 0.023789390625 0.8689636015625 0.0097613765625 0.8357062515625 0.0125781234375