0 0.30179227656249996 0.8682150265624999 0.25142115781249996 0.7968996171875 0.223382796875 0.77748588125 0.1913536828125 0.7837025765625001 0.2154638796875 0.4667713375 0.22977537187500002 0.4288846640625 0.21424677499999997 0.4039358625 0.194727421875 0.40461749375 0.1620503625 0.44824372187500006 0.146561521875 0.56434413125 0.1608339875 0.80516120625 0.184170325 0.8298373546875 0.2006708421875 0.7986718578125 0.22385697499999999 0.7910645609375 0.2520138796875 0.8138729671875 0.29605501562500003 0.8718141859375 0.30179227656249996 0.8682150265624999
0 0.9922626749999999 0.269704446875 0.9767340765625001 0.2447556453125 0.8699622640625 0.15331753125 0.848490978125 0.154067325 0.8211955453125 0.183910384375 0.8247754421875 0.20247882499999997 0.8508618671875 0.2219607234375 0.99274495 0.3954435609375 0.9922626749999999 0.269704446875
0 0.9970361140625 0.4343800203125 0.9687606656250001 0.40817694375 0.7818880921875 0.1495955296875 0.7622501953125 0.146882490625 0.750096065625 0.162601565625 0.7437108593749999 0.20361025625 0.7531465625 0.2219742078125 0.8121235734375001 0.2878908765625 0.8595075171875 0.35761119531249996 0.9366446671875 0.4398877453125 0.9535641375000001 0.476683809375 0.9994386640625 0.5311621953125 0.9970361140625 0.4343800203125
0 1 0.5472833953125 0.993701403125 0.5347613546875001 0.93688175625 0.4466770859375 0.8514626875 0.35109450781249996 0.7653323515625 0.2351439078125 0.7270601375 0.2024923078125 0.6957106296875 0.2001882484375 0.6708413109375 0.24354182343750003 0.670311909375 0.284346025 0.6899814656250001 0.315947840625 0.8691015234374999 0.520419025 1 0.6337024109375 1 0.5472833953125
0 1 0.63454269375 0.8732424828124999 0.5270720390625 0.65951699375 0.2830235875 0.637010465625 0.2821101265625 0.671473790625 0.40156438124999994 0.70158263125 0.4243046265625 0.8682798093749999 0.60881676875 1 0.685669940625 1 0.63454269375
0 0.693221925 0.5486531390625 0.6458851078125 0.3123895046875 0.611097809375 0.211640015625 0.5936172765625 0.1867593765625 0.57421646875 0.190835678125 0.562180884375 0.20994942343749998 0.5639590515624999 0.260869471875 0.6272036640625 0.4489942578125 0.6462569359375 0.5468943828125 0.6750382234375001 0.6155649140625 0.6911278828125 0.6285982890625 0.704554340625 0.6213318078125 0.7155863453125 0.6294435859374999 0.693221925 0.5486531390625
0 0.5536073828125 0.6639898984375 0.567713446875 0.648202659375 0.5823172515625 0.56272244375 0.588994771875 0.4741202109375 0.586442015625 0.3450545890625 0.5750227171875 0.29787002500000004 0.5554717046875 0.26966287968749997 0.51874056875 0.2811419890625 0.5068235296875 0.30365040312499997 0.4987234765625 0.3515165984375 0.510569828125 0.5788231578125 0.5215149484375 0.612429040625 0.520392825 0.6362598937499999 0.538908596875 0.6628037859375 0.5536073828125 0.6639898984375
0 0.6041368046875 0.879749184375 0.6065312578125 0.8643709265625 0.5796466828125 0.8500151125000001 0.558025190625 0.8184814609375 0.534949503125 0.7173229937500001 0.5337640578125 0.6833762937500001 0.513944296875 0.6194910328125001 0.50375756875 0.439709853125 0.4845857515625 0.338415059375 0.462845715625 0.3034867375 0.43942249218749996 0.30430469531250004 0.4273869078125 0.32341844062499997 0.42307218124999996 0.3677536375 0.443192353125 0.49620579062500003 0.4586340671875 0.546648696875 0.46863083281250006 0.5530972234375 0.47052754375 0.607411940625 0.4923625625 0.729006590625 0.5361113859375 0.8345413515625 0.5952938249999999 0.878358584375 0.6041368046875 0.879749184375
0 0.41859988125 0.687397915625 0.39067196875 0.559218415625 0.349791775 0.45188407656249996 0.328668025 0.350657446875 0.2993573359375 0.32279111562499996 0.2801936171875 0.33365675625 0.268513665625 0.3629545109375 0.26981765625 0.40029588125000004 0.2924191640625 0.48787566875 0.34039583125 0.5745693359375 0.3724013828125 0.6516242984375 0.4097569 0.6860073156250001 0.4111477734375 0.6978545765625 0.41859988125 0.687397915625
0 0.279902034375 0.8010032593749999 0.30497678281249996 0.735550246875 0.30686539687500003 0.6777045312500001 0.29023014062499997 0.4811544921875 0.26996786093749997 0.432579325 0.246070459375 0.41981860312499997 0.22702528593750002 0.4340789140625 0.21717872656249998 0.459913834375 0.2170682796875 0.5686796000000001 0.23742554062500001 0.703921090625 0.23737031718749999 0.7583039734375 0.266594121875 0.8116644093750001 0.279902034375 0.8010032593749999
0 0.4392575515625 0.8872063000000001 0.43866482968750004 0.8702329515624999 0.4210340921875 0.8130688656249999 0.4091958390625 0.6979227406249999 0.39768965624999997 0.6762322843749999 0.37459040625 0.658345475 0.3383253515625 0.571242828125 0.32924528125 0.5630628875 0.34034060781250003 0.628952215625 0.353000575 0.6557005984375001 0.37264656875 0.7705740703124999 0.40074825000000003 0.8477653593750001 0.433401746875 0.8874107890625 0.4392575515625 0.8872063000000001
0 0.5996742109375 0.46902670625000004 0.5970189453125 0.46760884843749995 0.5895554640625 0.502612865625 0.5872971453125 0.537435115625 0.583015796875 0.5889444140625 0.5897488640625 0.6325161671874999 0.6212995453125 0.69032709375 0.641937584375 0.7092439640625 0.6780611890625 0.748768215625 0.7210723203125 0.786541365625 0.730011021875 0.7937821296875 0.7683402578125 0.796975390625 0.8093247609375 0.8015865078125 0.8237847390624999 0.81769795625 0.82925333125 0.8250599 0.8586193265625001 0.8451825656249999 0.8848031875 0.8487999500000001 0.9260511234375001 0.8609547781250001 0.959856525 0.8340943734374999 0.929728378125 0.8170194875 0.8950273078125001 0.8182312749999999 0.8750215046875001 0.8174193125 0.8437623984375 0.7928310078125 0.8205217796875001 0.7740050218750001 0.8006458953125 0.7520403734375 0.76207776875 0.71713323125 0.729740390625 0.68654025625 0.7197761046875 0.674803559375 0.6997948453125 0.649821428125 0.6677981296875 0.60411073125 0.64734269375 0.56554991875 0.6299885609375 0.5163067328125 0.6342735078125 0.514646515625 0.6132139765625 0.48365970625 0.5996742109375 0.46902670625000004
0 0.863740059375 0.7679640609375 0.88172283125 0.785463071875 0.886032321875 0.7596326875 0.8922349265625 0.738267940625 0.9027470203125001 0.6910728046875 0.9004851031250001 0.6760459734375 0.884894165625 0.6524211078125 0.8655696875000001 0.621373709375 0.830970390625 0.5757539 0.8053624796875001 0.5388835984375 0.785381221875 0.5139014656249999 0.744919984375 0.4745286875 0.727042584375 0.460047159375 0.686265228125 0.41162192812500004 0.664601603125 0.3882091265625 0.6706252046875 0.436337403125 0.675096353125 0.46488232500000004 0.691136925 0.5262560406250001 0.6995523593749999 0.568258465625 0.714251225 0.6160837921875 0.7253991578125001 0.636842646875 0.7451696703125 0.6557898109375 0.758814809375 0.6734402984375001 0.7771137 0.6999917640625 0.8040878578124999 0.7262402812500001 0.8323755796875 0.740358275 0.8591389921875001 0.7605718218749999 0.863740059375 0.7679640609375
0 0.41554059375 0.3697160515625 0.4104126640625 0.34723639375 0.4022606625 0.31277767968750003 0.3934518796875 0.284384228125 0.382778125 0.27720405625 0.3739447984375 0.27298077656249997 0.3557267375 0.273616965625 0.3489972671875 0.27989429062500004 0.3425312328125 0.293715328125 0.33816905468749997 0.318036971875 0.33922278437500003 0.3482118140625 0.34314252343749996 0.3858394859375 0.3541605390625 0.42775102656249997 0.3642056546875 0.466675375 0.37430345468750004 0.5071084671875 0.38863351874999996 0.5443726015625 0.3955491890625 0.5683004140625 0.41219385468749997 0.6221001234375 0.41461383124999995 0.6416531812499999 0.4155095015625 0.6673017984375 0.42134689999999997 0.6852249375 0.4376999921875 0.7058020234375 0.45042491562500003 0.7219740609375 0.45486792343750004 0.724840071875 0.47326858749999995 0.704559940625 0.4731350734375 0.6758635421875 0.46748027812500004 0.6382964624999999 0.45780396874999996 0.609933309375 0.44760079375000006 0.56648273125 0.44347030624999995 0.5228200937499999 0.4408114421875 0.471553153125 0.438654896875 0.45954380468749995 0.433186303125 0.4521818625 0.42574376718750007 0.41316662656250003 0.41554059375 0.3697160515625