1 0.7735445000000001 0.851047278125 0.8184294796874999 0.7455739234375 0.8258233625000001 0.7038114015625 0.8209989609375 0.6018549875 0.8070261625 0.5623381953125001 0.7779525875 0.5192853859375 0.7412972203125 0.49752215 0.7104898937499999 0.512714203125 0.6778444796875001 0.5571307671875 0.6558927875 0.6192083453125 0.64392470625 0.692190678125 0.6448434921875 0.7569876468750001 0.65864914375 0.8135992515625 0.674919425 0.85629001875 0.69639044375 0.8830646421875 0.7359490671875 0.8857377625 0.7735445000000001 0.851047278125
1 0.645679221875 0.6715135734375 0.6763406828125 0.5521656484374999 0.6706597875 0.4981155453125 0.6628693218749999 0.46136441406250006 0.6177761859374999 0.349978615625 0.5789904828125 0.3079465921875 0.550292728125 0.305839675 0.511903609375 0.3423213015625 0.4883645484375 0.40798116875 0.48046922812500004 0.50102813125 0.489345625 0.5854814171875 0.5135942828125 0.6853962609375001 0.5413519703125 0.7439568984375 0.575187653125 0.7762628421875 0.62640083125 0.77771101875 0.643256121875 0.7605699359375 0.645679221875 0.6715135734375
1 0.81116225 0.3774692125 0.827182328125 0.286983753125 0.8207705578125 0.1886096265625 0.7881464234375 0.1117755015625 0.7353458765625 0.1139096140625 0.702658934375 0.0831906578125 0.6960379718749999 0.085594271875 0.66541855625 0.121259271875 0.6316451640625 0.20165660624999998 0.6194891734375 0.25416599375 0.6209301609375 0.3052462796875 0.6363231828125 0.3582755953125 0.691734221875 0.4463765171875 0.7245883109375 0.460000659375 0.74789741875 0.4575507734375 0.7823181124999999 0.43002486875 0.81116225 0.3774692125
1 0.84679449375 0.3054151265625 0.8588663953125 0.42027159531249997 0.8823841765625 0.475862415625 0.9080951015625001 0.50560685625 0.9511835203125001 0.5044935296874999 0.999639821875 0.4703692484375 0.95667805625 0.0616153453125 0.9469659281249999 0.06263613125 0.924638415625 0.08376781875 0.8677438265624999 0.1870879859375 0.84679449375 0.3054151265625
1 1 0.507029675 0.9964650828125 0.47753382499999997 0.9457112984375 0.5084841328125 0.89069684375 0.4988968640625 0.9200419015625 0.5538752125 0.9287303890624999 0.617855553125 0.9450006703125 0.66054631875 0.9832641703125 0.716295025 1 0.7320232390625 1 0.507029675
1 0.92662081875 0.6351545234375 0.92375960625 0.5705617140625 0.9127944015624999 0.5409751578125 0.892910753125 0.5106182453125 0.84785914375 0.47436796875000004 0.78737246875 0.4687713015625 0.7581525124999999 0.48038106718750007 0.7510093484375 0.4965013640625 0.7821924953125 0.5222552031250001 0.8169261999999999 0.58179035625 0.8281000796875 0.6694176171875 0.825656215625 0.720906215625 0.863543896875 0.73570903125 0.9045019796875 0.7143269171875 0.9195819921874999 0.6802951765625 0.92662081875 0.6351545234375
1 0.5499234875 0 0.518964234375 0.0171115140625 0.482914125 0.1319026359375 0.454341471875 0.19638383125 0.45736982812500004 0.243881828125 0.4671027203125 0.280428803125 0.5007712578125 0.32982956093750004 0.5201955140625001 0.3277879890625 0.5858621640624999 0.2799007546875 0.6193848359375 0.225145640625 0.641336528125 0.16306806093749998 0.6402298328125 0.077798146875 0.626257034375 0.038281354687500005 0.5881967734375 0 0.5499234875 0
1 0.48908126718749995 0 0.331509784375 0.0180288 0.322194240625 0.0975632375 0.3287523921875 0.1412747890625 0.349346153125 0.1783879640625 0.40129020625 0.2241601640625 0.43360132812499996 0.2139332296875 0.459542209375 0.1804676890625 0.5005423375 0.0754026484375 0.5167503250000001 0.0053901328125 0.51554941875 0 0.48908126718749995 0
1 0.477378578125 0.3408268546875 0.45085320468749995 0.275305796875 0.422489740625 0.23900925 0.37390833749999997 0.20654541875 0.325139025 0.1536086421875 0.288755140625 0.1437709453125 0.260767496875 0.1484202890625 0.24002735468749997 0.16596968750000002 0.225845365625 0.2272306375 0.22659700468750002 0.3091224203125 0.2444546546875 0.3482308984375 0.301975265625 0.4190328484375 0.4245775140625 0.5017794140625 0.45653358125 0.488174346875 0.47470475937499995 0.45552543593749995 0.4832473828125 0.415349903125 0.477378578125 0.3408268546875
1 0.508142825 0.7269546234375001 0.50970943125 0.6858045749999999 0.49784620312500005 0.6289888125 0.45559351562500006 0.5446280671875 0.4152204421875 0.50617833125 0.414155275 0.4960439359375 0.37440874218750003 0.47289787031249997 0.340593821875 0.4781596875 0.31120671875 0.506864265625 0.2984241890625 0.5440699812500001 0.2862889625 0.634147128125 0.29992746875 0.707853546875 0.3300662109375 0.761040753125 0.37777035625 0.803843134375 0.42687396250000004 0.8225902843749999 0.46766489843750003 0.818302984375 0.48337145000000004 0.7995749109375 0.508142825 0.7269546234375001
1 0.2670318515625 0.619093884375 0.27473926249999997 0.5055739765625 0.26674012187499996 0.41078213906250005 0.2494046734375 0.357956978125 0.209553803125 0.3057905609375 0.173692121875 0.28223617968750003 0.1418196265625 0.2872938390625 0.11278758124999999 0.31937655 0.08607377968749999 0.39220099375 0.075358775 0.49579066562499996 0.08477813906250001 0.6040950296875 0.1019464421875 0.674015003125 0.131730128125 0.7238240765625 0.172708975 0.740009721875 0.21385496874999999 0.739100553125 0.24332564375 0.7018485671875 0.2670318515625 0.619093884375
1 0.0090671390625 0.0519188875 0.025525328125000003 0.1150826 0.0456804609375 0.15736505 0.0743989796875 0.19703972812499998 0.10213590312500001 0.2180326046875 0.12580006562499998 0.21896085312500002 0.16446066718750002 0.1944047625 0.18394773281250001 0.1462480234375 0.18392696875 0.1086802640625 0.1594275921875 0.0344076421875 0.0090671390625 0.0519188875
1 0.16801174375 0.0693676296875 0.1958530046875 0.11938085937500001 0.22164750312499998 0.14057789375000002 0.24990662812500003 0.1478540890625 0.2822177515625 0.1376271546875 0.315928334375 0.10334498437499999 0.3302774703125 0.024989220312499998 0.3284186171875 0.0166459703125 0.164141634375 0.032545996875 0.16801174375 0.0693676296875
1 0.685203325 0 0.685762115625 0.0251962203125 0.7011551375 0.0782255375 0.7249236375 0.1081741359375 0.7547701328125 0.11186804218749999 0.796793384375 0.100620321875 0.8213976140625 0.0450948484375 0.8300304859375001 0 0.685203325 0
1 0.830566625 0 0.8201653 0.05205526875000001 0.7928249593750001 0.10957604375 0.8227129828124999 0.1884054703125 0.8303363031250001 0.2422514140625 0.846502246875 0.25592182812500003 0.854710578125 0.24993592343749998 0.8629817187500001 0.1978348515625 0.9109578640624999 0.09374432499999999 0.8683098578124999 0 0.830566625 0
1 1 0.75664495625 0.9609994671875001 0.691311546875 0.9315916015625 0.6824483640625 0.8977974453125 0.7252779406250001 0.87749593125 0.7376580625 0.8659457156249999 0.767903359375 0.8785605828125 0.9066109062500001 0.8766389203125 0.9443828218749999 0.8853902187499999 0.9622479953124999 1 0.9502020234374999 1 0.75664495625
1 0.5262038921875 1 0.646471871875 0.9873593250000001 0.6514846999999999 0.9509702390625 0.644028525 0.8800294781250001 0.6198006328125001 0.8176823953125 0.5690053203125001 0.7734971828125 0.5247681625 0.773023521875 0.4867340984375 0.8128832812500001 0.4723641984375 0.8536712859375 0.46357085624999994 0.9194890390625 0.47367956875 0.9969819046874999 0.47668023281250005 1 0.5262038921875 1
1 0.41102856093750006 1 0.41749560937499997 0.9482398890624999 0.41181471406250003 0.8941897859375001 0.39076156093750003 0.8246781249999999 0.33695865625 0.7705626750000001 0.288878690625 0.6868144015625 0.26830569375 0.687268984375 0.235033740625 0.716381878125 0.2053123453125 0.7792760859375 0.21065894843750002 0.8675158171874999 0.240379825 0.9634400578125 0.258986746875 1 0.41102856093750006 1
1 0.1333309625 1 0.1358439 0.9778426765624999 0.1198871484375 0.8633945203125 0.1059143484375 0.8238777296875 0.06658568125 0.757994628125 0.03425379375 0.730653803125 0.0214505 0.7302917578125 0.049797978124999996 1 0.1333309625 1
1 0.1506321828125 0.7354991875 0.127490221875 0.720854259375 0.09664136718750001 0.6609107921875 0.0746901921875 0.5641699234375 0.0671084 0.5854594984375 0.061844853125 0.64749080625 0.0664605796875 0.691406515625 0.1071466625 0.8169173109375001 0.165377384375 0.894475521875 0.18198195781249998 0.902976659375 0.2146481359375 0.89612785625 0.20232551562499998 0.806913609375 0.21694613437500002 0.7404833828124999 0.1506321828125 0.7354991875
1 0.1822555078125 0.2796284078125 0.175530209375 0.2530116703125 0.14328189687499998 0.21712343750000002 0.0854477578125 0.2180788765625 0.05800308125 0.2465792984375 0.043278125 0.283989171875 0.0374716125 0.32216940156249996 0.0422960125 0.42412581875 0.053616275000000005 0.457090503125 0.0708473859375 0.48089531093750004 0.084486409375 0.39578328281249997 0.11437495 0.3157942609375 0.1426133125 0.28550269375 0.1822555078125 0.2796284078125
1 0.8486517953125 0.79021371875 0.8187845359375 0.7489520546875 0.7837788296875 0.8363098093750001 0.7480422484375 0.8793435421875 0.787705209375 0.911037015625 0.830292190625 0.9612081328125001 0.8481290765624999 0.96274885 0.8613709999999999 0.95794161875 0.8720439578124999 0.9380348734374999 0.8759080453125 0.9000588 0.8712923187499999 0.8561430906249999 0.8486517953125 0.79021371875
1 0.81226739375 0.9391944703125 0.7599682859375 0.8900441390625 0.68588463125 0.885876571875 0.6571240671874999 0.9298848218750001 0.6522991484375 0.9867468546874999 0.8279111359375 0.9665815656250001 0.81226739375 0.9391944703125