1 0.078125 0.7693614125 0.068359375 0.7252038046875 0.0380859375 0.6657608703125 0.0009765625 0.63858695625 0 0.91202445625 0.013671875 0.91202445625 0.0400390625 0.8967391296875 0.06640625 0.8542798906250001 0.078125 0.8101222828125 0.078125 0.7693614125
1 0.244140625 0.7116168484375 0.232421875 0.6538722828125 0.2041015625 0.6012228265624999 0.1884765625 0.5876358703125 0.1591796875 0.5876358703125 0.1064453125 0.6283967390625 0.0859375 0.6606657609375 0.078125 0.684442934375 0.07421875 0.7387907609375 0.087890625 0.8135190218749999 0.1123046875 0.8627717390624999 0.1494140625 0.8967391296875 0.1796875 0.8950407609375001 0.2041015625 0.8763586953125 0.224609375 0.840692934375 0.244140625 0.7387907609375 0.244140625 0.7116168484375
1 0.1552734375 0.553668478125 0.1298828125 0.5366847828125 0.0888671875 0.540081521875 0.0498046875 0.5774456515625 0.02734375 0.65047554375 0.07421875 0.72860054375 0.08203125 0.670855978125 0.1025390625 0.631793478125 0.173828125 0.5825407609375 0.1552734375 0.553668478125
1 0.3486328125 0.540081521875 0.3115234375 0.5061141296875 0.2705078125 0.48573369531250005 0.2451171875 0.4959239125 0.220703125 0.5349864125 0.208984375 0.57235054375 0.208984375 0.606317934375 0.234375 0.657269021875 0.2470703125 0.723505434375 0.2744140625 0.696331521875 0.3037109375 0.6861413046875 0.3271484375 0.68953804375 0.369140625 0.721807065625 0.37890625 0.670855978125 0.376953125 0.6131114125 0.369140625 0.57235054375 0.3486328125 0.540081521875
1 0.380859375 0.7727581515625 0.3671875 0.7319972828125 0.3466796875 0.703125 0.3232421875 0.68953804375 0.2763671875 0.696331521875 0.2587890625 0.7133152171875 0.23828125 0.7591711953125 0.236328125 0.8440896734375001 0.24609375 0.8746603265624999 0.2744140625 0.917119565625 0.3056640625 0.9408967390624999 0.330078125 0.9459918484375001 0.3583984375 0.9341032609375001 0.37890625 0.9018342390624999 0.38671875 0.8644701093749999 0.380859375 0.7727581515625
0 0.404296875 0.5893342390625 0.3935546875 0.5706521734375001 0.37109375 0.5587635875 0.375 0.5180027171875 0.3662109375 0.5061141296875 0.3486328125 0.5061141296875 0.337890625 0.528192934375 0.369140625 0.5689538046875 0.37890625 0.6233016296875 0.37109375 0.7387907609375 0.38671875 0.7965353265624999 0.388671875 0.8644701093749999 0.3974609375 0.8763586953125 0.412109375 0.8746603265624999 0.431640625 0.8372961953125 0.431640625 0.7795516296875 0.41796875 0.6606657609375 0.404296875 0.5893342390625
0 0.451171875 0.5689538046875 0.4482421875 0.540081521875 0.4267578125 0.5434782609375 0.41015625 0.59952445625 0.412109375 0.6334918484375 0.43359375 0.7795516296875 0.4462890625 0.7982336953125 0.4609375 0.7965353265624999 0.470703125 0.786345109375 0.478515625 0.7523777171875 0.466796875 0.59952445625 0.451171875 0.5689538046875
0 0.53515625 0.57235054375 0.5205078125 0.540081521875 0.4892578125 0.540081521875 0.482421875 0.5587635875 0.490234375 0.57235054375 0.490234375 0.5893342390625 0.478515625 0.6097146734375001 0.482421875 0.7252038046875 0.466796875 0.8372961953125 0.5009765625 0.8322010875 0.521484375 0.840692934375 0.541015625 0.762567934375 0.546875 0.6946331515625 0.544921875 0.619904890625 0.53515625 0.57235054375
0 0.5791015625 0.526494565625 0.5556640625 0.5298913046875 0.541015625 0.5553668484375 0.546875 0.619904890625 0.56640625 0.6912364125 0.5927734375 0.7336956515625 0.603515625 0.7319972828125 0.619140625 0.708220109375 0.619140625 0.6742527171875 0.595703125 0.551970109375 0.5791015625 0.526494565625
0 0.6582374203125 0.6173707937499999 0.651925590625 0.5816968265625 0.6396962421875 0.5652319234375 0.616815653125 0.5590575765625 0.6069532953125 0.5961035875 0.619140625 0.6674592390625 0.619140625 0.7116168484375 0.599609375 0.735394021875 0.59375 0.762567934375 0.59765625 0.8169157609375001 0.619140625 0.8305027171875 0.634765625 0.8135190218749999 0.64758609375 0.73811358125 0.6396962421875 0.6660795515625 0.6582374203125 0.6173707937499999
2 0.8203125 0.4025135875 0.7978515625 0.3634510875 0.7587890625 0.3396739125 0.7294921875 0.3430706515625 0.6943359375 0.370244565625 0.6796875 0.4059103265625 0.673828125 0.473845109375 0.677734375 0.5689538046875 0.6826171875 0.5774456515625 0.7080078125 0.567255434375 0.7451171875 0.5740489125 0.798828125 0.6233016296875 0.814453125 0.6029211953125 0.830078125 0.551970109375 0.83203125 0.44667119531250005 0.8203125 0.4025135875
2 0.767578125 0.280230978125 0.7392578125 0.2445652171875 0.7265625 0.253057065625 0.736328125 0.266644021875 0.7353515625 0.278532609375 0.6982421875 0.2615489125 0.6669921875 0.227581521875 0.6337890625 0.2445652171875 0.62890625 0.2564538046875 0.638671875 0.2700407609375 0.654296875 0.344769021875 0.6669921875 0.35326087031250003 0.6748046875 0.3294836953125 0.6875 0.3481657609375 0.689453125 0.37533967343749997 0.7275390625 0.3430706515625 0.7685546875 0.3396739125 0.775390625 0.307404890625 0.767578125 0.280230978125
2 0.8495668125 0.6180568890625 0.8728420578125 0.609138378125 0.897695153125 0.6125685625 0.9272820546875 0.6228591171875 0.9564745609375 0.6406962140625 0.968309425 0.620800978125 0.9710708125 0.5672899890624999 0.992373465625 0.5041744703125 1 0.47467485 0.999079865625 0.4273381328125 0.961997509375 0.3676527609375 0.9375388984375 0.3532459625 0.8866492562499999 0.3683388203125 0.8625439078125 0.4020160890625 0.8329981406250001 0.4657562640625 0.8341815921875 0.537104271875 0.8416769593750001 0.603650128125 0.8495668125 0.6180568890625
2 0.8720529171875 0.380687515625 0.8823097593749999 0.3628504953125 0.8945391078125 0.3086534453125 0.9189978062499999 0.3100255265625 0.9391168343749999 0.35050179843749996 0.9580526703125001 0.359420309375 0.9813276562500001 0.395780375 0.974226771875 0.3306066734375 0.959236034375 0.28670022031250003 0.9158417609375 0.259944725 0.893750140625 0.2674911546875 0.8858602015624999 0.2901304046875 0.8475943921875 0.3031651578125 0.83063115 0.321002140625 0.821163275 0.353931984375 0.8135382265625 0.378547709375 0.8341815921875 0.4451751546875 0.849961296875 0.41636151874999994 0.8720529171875 0.380687515625
2 0.6582374203125 0.222212578125 0.6819070640625 0.21466615 0.705971278125 0.21054994218749998 0.7213564109374999 0.199573328125 0.7225398625 0.13988795625 0.745026140625 0.15566683750000002 0.7667231906249999 0.1501785484375 0.7564663484375 0.1007837859375 0.730824371875 0.0719701515625 0.7028152328124999 0.0555052125 0.6680997796875 0.05824939375 0.631017421875 0.078830521875 0.6085312296875001 0.120678871875 0.5990634421875 0.1741898796875 0.6203660953125001 0.21672429062499998 0.6247055046875001 0.2496541328125 0.6582374203125 0.222212578125
2 0.7805305625 0.1687015921875 0.7757964953125 0.1954570875 0.7426590640625 0.21466615 0.7347692125 0.24279376406250003 0.7683011265624999 0.27366550312500004 0.7797415078125 0.30453723906249996 0.7939432765625 0.2928745671875 0.8132734234375001 0.2901304046875 0.8191908546875 0.3216882015625 0.8570621796875001 0.2880723015625 0.86771350625 0.26611907343749996 0.900185953125 0.2537947453125 0.884282265625 0.18859671718749998 0.8515394046875 0.1474344234375 0.8073559906250001 0.13302758750000002 0.7805305625 0.1687015921875