0 0.8133238390624999 0.45552941562499993 0.8198902421875 0.5269864203125 0.836398628125 0.58842519375 0.8573427453125 0.7314755500000001 0.8664547890625001 0.7690044234375 0.8741475359375 0.7759332140625 0.8681112093750001 0.7860196187499999 0.884087790625 0.8219696843750001 0.8909523265624999 0.820390878125 0.9030249796875 0.8002180671874999 0.9055113390624999 0.7696861578124999 0.8917298921875 0.5520211828125 0.8643937609375 0.43943456249999996 0.8386530437499999 0.40331406249999996 0.8094199109375 0.399406540625 0.7963412046875 0.42126041875000003 0.8133238390624999 0.45552941562499993
0 0.7510112015625 0.44424997499999996 0.7402392828125001 0.5018153125 0.7446715609375001 0.6955363015625 0.75561786875 0.73989170625 0.7964476765625 0.8068508953125001 0.8033122140625 0.8052720875 0.8276353625 0.7547378015625 0.8187604437499999 0.7036240406250001 0.822669553125 0.591582809375 0.818470946875 0.49638633906249996 0.8095960281249999 0.445272578125 0.7991815234375 0.4264058796875 0.7719605015625 0.4191362234375 0.7510112015625 0.44424997499999996
0 0.689943471875 0.361649878125 0.686627175 0.4397288921875 0.6675696953125 0.52432765625 0.6570941828125 0.5649118843750001 0.6562049640625001 0.6158552109375 0.6386260609375001 0.7276578359375 0.64436598125 0.734552540625 0.65892499375 0.6838478203125 0.6869759531249999 0.6435703734375 0.7446191875 0.4747137125 0.7532011546875 0.430699175 0.7543867796875 0.3627747390625 0.7345638265625001 0.323360278125 0.70905850625 0.32970959375 0.689943471875 0.361649878125
0 0.620730425 0.29015816875 0.6198091875 0.320332365625 0.6044305750000001 0.4484859140625 0.6082088999999999 0.5328342234375001 0.6092938171875 0.6289132671875 0.58702519375 0.6614593859375 0.5890918109375 0.70129176875 0.605000128125 0.716664684375 0.636902809375 0.674680578125 0.66165193125 0.5276216171875 0.679290115625 0.41242277187500004 0.681187115625 0.3037436734375 0.66710408125 0.271223915625 0.6381340859375 0.265074671875 0.620730425 0.29015816875
0 0.6358991234375 0.8838840390625 0.6417576046875 0.8839862984375 0.6657843484375 0.8504331203125 0.6866760937499999 0.7726608875000001 0.7023038953125 0.6047694734375 0.6849045640625 0.6503287296875 0.6609371015625001 0.680485684375 0.64424741875 0.7413449828124999 0.6362548109375 0.8635067078124999 0.6358991234375 0.8838840390625
0 0.6023033578125 0.3465310875 0.58443323125 0.30715071250000003 0.5530694281249999 0.31339776874999997 0.5397535953125 0.348836534375 0.53093105 0.5185453625 0.5450716375 0.6037236015625 0.5488257625 0.6347192078125 0.5236643828124999 0.6747624484375 0.5076195578125 0.825433884375 0.49441105781249994 0.8588242765625 0.5278427671875 0.8422542921874999 0.5608708234375 0.7357924453125 0.596441421875 0.4585382328125 0.6023033578125 0.3465310875
0 0.46974993906250007 0.2745736 0.44678853125 0.3030494875 0.4403372359375 0.3369094453125 0.4508651203125 0.51714780625 0.48388189062500003 0.640025353125 0.5058355171875 0.6692852359375 0.5243577375 0.6713071703125 0.546490934375 0.6343236859375 0.546728059375 0.620738796875 0.5409288578125 0.6172403156249999 0.5381495468749999 0.552643928125 0.529096784375 0.5117188328125 0.5260838031249999 0.3485979265625 0.5027701625 0.285341740625 0.46974993906250007 0.2745736
0 0.4271957921875 0.47426895 0.41021143125000004 0.49605465468750004 0.3787256109375 0.6212035593749999 0.3617412484375 0.6429892640625 0.348012175 0.6461468796875 0.3027990078125 0.718398696875 0.266359340625 0.7683895828125 0.192538421875 0.8384599843749999 0.23617683281250001 0.8474553671875 0.272286471875 0.8130923859375001 0.341324953125 0.7909685578125 0.36848376875 0.76031230625 0.4194961359375 0.6915589718749999 0.4529923375 0.619102634375 0.46169286718749997 0.5682956546875 0.4425202796875 0.5475774578125 0.44873445 0.5273023859375 0.44116026406250003 0.5135811515625 0.444771240625 0.47457573125 0.4271957921875 0.47426895
0 0.4032962484375 0.22075616875 0.3781431609375 0.3188375609375 0.3503816984375 0.5663527109375 0.3375383890625 0.6306764046875 0.34031942656249997 0.6392180890625 0.358900928125 0.637843803125 0.382927671875 0.604290625 0.395474575 0.556948040625 0.4175519453125 0.4112513703125 0.4532398265625 0.2691895296875 0.4541290453125 0.218246203125 0.4379153390625 0.195881025 0.42430482812500003 0.19224619375000002 0.4032962484375 0.22075616875
0 0.3004568828125 0.6847117015624999 0.329513896875 0.6427531875 0.3482749703125 0.57513553125 0.36189066406250003 0.4106062515625 0.3362075 0.42714423124999995 0.27631848593749997 0.5008385093750001 0.169026353125 0.6603354046875001 0.154704465625 0.6974552375 0.15642016875 0.7110742125 0.15606448125 0.7314515421875 0.16547293125 0.75199930625 0.1687857734375 0.7860296984375 0.182218440625 0.7998531921875001 0.1912729296875 0.784723584375 0.20884837812499998 0.7850303656250001 0.23654365156249998 0.7651302484375 0.265482103125 0.729964178125 0.2677313375 0.7130171562500001 0.28447857499999996 0.7048163375 0.289508846875 0.696411 0.3004568828125 0.6847117015624999
0 0 0.716727240625 0.0086909796875 0.72515541875 0.033130964062500004 0.72388339375 0.05402098125 0.7021658625 0.1546229671875 0.6461685140625 0.33026579218749996 0.431809953125 0.35802034531250004 0.4085136140625 0.3671341171875 0.3899877859375 0.38447589375 0.291770046875 0.369977890625 0.2830238421875 0.3481411 0.30302621875 0.2583075796875 0.413567634375 0.16616554375 0.5444522953125001 0.050945264062499995 0.6545505828125 0.0327770046875 0.6882060203125 0 0.7104694281249999 0 0.716727240625
0 0 0.6961270390625 0.0160297671875 0.6964068390625 0.166224825 0.5410560734375001 0.25434264375 0.4168956828125 0.33411562031250003 0.32316494218749997 0.3474907328125 0.2843299546875 0.3422843453125 0.24686925624999997 0.3184964546875 0.21078284218749999 0.289144759375 0.2136677640625 0.25742526875 0.24029215 0.16711749843749998 0.37800334062499996 0.105216375 0.455059753125 0.037632887500000003 0.5778799421875 0 0.6314714546875 0 0.6961270390625
0 0.26541614999999996 0.174185128125 0.25298953750000003 0.1586805671875 0.2354140890625 0.1583737859375 0.2194950625 0.17508220000000002 0.0768724625 0.40020890312499996 0.001005140625 0.49400781718750003 0.00023275781249999997 0.594213403125 0.019347790625 0.5622731203125 0.083023896875 0.495439459375 0.10131072031249999 0.45499157968750004 0.1671767796875 0.37460711875 0.21144317343750002 0.300640146875 0.26340231406250003 0.233601965625 0.2705632578125 0.21504205 0.26541614999999996 0.174185128125
0 0.0046753984375000005 0.45160617500000005 0.11977884218749998 0.292245628125 0.1855263375 0.2186536109375 0.1887816265625 0.2000255203125 0.170674375 0.1742300328125 0.1336299328125 0.17018616250000002 0.0442706625 0.2535578046875 0.00314099375 0.31568913125 0.0046753984375000005 0.45160617500000005
0 0.18647311093750002 0.2203687640625 0.14771124062500002 0.2587606234375 0.015741996875 0.4331144328125 0.00065118125 0.4583304453125 0.0039640234375 0.4923608375 0.078884571875 0.3968467671875 0.18647311093750002 0.2203687640625
0 0.060453128125 0.7654816765625 0.0480437671875 0.8141366828125 0.0842734015625 0.8022629890624999 0.1162591203125 0.77812015 0.1473495578125 0.7148516484375 0.1711972078125 0.63704754375 0.099026509375 0.6803870703125 0.083797225 0.7391295453125 0.060453128125 0.7654816765625
0 0.4674253484375 0.7547456640625 0.4716915734375 0.781579740625 0.49230989062499997 0.7757643468750001 0.5114947890625 0.73904749375 0.5196243593750001 0.6801810921875 0.5022811625 0.6791921624999999 0.48210401875000003 0.648761990625 0.4674253484375 0.7547456640625
0 0.607334875 0.6178332281250001 0.6055478671875 0.5709953875 0.6054176671875 0.528716146875 0.6047357109375 0.468308571875 0.5998443359375 0.45010449062499996 0.59284825625 0.45300215625 0.5918485953125 0.4605341671875 0.587770915625 0.495190503125 0.5862179656250001 0.53442058125 0.581061584375 0.5811372203125 0.57856166875 0.624880446875 0.5782981953124999 0.6399747671875 0.578533784375 0.67621628125 0.5770335281250001 0.7124274984375 0.57800530625 0.756231325 0.5850525453125 0.8001411953125 0.6033827890625 0.8442480140624999 0.62928721875 0.9020760640625 0.639781340625 0.8977295640625 0.6388622578125001 0.8509068765625001 0.63428705 0.8145896125000001 0.6314228796875 0.729985678125 0.626794978125 0.6966872796875 0.6162760453125 0.6527168062500001 0.607334875 0.6178332281250001