1 1 0.56846473125 0.9530912265625 0.5922085078125 0.916652134375 0.6480163875 0.8946765390625 0.7174484875 0.8907791218750001 0.765838503125 0.8994722484375 0.83663833125 0.91648510625 0.8790386390625 0.935653653125 0.8989296484375 0.9921345374999999 0.9262171499999999 1 0.9241654562500001 1 0.56846473125
1 0.9016434546875001 0.6139256171875 0.9160819046875 0.5231743484375 0.9078027359374999 0.45574594218750003 0.8538258859375001 0.40077299999999993 0.8356367640625001 0.3568059953125 0.7875209421875 0.357580503125 0.7230483875 0.40143034218749996 0.7016382578125 0.443415028125 0.6958022749999999 0.49204306875 0.7165204765625 0.6127001234375 0.7284143265624999 0.6454622234375 0.7601734140625 0.6877630453125 0.7936742328124999 0.7041831515625 0.8363227 0.6989465781249999 0.872196325 0.6705861140625 0.9016434546875001 0.6139256171875
1 0.8507062921875 0.24715487656250001 0.8372472671875 0.31383015 0.8427599515624999 0.3747537421875 0.8510594015624999 0.3942681859375 0.87769948125 0.42693079999999994 0.9163193078124999 0.4529891140625 0.9607751171875 0.4304193859375 0.9895255546874999 0.3841111765625 0.9535111765625001 0.09079760625 0.94381834375 0.0919877375 0.911059546875 0.1216768703125 0.8850099796875 0.16594233281249998 0.8507062921875 0.24715487656250001
1 0.49740512187499997 0 0.47389785 0.047019275 0.47235295937500005 0.0985426859375 0.5150920859375 0.20622916562500002 0.53190810625 0.2229867828125 0.5564127828125 0.23024473125 0.6202542578125 0.20529474374999998 0.67995615 0.1466305515625 0.7243666296875 0.0675992984375 0.7322750859375 0 0.49740512187499997 0
1 0.73568801875 0 0.7326863640625 0.039199779687500005 0.7099484640625 0.11043660156249999 0.71326013125 0.137407965625 0.7611385484375 0.20681869218750001 0.783336028125 0.2674047734375 0.8385750375000001 0.2845780109375 0.8815468046875001 0.1697898046875 0.9114078921875001 0.11650072812500001 0.9056124750000001 0.0693008421875 0.8815420406250001 0.0175003515625 0.8702011781250001 0 0.73568801875 0
1 0.7231498015625 0.1618605265625 0.681546371875 0.15156866875 0.6241313921875 0.20481869062500002 0.5703967078125001 0.23194996875 0.557154803125 0.27635397031250003 0.5710981625 0.3738871359375 0.6497968109375 0.41384675312499997 0.722634428125 0.398058921875 0.7546309203125 0.370174509375 0.777020475 0.3041138296875 0.7674994328125 0.22657116249999998 0.7231498015625 0.1618605265625
1 0.7761412359375 0.7456917859375001 0.762788390625 0.7250866968749999 0.74603798125 0.71687664375 0.6901678921875 0.71860325625 0.6477162625 0.7494825203125 0.606355 0.82129488125 0.599559875 0.84608495625 0.5974495171875 0.9250557796875001 0.610368121875 0.9902034109375 0.771269159375 0.9704472484375 0.7961424625 0.9246150906249999 0.8061383125000001 0.8617872890625 0.7999289375 0.811215984375 0.7761412359375 0.7456917859375001
1 0.869020646875 0.8129993328125 0.8212078421875001 0.75213616875 0.790756240625 0.728497171875 0.77171891875 0.7257012890625 0.771022228125 0.7360535765625 0.7986870625 0.8011017218750001 0.8064210468749999 0.8480635812499999 0.8044621968750001 0.8962155718749999 0.7847735124999999 0.9602335015625 0.7906548265625 0.9680669875 0.8992145609375 0.954737528125 0.9048334234375 0.9283807578125 0.90152175625 0.9014093953125 0.8903245984374999 0.8582950078125 0.869020646875 0.8129993328125
1 1 0.4772429546875 0.9884149046875 0.39109204218750004 0.9523241578125001 0.4417237796875 0.9105692203125001 0.46225075625 0.9173237796875 0.533288609375 0.9333708203125 0.589323925 0.954615834375 0.5885990609375 1 0.5651379859375 1 0.4772429546875
1 0.5968590046875 0.8481277046875 0.6258265625 0.7795482218750001 0.6773602296875 0.7184647156249999 0.6868562265625 0.69163189375 0.6940855921875 0.6222992781250001 0.6834741828124999 0.5038235125 0.66439153125 0.444566103125 0.6287553109374999 0.4027413328125 0.5806394890625 0.403515840625 0.5409543421875 0.4408999203125 0.5306304296875 0.4609899015625 0.5066506546875 0.5221124640625 0.496240846875 0.5815688453125001 0.4907985390625 0.6814822687500001 0.4982497890625 0.7421678359375 0.51097155625 0.7816727765625 0.5317959359375 0.8150494687500001 0.5735962046874999 0.8509840171875 0.5968590046875 0.8481277046875
1 0.5109964734375 1 0.5517971625 0.9939727734374999 0.559788834375 0.922835434375 0.5516408921875 0.8725021546875 0.533800115625 0.8233590062499999 0.48792587656249997 0.7622578171875001 0.4610686765625 0.751866475 0.4273507375 0.757717640625 0.40151829218749996 0.77971183125 0.37137447031250004 0.8467246156250001 0.3667803625 0.9054669171875 0.38669093125 0.9714671687499999 0.40528862187500003 1 0.5109964734375 1
1 0.49441322187500003 0.6468159625000001 0.48186324531249997 0.5285782234374999 0.470252128125 0.4820924171875 0.4528253109375 0.4363206875 0.41941038906249994 0.380534184375 0.3913113140625 0.36002858125000003 0.3474865828125 0.36369845624999997 0.3094572703125 0.41456821718750003 0.29344888281250003 0.4524674046875 0.2892687328125 0.514581128125 0.30059711718750004 0.5747906421875 0.32908986875 0.6465816296875 0.36914840781249997 0.7083968953124999 0.41094867500000004 0.7443314453125 0.44584287656250005 0.7400469765625 0.4754868421875 0.70902916875 0.49441322187500003 0.6468159625000001
1 0.526273725 0.44954696875 0.5431100296875 0.418390621875 0.5547617125000001 0.36904850312500004 0.546765278125 0.2878963875 0.5368099953125001 0.2548962625 0.5056819859374999 0.1936955890625 0.467647909375 0.092275896875 0.4178965359375 0.0316507609375 0.398793603125 0.0203073125 0.3708913640625 0.025444401562500003 0.35932557656249997 0.035420121875 0.32931298125 0.119528034375 0.344366990625 0.21008033125 0.3630356828125 0.265966321875 0.41352907656250004 0.372700696875 0.43622641093750003 0.3972918 0.4625837578125 0.443678121875 0.48016208281250006 0.45863101562499997 0.501812015625 0.4568650515625 0.526273725 0.44954696875
1 0.276087678125 0.4152432390625 0.31925628281249996 0.326097725 0.341035040625 0.23102293125 0.32957543125 0.1537182890625 0.2908446640625 0.06265088437500001 0.2564503171875 0.030940375 0.2184412875 0.033896173437499996 0.184440615625 0.053471046875 0.1491121734375 0.102298059375 0.125894703125 0.1616158984375 0.1095176859375 0.2526051921875 0.1075588359375 0.3007571828125 0.1205430546875 0.374452378125 0.1480110515625 0.4138578328125 0.19880746093749999 0.4589545390625 0.24104197031250002 0.4503465453125 0.276087678125 0.4152432390625
1 0 0.24893111562499998 0.016400871875 0.2554828796875 0.05863538124999999 0.2468748859375 0.0832915640625 0.22331399843750002 0.10304586093749998 0.16784363124999999 0.10058239375 0.09970114531249999 0.08156535468750001 0.0489913 0 0.06001470625000001 0 0.24893111562499998
1 0.332906153125 0.7898474671875 0.339438828125 0.7308671375 0.33586471093750003 0.6697055187500001 0.2982445921875 0.5716572484375 0.2840185 0.48784779062499994 0.2476855859375 0.4563753078125 0.20039768125 0.4638926546875 0.17221271093749999 0.48275345156249994 0.1581428890625 0.5204146125 0.15158993125 0.627308903125 0.16028305781250002 0.69810873125 0.1865545078125 0.7838614515625 0.2152643796875 0.8333811671875001 0.2508349890625 0.8666583749999999 0.290434240625 0.86864069375 0.319250290625 0.8308800484375001 0.332906153125 0.7898474671875
1 0.3914253921875 1 0.3871048890625 0.9748385890625 0.3700920296875 0.9324382796874999 0.348570959375 0.9094138765625001 0.282397240625 0.8833165062500001 0.2428636015625 0.8898817515624999 0.2189697234375 0.9116379140624999 0.20448594375 0.9459276546875 0.1935709375 1 0.3914253921875 1
1 0.2145020765625 0.8351858906249999 0.1869684671875 0.787232871875 0.1687137328125 0.734718303125 0.15021683125000002 0.600099515625 0.12135545156250001 0.581398634375 0.0988549546875 0.582450225 0.061391109374999996 0.6058725703125 0.040808896875 0.654600096875 0.035386871874999996 0.7065995593750001 0.0436660390625 0.774027965625 0.0666258234375 0.8328093234375 0.1116721453125 0.8871676718750001 0.13465221249999998 0.898035065625 0.176886721875 0.889427071875 0.20500608125 0.8620187140625 0.2145020765625 0.8351858906249999
1 0.19222945625 0.4614733390625 0.14371995937499998 0.41096246406250003 0.1150100875 0.3614427484375 0.1068621453125 0.31110946875 0.11605036093750001 0.193624865625 0.10594356875 0.191443575 0.06340604375 0.2616892375 0.0575700609375 0.3103172796875 0.0605787109375 0.3989263125 0.0930595375 0.5352503390625001 0.12011357656249999 0.5712843734375 0.1435076015625 0.5855231890625 0.1516102140625 0.5793949421875 0.1603641890625 0.5064528796875 0.1752619265625 0.47553455937500005 0.19222945625 0.4614733390625
1 0 0.53058130625 0.0118819046875 0.6273516531250001 0.0188738671875 0.6282042703124999 0.0396529171875 0.6051194359375 0.05775137968750001 0.5361633875 0.064152828125 0.46008793125 0.057115535937499996 0.40277378593749996 0.04191001875 0.3430403234375 0.017425626562499998 0.2878684125 0 0.2720554953125 0 0.53058130625
1 0.150238590625 1 0.151993134375 0.9831731937500001 0.13554574218749998 0.9133254718750001 0.0831591109375 0.8632906484375 0.06301114062499999 0.8674756312499999 0.04292878125 0.880208178125 0.057637368749999994 1 0.150238590625 1