1 0.3892418734375 0.589582509375 0.42190641093750003 0.5584370390625 0.460427703125 0.47113460625 0.47853322656249997 0.3892844140625 0.47935971093749996 0.32472211406249996 0.47095558750000005 0.2908962421875 0.4537341 0.2555256515625 0.41201334687499996 0.2154868125 0.3673354390625 0.22985569374999998 0.3250846078125 0.2713602625 0.29005400312499996 0.3348209703125 0.2753798828125 0.3894332125 0.27449411874999996 0.45059929218750006 0.2911245203125 0.50806236875 0.32450215937500004 0.5737262624999999 0.3590026875 0.5918089640625 0.3892418734375 0.589582509375
1 0.6187897578125 0.646726353125 0.6502703953125 0.60371115 0.6684944828125 0.5286534031250001 0.6744680734374999 0.42323418124999995 0.667483246875 0.3588082265625 0.6090728109375 0.2579100890625 0.5903117375 0.190292434375 0.5695402828125 0.1753673453125 0.5268744828124999 0.1930983625 0.4973466734375 0.23607948125 0.48101613125 0.3077069171875 0.4810195859375 0.41981632500000005 0.4945149890625 0.5214984578124999 0.5169445921875 0.5754630515625 0.5560028703125 0.6308360203125 0.5924562265625 0.6488846359375 0.6187897578125 0.646726353125
1 0.8028332499999999 0.78280138125 0.8274493515625 0.738207371875 0.8787546718750001 0.711832409375 0.8892860109375 0.643703453125 0.8863846828125 0.589397990625 0.8695764374999999 0.5217462484375 0.830162471875 0.44599595000000003 0.7925844984375 0.41947382187500004 0.7475509031249999 0.4134653734375 0.7224605515625 0.43088961093749995 0.6968976765625 0.4771987765625 0.674886496875 0.559117140625 0.6741192953125 0.6270756625 0.6886783078125001 0.6777803812500001 0.7137703859375 0.7164108484375 0.7456677203125001 0.7532239015625 0.79011023125 0.781324834375 0.8028332499999999 0.78280138125
1 1 0.585079009375 0.9962069124999999 0.278330690625 0.9814125015625 0.27009578749999996 0.9131821015625 0.278081265625 0.8854885546875 0.314235853125 0.8713479671875 0.399414090625 0.8847248078125001 0.49430378125 0.9344957234375 0.6038458640625 1 0.66130204375 1 0.585079009375
1 0.746958090625 0.37950315625000003 0.7764266203125 0.33312581875 0.7929350046875 0.2716870453125 0.785535209375 0.18348753906249998 0.764999153125 0.1260926359375 0.711974675 0.053977165625000004 0.6567026921875 0.020969375000000002 0.6236231859375 0.028341293750000003 0.5997760140625 0.061031484375 0.5925575171874999 0.09513005 0.5946323609374999 0.2139978125 0.6191926359375 0.2781169859375 0.6524517125 0.3369884359375 0.7088483125 0.3784697359375 0.746958090625 0.37950315625000003
1 0.9968204515625001 0.98494934375 0.9894206562500001 0.8967498375 0.97509876875 0.8596300046875 0.9294706328125001 0.763604634375 0.8857377703125 0.720203659375 0.8294021796875001 0.738173284375 0.8112949265625 0.7639687703125 0.8039578671875001 0.7912748921875 0.8075112890625 0.88293879375 0.8426063578124999 0.9910384171875 0.9968204515625001 0.98494934375
1 0.6998703765625 0.9272833796875 0.7351973890625 0.88080378125 0.7425344484374999 0.8534976593750001 0.7437166203125 0.8093126906249999 0.7289204828125 0.7450230828125 0.6998041875000001 0.699668346875 0.63648376875 0.6532120156250001 0.55055935625 0.6547118328125 0.5401448515625 0.6735785296875 0.531269934375 0.724692290625 0.5383140421875 0.7925144671875 0.603114765625 0.8678216375 0.635249225 0.9182195765625 0.6677376453125 0.93294014375 0.6998703765625 0.9272833796875
1 0.3855244265625 0.936167565625 0.4317401921875 0.8979910437499999 0.517718703125 0.731723340625 0.52789435625 0.6432170546875 0.5130389375 0.575531225 0.49001824843749997 0.5436591156249999 0.47463275312500003 0.5575166968749999 0.425812065625 0.558368865625 0.4008402765625 0.5825855453125001 0.35699230625 0.64450153125 0.323914528125 0.7079281546875 0.30355976875 0.7728313203125 0.29847194374999997 0.817084465625 0.32747140468749997 0.9117014609374999 0.355285240625 0.9383940203125001 0.3855244265625 0.936167565625
1 0.2455694828125 0.86387084375 0.280009003125 0.8225026203124999 0.305334753125 0.7626085687499999 0.313972546875 0.6979099203125 0.30071426875 0.6098126749999999 0.2595828734375 0.4916266484375 0.226442359375 0.439547640625 0.2006999140625 0.41961343749999996 0.173301046875 0.41669442968750003 0.11921468906249999 0.4516110765625 0.099332453125 0.487629315625 0.090694659375 0.5523279624999999 0.093951675 0.6270107546875 0.1111156078125 0.7150398296875 0.1357351640625 0.7825552234375001 0.1748527234375 0.8413244140625 0.20947181406249998 0.8661995609375 0.2455694828125 0.86387084375
1 0.2498170078125 0.43574237812499994 0.2710017046875 0.41838631406250004 0.2844326453125 0.34850811875 0.3315341765625 0.24916551875 0.32726937968750003 0.1167469546875 0.306733321875 0.059352051562499994 0.27590132343749996 0.0276162890625 0.23885688124999999 0.0316601578125 0.20039314375 0.06630411093750001 0.1637061171875 0.14678001406250002 0.14956552812499999 0.2319582515625 0.1513439671875 0.3338449078125 0.1597480890625 0.36767077812500004 0.18087523125 0.40297319531250003 0.22732985156250002 0.4344362640625 0.2498170078125 0.43574237812499994
1 0.49563658593750004 0 0.3789862140625 0.0020361390625 0.3742523484375 0.0106119109375 0.369698053125 0.0854310515625 0.38236351874999996 0.139566078125 0.4156818765625 0.2018337515625 0.45420662343749996 0.226640721875 0.49805632031249997 0.22077943906250003 0.548531703125 0.146857371875 0.5590630421875 0.078728415625 0.5470658171875 0 0.49563658593750004 0
1 0.790038859375 0.3855456921875 0.8345389234375 0.3609881453125 0.8849550234375 0.28366985625 0.8958420515625001 0.23591823125000003 0.8932964109375 0.2019900984375 0.87459461875 0.137768665625 0.8535267578125 0.10586246875000001 0.80843388125 0.09645779843749999 0.7689640890625 0.129420684375 0.7876065999999999 0.1902458953125 0.7946507078125 0.258068071875 0.7802137124999999 0.3262652015625 0.7518105187499999 0.377719828125 0.763705328125 0.387703975 0.790038859375 0.3855456921875
1 0.9828355359375 0 0.945602603125 0.009132095312500001 0.90317565625 0.096502703125 0.8905136453125 0.15447708124999998 0.8960198953124999 0.24610689687499998 0.883180040625 0.29389260781250004 0.8853699921875 0.307443409375 0.9228276765625001 0.2711183890625 0.99608835 0.271538246875 0.9903784968749999 0 0.9828355359375 0
1 0.664839771875 0.9907440875000001 0.628266125 0.9098483249999999 0.589207846875 0.8544753578125001 0.5434035953125 0.804316025 0.5021570921875 0.791446959375 0.47517319375 0.8123015046875001 0.4366519015625 0.8996039390625 0.43541045 0.9403926874999999 0.45594650625 0.9977875890625001 0.664839771875 0.9907440875000001
1 0.1479683890625 0.2523696703125 0.167374646875 0.133126953125 0.2203346609375 0.033682093749999996 0.2130551546875 0.0083297328125 0.0684866359375 0.0074559296875 0.052450775000000005 0.0400097734375 0.043516575 0.08772731406249999 0.0507978078125 0.16913437656250002 0.0901524921875 0.24148845312499997 0.1266058484375 0.25953706875 0.1479683890625 0.2523696703125
1 0.08549172499999999 0.70189806875 0.0826496796875 0.6509888296875 0.0701620578125 0.607042465625 0.045069978125 0.568412 0.007551285937500001 0.5452860953124999 0.00074603125 0.5471035093750001 0.0056663765625000004 0.8289899187499999 0.0280349703125 0.8235035875 0.0491011046875 0.79935508125 0.07649824375 0.7462193859374999 0.08549172499999999 0.70189806875