0 0.1594978984375 0.48707928593750005 0.0908083375 0.254960115625 0.08320602499999999 0.23313333125 0.0644531640625 0.1998001015625 0.05241757968750001 0.2189138453125 0.05419574687499999 0.26983389375 0.08668357343750001 0.4726279703125 0.12377844062500001 0.5834933046875 0.167108309375 0.621066503125 0.18455718125 0.6170583656249999 0.19464082968750002 0.5980127828125 0.1739360328125 0.564747715625 0.1594978984375 0.48707928593750005
0 0.2178659921875 0.3117017375 0.207039415625 0.2814905234375 0.1812769640625 0.24330385781250002 0.15483490625000002 0.2136379484375 0.1480624046875 0.215573853125 0.1315618890625 0.2467393515625 0.1289620078125 0.284217046875 0.1440480875 0.3244759453125 0.16458721406250001 0.5208896578125 0.1781955375 0.5747953984375 0.195557525 0.5962813671875 0.2132434875 0.5990625703125 0.2330868125 0.579676171875 0.2420719 0.5011897859375 0.2178659921875 0.3117017375
0 0.315550365625 0.7025524375 0.33740894843749997 0.7408754296875 0.3664508875 0.73306364375 0.37801229375 0.70037121875 0.377698915625 0.5817398828125 0.3742550765625 0.5099112703124999 0.3653847515625 0.45444787187499996 0.3619300453125 0.435996671875 0.3616050609375 0.4105939546875 0.36369274375 0.36309215 0.37692947656250003 0.32587488750000004 0.3735829390625 0.3083016 0.360238403125 0.28563430312500004 0.346260496875 0.2877515265625 0.3240364828125 0.33808543125 0.31657101249999997 0.37646725000000003 0.3170914796875 0.43965844374999996 0.3140822265625 0.4661550390625 0.310976803125 0.49526160468749997 0.30998687343750003 0.655163384375 0.315550365625 0.7025524375
0 0.299096975 0.56717461875 0.3057744953125 0.47857238437499994 0.3144672703125 0.4476795390625 0.311148025 0.35262878125 0.3082719828125 0.312369784375 0.2947029796875 0.3533445671875 0.27477252343749997 0.3742918984375 0.262120653125 0.4597039515625 0.2377571734375 0.545524984375 0.2372910921875 0.6441067390625 0.2460471890625 0.6709914453125 0.2653611125 0.6924092500000001 0.2846433765625 0.6849382796875 0.30389397812499996 0.6485785328125 0.299096975 0.56717461875
0 0.5295990984375 0.5081431624999999 0.5116127265625 0.44079506874999996 0.47431243125 0.3520291703125 0.4500593984375 0.3290844359375 0.4413349609375 0.33108850625 0.42702346875 0.3689751796875 0.431069990625 0.42175279843749997 0.447025096875 0.4940326625 0.46614169062500005 0.6497103375 0.49480443281250003 0.7149861984375 0.5340802265625 0.7204122765625 0.5479491999999999 0.6978357 0.5542158625 0.6534323390625 0.5506043046875 0.605975121875 0.5295990984375 0.5081431624999999
0 0.5958073234375 0.7811346984374999 0.6172705125 0.66822446875 0.62103964375 0.44037260624999996 0.6334544234374999 0.3481712125 0.629076375 0.334728859375 0.6208261171875 0.350311609375 0.5950084421875 0.3665078234375 0.5711191390625 0.46590753593749995 0.5748492421875 0.5167594203125 0.569530934375 0.5883201421875001 0.5469456218750001 0.7250612234375 0.5509128125 0.7827024484375 0.5701081921875 0.8007255828125001 0.5818198031249999 0.8003166046875 0.5958073234375 0.7811346984374999
0 0.6224069531249999 0.535491528125 0.6249832718749999 0.581285490625 0.661003140625 0.5494383609375 0.7054786953125001 0.47990904843750004 0.798183471875 0.308430653125 0.8065206140625 0.267353796875 0.80178693125 0.243727434375 0.7913159890625 0.22370023125 0.7794572875 0.195692896875 0.7639572359375 0.19576573749999998 0.748341753125 0.1963110421875 0.7217259281249999 0.21763334531249998 0.6929527375 0.261123246875 0.6771318281250001 0.2837679875 0.6670481796875001 0.30281356875 0.6589164656250001 0.3217909875 0.631976665625 0.36181805625 0.624232246875 0.4198682609375 0.622983434375 0.4963334671875 0.6224069531249999 0.535491528125
0 0.91290513125 0.3197191265625 0.9349058203125 0.27816513125000003 0.939755540625 0.25324922656250004 0.9260311781249999 0.24788575468750002 0.9053897031249999 0.2723982375 0.8194493296875001 0.3297802953125 0.7258830828125 0.4486072265625 0.6611216843750001 0.5528330312499999 0.6227073640625 0.60005841875 0.6145520875 0.7023074953124999 0.6313213531249999 0.7068201140625 0.6501294375 0.6857704640625 0.8094606625 0.4354922046875 0.91290513125 0.3197191265625
0 0.749504365625 0.733282359375 0.8230770843749999 0.601558378125 0.8807420078125 0.51797324375 0.894018259375 0.4784233171875 0.9927842703125 0.2846409953125 0.9874895265625 0.2729300578125 0.9532713875000001 0.2724255765625 0.94064308125 0.274565971875 0.9148570671874999 0.3196509625 0.8114125984375 0.43542404062499995 0.737602790625 0.56035868125 0.6630817171875 0.664925303125 0.6518759453125 0.7078017375 0.66110621875 0.7482651234375 0.6785867515625 0.7731457609375 0.7022470640625 0.77911714375 0.749504365625 0.733282359375
0 0.7797950703125001 0.8171948234374999 0.9138696828124999 0.5711973546875 0.993890928125 0.4562422328125 0.9984744046875 0.4475851515625 0.9914883781249999 0.35946005937500003 0.97347844375 0.3753836234375 0.93840693125 0.4343881109375 0.9078481375 0.469910834375 0.8808605515625001 0.5213679140624999 0.8231956281249999 0.6049530484375001 0.786764903125 0.6809990484374999 0.7338020000000001 0.7593217703125 0.735224534375 0.8000578078125 0.7527050671875 0.824938446875 0.7797950703125001 0.8171948234374999
0 0.9695274484375 0.5420632640624999 0.9997783953124999 0.48492652031250005 0.9948076234375 0.4545108171875 0.9138696828124999 0.5711973546875 0.8159018234375001 0.759853590625 0.8433158000000001 0.7334052015625 0.9695274484375 0.5420632640624999
0 1 0.55547846875 0.9961116125 0.49185218593749996 0.923337046875 0.6184500796875 0.822674325 0.757917684375 0.81625745625 0.7700376 0.8185650250000001 0.780153446875 0.83799749375 0.8049659218749999 0.8771547421875001 0.8069973296875 0.9617911250000001 0.7122739046875 1 0.6496549328125 1 0.55547846875
0 0.9068910234375 0.1754797359375 0.9033111249999999 0.1569112953125 0.8828750781249999 0.15932434374999999 0.8459385140625001 0.1929028890625 0.8082354593750001 0.26049629531249996 0.7964686249999999 0.31528815625 0.7633490484375 0.3742244796875 0.7500727953124999 0.4137744078125 0.8098081984375 0.33351578125 0.8696938078124999 0.2855406 0.879864340625 0.24100091093749998 0.8983167921874999 0.20976725156249998 0.9068910234375 0.1754797359375
0 0.2685529859375 0.25215194531249996 0.275333584375 0.3623764734375 0.3005585375 0.3292069078125 0.313447496875 0.2505841953125 0.3117245515625 0.1452812625 0.3091798953125 0.1283760765625 0.3033240890625 0.128580565625 0.2848716375 0.1598142265625 0.2685529859375 0.25215194531249996
0 0.44293126406249994 0.3208363328125 0.484783375 0.37205637343750003 0.4931440796875 0.2477078609375 0.5083722671875 0.20808977031250003 0.488971459375 0.21216607187499997 0.46188145625 0.21990969531250001 0.44641617968749997 0.2527384453125 0.44293126406249994 0.3208363328125
0 0.4270640109375 0.4063606703125 0.4260311625 0.3695813921875 0.43929770625 0.328359075 0.44347146562499995 0.24389812812499997 0.44559369843749996 0.159908365625 0.4432763765625 0.1396097921875 0.42198287968750003 0.1615320078125 0.4118458109375 0.20024750937500002 0.3996933625 0.26021201875 0.39723386875 0.2950629421875 0.39765480468750003 0.346596434375 0.393662128125 0.43624583906250003 0.38785963749999997 0.5708725765625 0.3910603390625 0.6625286640625 0.41280037500000005 0.6974569859375 0.43231972656249995 0.6967753562500001 0.4445924 0.68445095 0.4514517859375 0.6570209390625 0.4545810671875 0.5787390421875 0.45061387656249996 0.521097815625 0.4270640109375 0.4063606703125
0 0.70060226875 0.2035684359375 0.7512860484375 0.150237990625 0.7347056281250001 0.129375875 0.7098646765625001 0.1409639265625 0.6935180937500001 0.1604232703125 0.6676111828125 0.1751114734375 0.6090004421875 0.20319376875 0.5884332718749999 0.2341838609375 0.5369797875 0.327748515625 0.5130904843749999 0.427148225 0.5247925640625 0.48180460468749997 0.5389162562500001 0.52311244375 0.5648524765625 0.510310896875 0.578982103125 0.41125200156249997 0.594771353125 0.359718484375 0.6242558093749999 0.336596603125 0.6524362765625 0.27613335 0.70060226875 0.2035684359375
0 0.3644429984375 0.36776172812499996 0.363795053125 0.40517126093750006 0.3636681734375 0.437484009375 0.37385849375 0.492870471875 0.3809990484375 0.551319490625 0.38592336562499996 0.5532589765625 0.3880227421875 0.5160241125 0.393768875 0.39547067812500003 0.3956739609375 0.36667111874999997 0.3851949203125 0.23448348125 0.37413125625 0.1974829265625 0.34478890624999997 0.1407278203125 0.320535871875 0.11778308906249998 0.3172799484375 0.0805098828125 0.31142414218750003 0.080714371875 0.3113136953125 0.1894801359375 0.32086794375 0.21123875625 0.324566384375 0.23320186718749997 0.328889209375 0.3010271015625 0.33418395312500004 0.3127380390625 0.344947209375 0.2851717015625 0.360562690625 0.284626396875 0.3760912890625 0.30957519843750003 0.378754490625 0.3298750546875 0.3644429984375 0.36776172812499996