0 0.6986636734375 0.633467725 0.6878448015624999 0.6136263140625 0.6729422234375 0.5531821140625001 0.6291132671875 0.31397964843750004 0.5899114125 0.2003865078125 0.5785617453125 0.189076415625 0.562958159375 0.189894165625 0.5457621875 0.2163058734375 0.547717675 0.2536187984375 0.597032353125 0.41090015468749996 0.6236477 0.5455613296874999 0.6419178609375 0.5956248390625001 0.6621359499999999 0.6268785593749999 0.68359088125 0.6257541546875001 0.6949405468750001 0.637064246875 0.6986636734375 0.633467725
0 0.9892351187499999 0.2815008578125 0.9647605890625 0.24366740625 0.86226056875 0.15379998749999998 0.840627865625 0.1515323078125 0.8097787562500001 0.17865954687500002 0.8067667171874999 0.195824403125 0.8120872671875 0.20404906718750002 0.8427661640625 0.229652459375 0.9919117703125 0.40721240468750003 0.9892351187499999 0.2815008578125
0 0.9970595875000001 0.44946012656249995 0.9286060468749999 0.374815409375 0.7661552875 0.14863245 0.7445225843750001 0.1463647703125 0.7292770609375 0.172674259375 0.72892655625 0.203305234375 0.7367308687499999 0.22160393125 0.7948988546875 0.2865834890625 0.8353350328125 0.34909093125 0.9162023484375 0.436690671875 0.9463529703125 0.48953295468749997 0.9988448625 0.53950368125 0.9970595875000001 0.44946012656249995
0 1 0.5754094546874999 0.912301453125 0.436895109375 0.833384584375 0.34919315 0.74488820625 0.22797922499999998 0.702328846875 0.19959706093750001 0.677150790625 0.2043179875 0.66367794375 0.2271331734375 0.655170103125 0.2513888546875 0.65694781875 0.2853096953125 0.669008571875 0.310188121875 0.7434912296875 0.3879182671875 0.8459962890625 0.5152008296874999 0.9791752062500001 0.6306716406249999 1 0.6601913984375 1 0.5754094546874999
0 1 0.6610105515625 0.9855598656250001 0.6405412375 0.844045840625 0.5153030484375 0.75395455625 0.400975509375 0.6420528 0.280988209375 0.6243209937499999 0.27851609375 0.6198893015625 0.2872518484375 0.654303921875 0.4027965765625 0.6888837156250001 0.4281955328125 0.8591312296875 0.6165544749999999 0.9779408828125 0.6817573375 1 0.7024859078125 1 0.6610105515625
0 0.5328780859375 0.66086388125 0.54457825625 0.641543 0.56672915625 0.5417415 0.5715088328125 0.4836671984375 0.5677655515625 0.3376031484375 0.5578304984375 0.2973070140625 0.5399184015625 0.27273524375 0.50144275 0.28495586875 0.4883254453125 0.31455522343750003 0.48265691093749996 0.35566910625000003 0.49244442812500006 0.6170640125 0.48730416875 0.6309390046875001 0.5087641390625001 0.6672297421875 0.5328780859375 0.66086388125
0 0.4362495671875 0.720350378125 0.4495446421875 0.6941431078125 0.44599425000000004 0.663716571875 0.4312744828125 0.6440795984375 0.42080611562500003 0.5936072125 0.41351747968749997 0.4545317671875 0.386191046875 0.30630225625 0.37200207500000004 0.2781339640625 0.34611293125000003 0.26928655468749996 0.325193834375 0.299294784375 0.32750990468749996 0.38080701875 0.3564312421875 0.5221501421875 0.37115101093749997 0.541787115625 0.3679612 0.555559890625 0.38286881875 0.6534192328125 0.42153231875 0.7194209781249999 0.4362495671875 0.720350378125
0 0.400610703125 0.730721634375 0.37843460625 0.64344741875 0.37080050625 0.572418090625 0.36370476093750004 0.5489801578125 0.34934053593750003 0.536127353125 0.3544807953125 0.5222523609375 0.32929265937499996 0.4521430015625 0.3168688046875 0.36435769218749997 0.2947002671875 0.333206190625 0.2711171171875 0.3310407296875 0.253037325 0.37790715937499997 0.2601381109375 0.4387602359375 0.274685146875 0.49242026875 0.3094477515625 0.55862645 0.3477607484375 0.65525916875 0.3811011796875 0.694328678125 0.39706535 0.7377102390625 0.400610703125 0.730721634375
0 0.28181112812500003 0.7403490578125 0.286946346875 0.689058921875 0.2748629171875 0.49581235156250003 0.260671425 0.4489364875 0.24098665156250001 0.42785901875 0.22148216875 0.4288812046875 0.2058811015625 0.4484065265625 0.1980893859375 0.5236456859375 0.2011165421875 0.6187262578125 0.212118225 0.6793748953125001 0.2128393890625 0.7677735171875 0.2428122390625 0.8172237156250001 0.28181112812500003 0.7403490578125
0 0.43569357656249996 0.5418059828125 0.4184875265625 0.49338740468750003 0.4181395421875 0.5427259515625 0.42434642968749997 0.5492034625 0.43569357656249996 0.5418059828125
0 0.5910536296875 0.7819661546875001 0.5649816750000001 0.73231151875 0.5490124671875 0.6515148140625 0.5438696890625 0.6466822343749999 0.51195646875 0.6721645406250001 0.5252666625 0.7582026984375 0.5509805531249999 0.7823655953124999 0.5722577125 0.7778491062499999 0.5775782625 0.7860737703125 0.5910536296875 0.7819661546875001
0 0.41286686406250006 0.8899451453125 0.41197800625000003 0.8729847265625 0.39743097031249996 0.8193246937499999 0.38358494374999996 0.7044027109375001 0.345632528125 0.651969303125 0.317785378125 0.587101396875 0.34795363749999997 0.77089668125 0.3777537546875 0.8543699390624999 0.40701551875 0.8902518015625001 0.41286686406250006 0.8899451453125
0 0.7553459499999999 0.71156385 0.7838757562499999 0.7251859984375 0.8182388328125001 0.7505963125 0.850868178125 0.7760974859374999 0.8545726703125001 0.7804385421875 0.8652888593749999 0.7692947953125 0.8712734328125 0.7342112828125 0.8754452640625001 0.697711040625 0.8651151640625001 0.6498769421875 0.8441478828125 0.6146941859374999 0.798355290625 0.5702303328125 0.7738415375 0.533721703125 0.747515040625 0.495796340625 0.728676540625 0.46806068749999996 0.710154078125 0.446355403125 0.686430421875 0.42492270468750004 0.6725583265624999 0.4090206390625 0.6653073609375 0.4033537140625 0.659160290625 0.40216413281249996 0.646866146875 0.39978497343749997 0.649392215625 0.4313989953125 0.6546769 0.4658919078125 0.6576747843749999 0.4899225328125 0.66280145 0.5214002640625 0.6668242203125 0.54840064375 0.6737636265625 0.581295103125 0.6814118796875 0.6111289484375 0.6896109625 0.634886990625 0.7038758640625 0.6416980671875 0.723030403125 0.6754640937499999 0.7553459499999999 0.71156385
0 0.2012247765625 0.47151552499999994 0.2047690109375 0.45621244218749996 0.220291346875 0.43725815 0.2164288359375 0.42990190625 0.21272434375 0.42556084843750003 0.2060242046875 0.4138181203125 0.20153185625 0.41103008750000003 0.1971975265625 0.4112572390625 0.181751959375 0.415090175 0.1603195796875 0.43737766718750004 0.15307085468749998 0.4483396921875 0.1455873375 0.4714078921875 0.1392077171875 0.4989534390625 0.132986115625 0.529514171875 0.127552371875 0.5585218796875 0.1273988328125 0.5887645984375001 0.126222646875 0.632666515625 0.1248906828125 0.6901821984375001 0.13088869218750002 0.754872403125 0.13475568437500002 0.7954865484375 0.1383043953125 0.8134413703125001 0.1511516046875 0.8263736796875 0.1606871296875 0.8258739437499999 0.1675430484375 0.824002909375 0.168326425 0.7891919796875 0.1714756109375 0.766350934375 0.1762750390625 0.7086535281249999 0.1756384828125 0.6633348812500001 0.1796522953125 0.6238194515625 0.1846909921875 0.5872737781249999 0.18925563125 0.5416825453125 0.19657888750000002 0.4989702109375 0.203274546875 0.477455034375 0.2012247765625 0.47151552499999994
0 0.5694303984375 0.6306032515625 0.57786650625 0.6588840734375 0.59355134375 0.6762028703125 0.6075814562499999 0.69512011875 0.6374521859375 0.7177424 0.6521121359375 0.7320914375 0.6697677328125 0.753842153125 0.6808812109375 0.7668653234375 0.692861553125 0.7798430625 0.7090972171875001 0.7910860546875 0.73226780625 0.801965603125 0.76316118125 0.8109286859375 0.7826272796875 0.81746718125 0.8013845312500001 0.8270662906249999 0.81919590625 0.8352032359375 0.843154353125 0.8445297625 0.8734946609375 0.8429396953125 0.8926447203125001 0.8434478171875 0.905805728125 0.84578154375 0.9120295687500001 0.8318497640625001 0.8812152046874999 0.8243942765625001 0.85765180625 0.8226057109375 0.8143040296875 0.7916193328125 0.772610978125 0.7590345015625 0.75148791875 0.7374655109375 0.7385616984375 0.7230256093749999 0.728236078125 0.7084494140625 0.7179104578125 0.6938732203125 0.7046682 0.6734029500000001 0.6982050906249999 0.6661829984375001 0.686224746875 0.653205259375 0.6785787328125 0.640000365625 0.668332121875 0.626931765625 0.6534351421875 0.608059946875 0.6432675406249999 0.5964989390625 0.6251378875 0.5657026703125 0.6183587390625 0.5524523453125 0.6146520062499999 0.5314823375 0.6047959640625 0.4926937953125 0.592973640625 0.482731240625 0.585722675 0.47706431406250005 0.58028445 0.47281412031250003 0.576582196875 0.4851020140625 0.555319034375 0.5935494546875 0.562886040625 0.60524675625 0.5694303984375 0.6306032515625
0 0.4542526984375 0.32371059999999996 0.44124746875 0.30776310625000003 0.43328765625 0.3051567953125 0.4194968109375 0.307391278125 0.41295917187500003 0.3319216390625 0.40918014999999996 0.35933089375 0.41131340937500005 0.4000359015625 0.4192799390625 0.4525290703125 0.4244856140625 0.485514390625 0.434501915625 0.5439470703125 0.44262422656249995 0.5828264703125 0.4535073953125 0.6412137203125 0.464627590625 0.704123746875 0.47968706718750004 0.7592686578125 0.49963170312500005 0.8081106109375 0.5217028781249999 0.84777071875 0.552126675 0.880946146875 0.5804194500000001 0.8900455234375 0.6130443171875 0.8822887921874999 0.5819139140625 0.8688029296875 0.5535421281249999 0.8581959640625 0.538487128125 0.8363089562500001 0.5295001921875 0.8141039390625 0.5200347171875 0.7495954593749999 0.5177434390625 0.7058752640625 0.5113548609375 0.666905003125 0.5047314921875 0.6400409140625001 0.4979501046875 0.6101616359375 0.494241134375 0.572562678125 0.4884033828125 0.5275166125 0.4861911140625 0.48530400937499996 0.486263403125 0.43692474687500005 0.48365832812500004 0.40380313125 0.477667034375 0.3889997875 0.46867785937499995 0.3501658140625 0.4542526984375 0.32371059999999996