1 0.259765625 0.7319972828125 0.23828125 0.6810461953125 0.2099609375 0.6419836953125 0.1904296875 0.631793478125 0.1474609375 0.63858695625 0.1357421875 0.6487771734375001 0.109375 0.7048233703125 0.09765625 0.7659646734375001 0.099609375 0.8033288046875 0.111328125 0.8440896734375001 0.1357421875 0.8831521734375001 0.1728515625 0.9069293484375001 0.20703125 0.9052309781250001 0.2353515625 0.8831521734375001 0.259765625 0.8372961953125 0.267578125 0.7931385875 0.259765625 0.7319972828125
1 0.41796875 0.65047554375 0.3876953125 0.5944293484375 0.3681640625 0.580842390625 0.3408203125 0.5842391296875 0.2841796875 0.631793478125 0.267578125 0.6640625 0.259765625 0.708220109375 0.26953125 0.7965353265624999 0.28515625 0.83389945625 0.3212890625 0.8831521734375001 0.357421875 0.8916440218749999 0.3896484375 0.87296195625 0.41015625 0.8372961953125 0.4296875 0.7387907609375 0.41796875 0.65047554375
1 0.3525390625 0.580842390625 0.3515625 0.57235054375 0.3369140625 0.5502717390625 0.3037109375 0.5298913046875 0.2705078125 0.53328804375 0.2314453125 0.567255434375 0.20703125 0.6368885875 0.259765625 0.7150135875 0.26171875 0.684442934375 0.2783203125 0.63858695625 0.3076171875 0.6080163046875 0.3525390625 0.580842390625
1 0.568359375 0.762567934375 0.556640625 0.72860054375 0.5322265625 0.696331521875 0.5029296875 0.682744565625 0.4677734375 0.68953804375 0.4482421875 0.7065217390625 0.427734375 0.748980978125 0.421875 0.7829483703125 0.423828125 0.840692934375 0.4638671875 0.9137228265624999 0.5048828125 0.9408967390624999 0.52734375 0.9391983703125 0.5478515625 0.9273097828125 0.572265625 0.878057065625 0.576171875 0.8135190218749999 0.568359375 0.762567934375
1 0.5498046875 0.7133152171875 0.560546875 0.65047554375 0.546875 0.5621603265624999 0.4990234375 0.5061141296875 0.4658203125 0.48573369531250005 0.4326171875 0.48573369531250005 0.4130859375 0.5061141296875 0.39453125 0.541779890625 0.38671875 0.5893342390625 0.416015625 0.643682065625 0.431640625 0.7184103265624999 0.439453125 0.7184103265624999 0.4658203125 0.68953804375 0.4853515625 0.682744565625 0.5185546875 0.6861413046875 0.5498046875 0.7133152171875
0 0.5634765625 0.5638586953125 0.5478515625 0.5570652171875 0.560546875 0.6266983703125 0.552734375 0.7184103265624999 0.57421875 0.786345109375 0.576171875 0.8644701093749999 0.595703125 0.8712635875 0.615234375 0.8305027171875 0.603515625 0.708220109375 0.578125 0.5893342390625 0.5634765625 0.5638586953125
0 0.6181640625 0.540081521875 0.5966796875 0.540081521875 0.6064453125 0.5434782609375 0.609375 0.5587635875 0.58984375 0.565557065625 0.583984375 0.6165081515625 0.603515625 0.698029890625 0.61328125 0.776154890625 0.6259765625 0.79483695625 0.638671875 0.7931385875 0.658203125 0.748980978125 0.638671875 0.5961277171875 0.6171875 0.5553668484375 0.6181640625 0.540081521875
0 0.720703125 0.643682065625 0.71484375 0.59952445625 0.6884765625 0.53328804375 0.6630859375 0.5298913046875 0.650390625 0.551970109375 0.662109375 0.5757472828125 0.662109375 0.5893342390625 0.650390625 0.59952445625 0.66015625 0.721807065625 0.650390625 0.8372961953125 0.658203125 0.8372961953125 0.6728515625 0.8254076093749999 0.7021484375 0.8355978265624999 0.720703125 0.7421875 0.720703125 0.643682065625
0 0.7548828125 0.526494565625 0.7177734375 0.53328804375 0.708984375 0.5621603265624999 0.734375 0.6640625 0.7587890625 0.7133152171875 0.7744140625 0.7302989125 0.78515625 0.72860054375 0.798828125 0.708220109375 0.798828125 0.6742527171875 0.763671875 0.541779890625 0.7548828125 0.526494565625
0 0.8271484375 0.6623641296875 0.8330078125 0.6725543484375 0.837890625 0.65047554375 0.830078125 0.6368885875 0.82421875 0.5825407609375 0.8095703125 0.553668478125 0.7880859375 0.546875 0.775390625 0.5587635875 0.7734375 0.5825407609375 0.78125 0.619904890625 0.798828125 0.65047554375 0.798828125 0.708220109375 0.7900390625 0.7269021734375001 0.775390625 0.735394021875 0.7734375 0.7795516296875 0.7841796875 0.8186141296875 0.8046875 0.8237092390624999 0.814453125 0.8135190218749999 0.826171875 0.75577445625 0.82421875 0.670855978125 0.8271484375 0.6623641296875
2 0.98828125 0.3991168484375 0.9677734375 0.3634510875 0.9248046875 0.33627717343749997 0.8935546875 0.3430706515625 0.8603515625 0.370244565625 0.849609375 0.4025135875 0.84375 0.463654890625 0.84765625 0.5689538046875 0.8583984375 0.580842390625 0.8759765625 0.567255434375 0.9130859375 0.567255434375 0.9404296875 0.5842391296875 0.9638671875 0.6148097828125 0.97265625 0.6131114125 0.986328125 0.5893342390625 0.998046875 0.5383831515625 1 0.44667119531250005 0.98828125 0.3991168484375
2 0.9169921875 0.2615489125 0.9013671875 0.24796195625 0.884765625 0.2496603265625 0.8984375 0.21569293437499998 0.8916015625 0.2038043484375 0.8896484375 0.2173913046875 0.8662109375 0.227581521875 0.8486328125 0.21399456562500002 0.8369140625 0.227581521875 0.8154296875 0.2241847828125 0.791015625 0.24626358750000002 0.822265625 0.3413722828125 0.8349609375 0.35326087031250003 0.8466796875 0.3294836953125 0.85546875 0.344769021875 0.857421875 0.371942934375 0.8974609375 0.3396739125 0.9326171875 0.33627717343749997 0.9375 0.3243885875 0.9169921875 0.2615489125
2 0.769097221875 0.1585144921875 0.7560763890625 0.1585144921875 0.7673611109375 0.181159421875 0.7725694437499999 0.2113526578125 0.7795138890625 0.2370169078125 0.7821180562500001 0.2445652171875 0.792534721875 0.247584540625 0.8194444437499999 0.22493961406250002 0.839409721875 0.22192029062500002 0.8567708328125001 0.22795893750000001 0.8532986109375 0.21890096718750002 0.8428819437499999 0.2128623171875 0.832465278125 0.1992753609375 0.8185763890625 0.188707728125 0.769097221875 0.1585144921875
2 0.9149305562500001 0.1781400984375 0.9201388890625 0.1539855078125 0.918402778125 0.1403985515625 0.9157986109375 0.11171497500000001 0.9071180562500001 0.08907004843750001 0.878472221875 0.0603864734375 0.8732638890625 0.0603864734375 0.8567708328125001 0.0603864734375 0.8272569437499999 0.05736715 0.8072916671874999 0.0558574890625 0.792534721875 0.07246376875 0.7734375 0.09661835937499999 0.7647569437499999 0.11926328593749999 0.7569444437499999 0.14492753593750002 0.7517361109375 0.169082125 0.7526041671875 0.1721014484375 0.7734375 0.16455314062499998 0.7960069437499999 0.161533815625 0.8125 0.169082125 0.8272569437499999 0.181159421875 0.8359375 0.1917270546875 0.8498263890625 0.21890096718750002 0.8619791671874999 0.2370169078125 0.8663194437499999 0.2370169078125 0.870659721875 0.226449275 0.8854166671874999 0.1977657015625 0.9036458328125001 0.1841787453125 0.909722221875 0.18266908125 0.9149305562500001 0.1781400984375
2 1 0.15549516875 0.9991319437499999 0.13586956562500002 0.9895833328125001 0.131340578125 0.965277778125 0.1343599015625 0.9435763890625 0.14794685937500002 0.9236111109375 0.169082125 0.9071180562500001 0.1992753609375 0.9045138890625 0.2128623171875 0.8888888890625 0.24003623125 0.902777778125 0.249094203125 0.9131944437499999 0.2626811609375 0.9288194437499999 0.2823067640625 0.9444444437499999 0.3275966203125 0.948784721875 0.333635265625 0.9626736109375 0.35175120625 0.973090278125 0.35477053281250004 0.9835069437499999 0.36080917968750004 0.984375 0.35326087031250003 0.9869791671874999 0.332125603125 0.987847221875 0.32457729375 0.9895833328125001 0.304951690625 0.9973958328125001 0.2958937203125 0.9991319437499999 0.27324879375 1 0.24003623125 1 0.1871980671875 1 0.15549516875