1 0.7736069031249999 0.44395753750000005 0.792185996875 0.3596360953125 0.7868676906250001 0.2880753734375 0.77495065 0.26556695937499997 0.7463828890624999 0.24417649375 0.716187165625 0.24142263125 0.6629790765625 0.282049684375 0.61154105625 0.383917121875 0.59526953125 0.45812271875 0.565334459375 0.531851171875 0.5657453171875 0.5760500453125 0.58475883125 0.61919913125 0.6249196593749999 0.6443932453125 0.642487075 0.6450067125000001 0.6724773703125 0.625661140625 0.7736069031249999 0.44395753750000005
1 0.9472739125 0.39564117187500003 0.946215109375 0.3140327671875 0.9305444046875 0.2591045796875 0.9018897593749999 0.2122200078125 0.858149034375 0.2055943328125 0.8293125234375 0.219881984375 0.8033129828125001 0.2648579890625 0.794201253125 0.3019267046875 0.7929524875 0.3936509578125 0.8167549062499999 0.4675565625 0.869275290625 0.5305691875 0.890865121875 0.5279243109375 0.9224833796875 0.489942134375 0.939877028125 0.439567390625 0.9472739125 0.39564117187500003
1 0.9568907515625 0.7358579578125 0.948672153125 0.6913864328125 0.9253122515625 0.632790925 0.8728235281250001 0.5408895234375 0.8052803828125 0.46035824375 0.7789885296875 0.45774070624999996 0.7167555953125 0.5609305828125 0.7148588828125 0.6152453015625 0.7265071734374999 0.6734318312500001 0.78183286875 0.7960215875000001 0.821045340625 0.8483730625 0.8725621453124999 0.8841601640625001 0.9120750281250001 0.8719447453125 0.939907959375 0.8304315734375001 0.9530421046875001 0.7901045140625 0.9568907515625 0.7358579578125
1 0.5607509828125 0.523194090625 0.574446190625 0.49478245625 0.5751574578125 0.4744144375 0.585035678125 0.4713605828125 0.583676465625 0.45431906875 0.5959807984375 0.4377546984375 0.6029035046875 0.40740715781250003 0.6012519796875 0.342772103125 0.5806421640625 0.28937084375 0.5431445375 0.2438768734375 0.5074486421875 0.2307345125 0.4705673015625 0.25153884843749996 0.4367600203125 0.296242203125 0.4070620375 0.3631813171875 0.391383234375 0.420413565625 0.3872974984375 0.4814494609375 0.3974680328125 0.525989146875 0.420266871875 0.57266923125 0.4429788265625 0.5938552078125 0.4881104265625 0.5886336187500001 0.5607509828125 0.523194090625
1 0.4884417671875 0.914930909375 0.5273619265625 0.9196888421875 0.5911278421875 0.884528690625 0.6188422296875 0.8464101875000001 0.6340468546875 0.8027566203125 0.6370656890624999 0.7722727546875 0.6276064234375001 0.7073650484375 0.6087114546875 0.6608212921875001 0.56571365625 0.604938821875 0.529219609375 0.5866703734375001 0.49695340625 0.5872430171875 0.47018737499999996 0.5982041609375 0.4333376953125 0.5901197218750001 0.3918412171875 0.631155753125 0.374329025 0.6849251671875 0.3643874828125 0.7457565734375 0.3705356015625 0.7935546046875 0.3768339234375 0.8090691906249999 0.4133279703125 0.8273376390625 0.47122998281250006 0.9041334328125 0.4884417671875 0.914930909375
1 0.78457485625 0.913376271875 0.7918531953125 0.8728447218750001 0.78996458125 0.8149990062500001 0.7425335125 0.718176009375 0.7131123765625 0.637276575 0.6772979359375 0.6275288828125001 0.64236853125 0.6484013828124999 0.6285547796875 0.6802076875 0.6376584125 0.7552994046875 0.6384801265625 0.8436971484375 0.6611287609375001 0.9226606765625001 0.682094209375 0.9658779265625 0.7203031015625 0.991003878125 0.741892934375 0.988359003125 0.7735111906250001 0.9503768265625 0.78457485625 0.913376271875
1 0.7533453531250001 0.0727797453125 0.7349245625 0.0126573078125 0.5017275765625 0.0028144859375 0.4928529359375 0.033093860937500004 0.491667490625 0.0670405625 0.519697753125 0.159787259375 0.550422878125 0.2033453234375 0.6302703562499999 0.2673122328125 0.669190515625 0.2720701640625 0.697228875 0.2526564265625 0.7440517578125 0.1710206828125 0.7531634875 0.133951965625 0.7533453531250001 0.0727797453125
1 1 0.0185952734375 0.7925659234375 0.012970784374999999 0.78369128125 0.0432501609375 0.7861092968750001 0.1419000765625 0.8032894203125001 0.18158633125 0.8299052453125 0.202908634375 0.92371668125 0.20278579218749998 0.963703740625 0.17699169374999998 1 0.11547751875000001 1 0.0185952734375
1 0.4111874015625 0 0.3494449703125 0.026386540625 0.32507339218750003 0.052725943750000004 0.28641388437500004 0.12445032812500001 0.2751131296875 0.1682402234375 0.270553215625 0.24285479843750002 0.2807237484375 0.2873944859375 0.29630756874999997 0.316828565625 0.3402537234375 0.34555367812500004 0.38538532187499996 0.3403320890625 0.42330190312499993 0.317864496875 0.45033668281250006 0.27122523906249996 0.496211209375 0.216746853125 0.5034895484375 0.176215303125 0.503434325 0.12183242187500001 0.4789523 0.039406059375000003 0.4576312171875 0.006372820312499999 0.41412984531249997 0 0.4111874015625 0
1 0.257584740625 0.44633050625 0.27143015312499996 0.385635425 0.2713749296875 0.3312525421875 0.26079353906249997 0.24251398281249997 0.234920640625 0.1719348859375 0.2045194890625 0.1470815859375 0.164682634375 0.1405922390625 0.13377564375 0.15820639375 0.10789464687500001 0.1997877296875 0.09588262656249999 0.26394564374999996 0.0947524046875 0.35227522499999997 0.1097118421875 0.42757143124999997 0.13777376562500002 0.491429353125 0.1603671765625 0.5160099984375 0.1914795953125 0.5204952781250001 0.2379151828125 0.47793231875000003 0.257584740625 0.44633050625
1 0.37444756875 0.681530496875 0.3921968515625 0.62097174375 0.3942121078125 0.5632623546875 0.3825638171875 0.5050758234375 0.3541462609375 0.4514019125 0.3181263921875 0.419554784375 0.287812125 0.4201955921875 0.2667833546875 0.43475589374999996 0.22386434375 0.5165279640625 0.21037456406250002 0.567039034375 0.2087149421875 0.6145644140625001 0.22012614218749998 0.679540284375 0.2410915921875 0.722757534375 0.27149274375 0.7476108328125 0.3123648390625 0.7524369265625 0.3505185078125 0.723179996875 0.37444756875 0.681530496875
1 0.2656369375 0.74740634375 0.23145045937500003 0.7190220484375 0.203206671875 0.7163363484375 0.1582805015625 0.7436573734375 0.128495634375 0.7851023828125 0.10524617968750001 0.8352726390624999 0.0888561109375 0.91287290625 0.0873150328125 0.9570036140625 0.09509111249999999 0.9861650421875 0.257101734375 0.991822578125 0.2747008125 0.96354726875 0.29570601875 0.8657153093750001 0.28867286718749996 0.7872970859375 0.2656369375 0.74740634375
1 0.31951653593749996 0.8274604812499999 0.2999655234375 0.8556676265625001 0.289431259375 0.9334723828125 0.298092375 0.9932540031249999 0.4904172640625 0.9982707296875001 0.48243575625 0.9470098671875 0.45815915937499996 0.8866829421875 0.4169947515625 0.8342633046874999 0.37775061875 0.8108006062499999 0.31951653593749996 0.8274604812499999
1 0.21107773437500002 0.6588314484375 0.207237184375 0.600917571875 0.211678553125 0.529697665625 0.2070950765625 0.5210405828125 0.1622005671875 0.5194728328125 0.1303216578125 0.480972690625 0.1214786765625 0.4823632921875 0.08010074375000001 0.520004653125 0.0625016671875 0.5482799609375 0.04072996875 0.612097059375 0.037173634375 0.71393715625 0.0543537578125 0.753623409375 0.07694716874999999 0.77820405625 0.10622619687499998 0.7792265015625001 0.14621325624999998 0.7534324046875 0.1805816 0.720644478125 0.21107773437500002 0.6588314484375
1 0.11852316249999999 0.45506960625000004 0.094515315625 0.3590645640625 0.09576408125 0.26734031406250003 0.0548919859375 0.26251421875 0.029959346874999997 0.27693819531249997 0.00638591875 0.308403684375 0.00022160468750000002 0.48492652031250005 0.0349691453125 0.5252262421875 0.069866890625 0.5332425171875 0.10849473750000001 0.49040690624999994 0.11852316249999999 0.45506960625000004
1 0.2138013921875 0 0.22365964374999997 0.07467556875 0.246458484375 0.12135565156250001 0.2653851140625 0.13901063125 0.27904866093749997 0.13948777343750002 0.31898049687499996 0.05931079375 0.36875889375000004 0.0049687359375 0.3683625921875 0 0.2138013921875 0
1 0.0171556125 0 0.0082826296875 0.254088965625 0.0444527046875 0.2536526484375 0.0822824 0.2056909515625 0.0964834453125 0.1348118609375 0.0969024 0.0668502984375 0.0780917453125 0 0.0171556125 0
1 0.9443020453125 1 0.9506631171875 0.9701583453125 0.952441284375 0.9192382968749999 0.9482451015625 0.8715084281250001 0.9363280625 0.8490000140625 0.90195971875 0.881787940625 0.8628024703125 0.8838193484374999 0.8134746875 0.8413110703125 0.8046317078125 0.8427016703125 0.7752260375 0.957234328125 0.748546890625 0.9936895765625 0.749529446875 1 0.9443020453125 1