1 0.7869977421875001 0.8699848765624999 0.8218597484375 0.8403897171875 0.8389961671874999 0.805004315625 0.8461233140625 0.762606528125 0.8430737 0.7183815 0.8279182453124999 0.6726347703125 0.7976651390625 0.6189620328125 0.7758850046875 0.6000576484375 0.73763840625 0.595798075 0.7160835624999999 0.609529265625 0.686702715625 0.6674884734375001 0.676248778125 0.713852253125 0.68162025 0.785222175 0.6941188687500001 0.8141943062499999 0.734716225 0.864509134375 0.7587604156250001 0.8727376890625 0.7869977421875001 0.8699848765624999
1 0.628085525 0.8779586984375 0.6594243515625 0.8386043171875001 0.6780970703125 0.7754629515625 0.677115121875 0.7068368781250001 0.6677469046875 0.6601735390625 0.6397867546875 0.6147353328125 0.5662275703125 0.5747997640625 0.539751834375 0.582432190625 0.5269760390625 0.6016510765625 0.5083033203125 0.6647924421875 0.5069634093750001 0.7062736234375 0.5138711812500001 0.749887578125 0.5395961765624999 0.8249119765625 0.5664935921875001 0.86364034375 0.595990040625 0.8813225843750001 0.628085525 0.8779586984375
1 0.7167824171875 0.6076990390625 0.7002292515625 0.5656127625 0.6812445406250001 0.5393874671875001 0.64173881875 0.5146928390625 0.6045549546875 0.5171431046875 0.5816023984375 0.534534753125 0.5644659796875 0.569920153125 0.637326309375 0.61168595 0.6612319125 0.6440100140625 0.676387365625 0.6897567453125 0.7167824171875 0.6076990390625
1 0.508222534375 0.7267086765624999 0.510036009375 0.6507616921875 0.5332657421875 0.585179025 0.5156498421875 0.5363829109375 0.49227560625000005 0.5074137671875001 0.4703279828125 0.4936945296875 0.4447185921875 0.49431157968750006 0.40652979531250005 0.52787273125 0.3713617109375 0.5867485453125 0.36848550156250004 0.655985690625 0.378916453125 0.70935886875 0.3915825609375 0.733145853125 0.42012596406249997 0.701112384375 0.4490621453125 0.69652934375 0.4806551625 0.7087209 0.5029666640625 0.7309802046875 0.508222534375 0.7267086765624999
1 0.4754111234375 0.9502870671875 0.5058836062500001 0.9179480625 0.531741271875 0.8502296312500001 0.517925728125 0.7630017203125 0.492426025 0.7206128984375 0.46994703437499996 0.703538740625 0.4259132 0.7001957765625 0.406287434375 0.71362143125 0.3915825609375 0.733145853125 0.37710297656249997 0.785305853125 0.3752317 0.8234321140624999 0.392374034375 0.9066940328124999 0.41927145 0.9454224 0.44770516562499996 0.9563948015625 0.4754111234375 0.9502870671875
0 0.3383828140625 0.815512084375 0.3474042234375 0.635251078125 0.3259012640625 0.5681556734375001 0.2988941609375 0.572433178125 0.3024462421875 0.6011027640625 0.29073318125 0.6270314890625001 0.28937028593749997 0.768249628125 0.2996048484375 0.8078975906249999 0.3187570484375 0.828937740625 0.3383828140625 0.815512084375
0 0.3102321890625 0.8749959828125 0.3033244171875 0.8313820281250001 0.2869098390625 0.7652002437500001 0.282150521875 0.635269009375 0.26565515624999997 0.6310034578125 0.2703218578125 0.5855562875 0.253462615625 0.57275066875 0.2280496140625 0.5870929328125001 0.21656184218750002 0.645657234375 0.21807515781250003 0.717638228125 0.2297652328125 0.791446459375 0.2481088890625 0.8573227078125001 0.260774996875 0.88110969375 0.2842589203125 0.867072965625 0.3049763203125 0.8792675109375001 0.3102321890625 0.8749959828125
0 0.1729267015625 0.78841201875 0.192356078125 0.7612611484375 0.214494175 0.6700582796875 0.213512228125 0.6014322078125 0.19505888437500002 0.5785618312499999 0.16472499062499998 0.586805328125 0.144377384375 0.7017981703125 0.1458906984375 0.7737791625 0.1620510859375 0.7884150078125 0.1729267015625 0.78841201875
0 0.3863904078125 0.8938854265625 0.3747003328125 0.8200771937500001 0.38755691406250004 0.7389420734375001 0.3674227671875 0.6492758515625 0.369600121875 0.581868934375 0.3571593046875 0.590717525 0.3486055453125 0.6178654078125 0.33885637968750004 0.7810462796875 0.34336150625 0.859431575 0.3528683125 0.8819994046874999 0.3714891453125 0.899684634375 0.3863904078125 0.8938854265625
0 0.1784945640625 0.873507153125 0.18319016562499998 0.8469703453124999 0.17468829218749998 0.79329163125 0.15150986875 0.7844691390625 0.1428988859375 0.767374859375 0.14265141875 0.6907132812500001 0.15182582656250002 0.6427226484374999 0.1402372640625 0.6174691296875 0.12411515 0.616549678125 0.11326825468749999 0.63632694375 0.1052559921875 0.6563498953125 0.1072342296875 0.69910118125 0.118442828125 0.6841287953124999 0.12847761093750001 0.6894852484375 0.1347466453125 0.71141378125 0.12767716875 0.7222578093750001 0.11337353593749999 0.73078225625 0.127720446875 0.8213650859375001 0.1463990796875 0.8768710390625 0.155709496875 0.8857136546875 0.1784945640625 0.873507153125
2 0 0.5362736906250001 0.016942581249999998 0.6463221015625 0.045179907812499996 0.6435692875 0.0741449890625 0.657896609375 0.0825601609375 0.6548442375 0.0844603390625 0.6356283390625 0.06851932656250001 0.5349807484375 0.0560207078125 0.5060086171875 0.0461211234375 0.45599035781249997 0.028199146874999997 0.43647490156249996 0 0.428188609375 0 0.5362736906250001
2 0 0.4232857984375 0.0023933656250000003 0.42336673593749996 0.0406688640625 0.446536671875 0.044636709375 0.402919728125 0.059930751562499995 0.42457095 0.0706099796875 0.41084274687500005 0.0815952828125 0.3678338859375 0.0806711375 0.3370285375 0.091517853125 0.3181151875 0.08237492656249999 0.30408742499999997 0.0609586703125 0.29372310625 0.047986485937500004 0.299216778125 0.0224348953125 0.3376545515625 0 0.3519463671875 0 0.4232857984375
2 0 0.29129177031250003 0.0041211765625 0.29520565468750004 0.033343984375 0.29057721718749996 0.05981121874999999 0.291247346875 0.0886114828125 0.3116910796875 0.09938596875 0.3141521234375 0.10179630625 0.2915434859375 0.0867009140625 0.26684532031249997 0.1071418546875 0.2420755265625 0.1188623265625 0.20229205781249998 0.10647273906250002 0.17480623906249998 0.090423196875 0.1516484 0.06726442656250001 0.13656245312499998 0.045003871875000004 0.12966933125 0.023737209375000002 0.124007959375 0 0.13797483906250002 0 0.29129177031250003