1 0.3203125 0.606317934375 0.3203125 0.541779890625 0.296875 0.44667119531250005 0.2705078125 0.4008152171875 0.2509765625 0.3872282609375 0.2099609375 0.3872282609375 0.1650390625 0.4144021734375 0.12890625 0.47724184843749995 0.107421875 0.5553668484375 0.107421875 0.643682065625 0.115234375 0.6742527171875 0.1630859375 0.703125 0.1865234375 0.7506793484375 0.20703125 0.748980978125 0.2333984375 0.737092390625 0.2900390625 0.6793478265624999 0.30859375 0.6470788046875 0.3203125 0.606317934375
1 0.1796875 0.7319972828125 0.1650390625 0.7065217390625 0.1337890625 0.6861413046875 0.1005859375 0.6793478265624999 0.0634765625 0.71671195625 0.001953125 0.8372961953125 0 0.996942934375 0.125 0.996942934375 0.142578125 0.96297554375 0.181640625 0.8474864125 0.1875 0.7727581515625 0.1796875 0.7319972828125
1 0.517578125 0.41270380468749995 0.517578125 0.2904211953125 0.501953125 0.2258831515625 0.4775390625 0.190217390625 0.4443359375 0.16983695625 0.412109375 0.1783288046875 0.39453125 0.23947010937500002 0.33203125 0.3413722828125 0.32421875 0.38892662968749997 0.328125 0.5180027171875 0.34375 0.5859375 0.3740234375 0.631793478125 0.408203125 0.6368885875 0.4404296875 0.6216032609375 0.4921875 0.541779890625 0.50390625 0.5112092390625 0.517578125 0.41270380468749995
1 0.40234375 0.0424592390625 0.3798828125 0.01358695625 0.3251953125 0.0101902171875 0.2802734375 0.044157609375000004 0.236328125 0.10360054375000001 0.216796875 0.1579483703125 0.208984375 0.1987092390625 0.208984375 0.24626358750000002 0.224609375 0.3040081515625 0.2529296875 0.35326087031250003 0.29296875 0.3549592390625 0.3525390625 0.3125 0.408203125 0.1987092390625 0.41015625 0.0696331515625 0.40234375 0.0424592390625
1 0.115234375 0.2734375 0.0966796875 0.241168478125 0.0498046875 0.22078804375 0 0.22927989062499998 0.001953125 0.6029211953125 0.0634765625 0.553668478125 0.115234375 0.44327445625 0.126953125 0.3515625 0.115234375 0.2734375
1 0.208984375 0.1919157609375 0.234375 0.096807065625 0.1923828125 0.061141304687499995 0.1494140625 0.071331521875 0.125 0.110394021875 0.109375 0.1647418484375 0.107421875 0.1953125 0.119140625 0.2496603265625 0.1708984375 0.3294836953125 0.2138671875 0.356657609375 0.23828125 0.358355978125 0.24609375 0.3481657609375 0.224609375 0.307404890625 0.208984375 0.253057065625 0.208984375 0.1919157609375
1 0.4404296875 0.645380434375 0.4248046875 0.6351902171875 0.3447265625 0.6419836953125 0.2978515625 0.6725543484375 0.2578125 0.7319972828125 0.24609375 0.7829483703125 0.248046875 0.83389945625 0.255859375 0.8610733703125 0.2998046875 0.9137228265624999 0.341796875 0.91202445625 0.453125 0.786345109375 0.4609375 0.7252038046875 0.453125 0.6742527171875 0.4404296875 0.645380434375
1 0.673828125 0.7421875 0.6044921875 0.604619565625 0.5615234375 0.553668478125 0.5283203125 0.5570652171875 0.5107421875 0.540081521875 0.4892578125 0.56046195625 0.478515625 0.579144021875 0.46484375 0.6402853265624999 0.466796875 0.698029890625 0.478515625 0.7455842390625 0.5576171875 0.9069293484375001 0.6005859375 0.9476902171875 0.6328125 0.9527853265624999 0.658203125 0.9324048906250001 0.689453125 0.8440896734375001 0.6875 0.7965353265624999 0.673828125 0.7421875
1 0.900390625 0.65047554375 0.90234375 0.5689538046875 0.892578125 0.5180027171875 0.8681640625 0.48233695625 0.8212890625 0.448369565625 0.7822265625 0.4585597828125 0.7587890625 0.4789402171875 0.732421875 0.52139945625 0.6953125 0.619904890625 0.677734375 0.7048233703125 0.681640625 0.7693614125 0.7109375 0.8508831515624999 0.7392578125 0.8865489125 0.775390625 0.8950407609375001 0.8154296875 0.87296195625 0.849609375 0.8271059781250001 0.876953125 0.762567934375 0.900390625 0.65047554375
1 0.720703125 0.4025135875 0.703125 0.3413722828125 0.6728515625 0.2853260875 0.6220703125 0.234375 0.5830078125 0.227581521875 0.5478515625 0.25815217343749997 0.525390625 0.3040081515625 0.517578125 0.3549592390625 0.5234375 0.4194972828125 0.53515625 0.473845109375 0.55078125 0.49422554375 0.552734375 0.528192934375 0.5771484375 0.5740489125 0.6162109375 0.604619565625 0.646484375 0.6029211953125 0.6708984375 0.5876358703125 0.712890625 0.5078125 0.72265625 0.463654890625 0.720703125 0.4025135875
1 0.84765625 0.2258831515625 0.830078125 0.151154890625 0.8037109375 0.0951086953125 0.7607421875 0.0543478265625 0.7255859375 0.050951087500000006 0.689453125 0.096807065625 0.673828125 0.1443614125 0.66796875 0.1851222828125 0.669921875 0.25985054375 0.67578125 0.28702445625 0.70703125 0.3481657609375 0.724609375 0.436480978125 0.7451171875 0.4585597828125 0.775390625 0.46025815156250005 0.8212890625 0.4313858703125 0.83984375 0.3991168484375 0.8515625 0.3345788046875 0.84765625 0.2258831515625
1 0.4580078125 0 0.447265625 0.056046195312500005 0.45703125 0.1443614125 0.4990234375 0.21399456562500002 0.5244140625 0.2309782609375 0.5546875 0.22927989062499998 0.5986328125 0.1936141296875 0.626953125 0.1341711953125 0.63671875 0.0866168484375 0.62890625 0.0118885875 0.6220703125 0 0.4580078125 0
1 0.91796875 0.36514945625 0.8994140625 0.32608695625 0.8759765625 0.305706521875 0.8564453125 0.3023097828125 0.84765625 0.37533967343749997 0.833984375 0.41610054375 0.81640625 0.44327445625 0.8720703125 0.48573369531250005 0.89453125 0.52139945625 0.90234375 0.5621603265624999 0.896484375 0.67764945625 0.904296875 0.6878396734375001 0.943359375 0.59952445625 0.9453125 0.5044157609375 0.939453125 0.44327445625 0.91796875 0.36514945625
1 0.958984375 0.10699728281250001 0.943359375 0.056046195312500005 0.9130859375 0.0101902171875 0.8232421875 0.0033967390625 0.791015625 0.0424592390625 0.787109375 0.0696331515625 0.830078125 0.1477581515625 0.845703125 0.20889945625 0.853515625 0.28702445625 0.87890625 0.29721467343749997 0.9150390625 0.278532609375 0.947265625 0.23267662968749997 0.9609375 0.161345109375 0.958984375 0.10699728281250001
1 1 0.5961277171875 0.9951171875 0.5944293484375 0.9580078125 0.6080163046875 0.9296875 0.6402853265624999 0.912109375 0.684442934375 0.90625 0.7523777171875 0.919921875 0.80672554375 0.9521484375 0.8627717390624999 0.9775390625 0.8831521734375001 1 0.88485054375 1 0.5961277171875
1 0.4912109375 0.7914402171875 0.4423828125 0.801630434375 0.3876953125 0.8559782609375001 0.3603515625 0.8933423906250001 0.310546875 0.99014945625 0.3115234375 0.9986413046875 0.53125 0.996942934375 0.548828125 0.956182065625 0.548828125 0.8950407609375001 0.51953125 0.8237092390624999 0.4912109375 0.7914402171875