1 0.26171875 0.7693614125 0.25 0.735394021875 0.2255859375 0.703125 0.1982421875 0.68953804375 0.1572265625 0.6997282609375 0.13671875 0.721807065625 0.119140625 0.7693614125 0.12109375 0.8542798906250001 0.1552734375 0.917119565625 0.1923828125 0.9442934781250001 0.220703125 0.9459918484375001 0.2392578125 0.9375 0.267578125 0.878057065625 0.26953125 0.8135190218749999 0.26171875 0.7693614125
1 0 0.8678668484375001 0.0302734375 0.8967391296875 0.056640625 0.8984375 0.0830078125 0.8831521734375001 0.10546875 0.8474864125 0.12890625 0.735394021875 0.126953125 0.6946331515625 0.1171875 0.657269021875 0.0927734375 0.6080163046875 0.0654296875 0.5876358703125 0.0302734375 0.5978260875 0 0.6266983703125 0 0.8678668484375001
1 0.2451171875 0.553668478125 0.2001953125 0.5095108703125 0.1611328125 0.489130434375 0.1337890625 0.4959239125 0.10546875 0.5451766296875 0.095703125 0.6097146734375001 0.1171875 0.6538722828125 0.1318359375 0.7201086953125 0.1669921875 0.6929347828125 0.2041015625 0.68953804375 0.251953125 0.7319972828125 0.263671875 0.6912364125 0.265625 0.6368885875 0.26171875 0.5893342390625 0.2451171875 0.553668478125
0 0.294921875 0.5859375 0.26171875 0.551970109375 0.26171875 0.5383831515625 0.271484375 0.5315896734375001 0.2626953125 0.5095108703125 0.2470703125 0.5061141296875 0.23046875 0.5315896734375001 0.263671875 0.592730978125 0.265625 0.684442934375 0.259765625 0.735394021875 0.271484375 0.8576766296875 0.2783203125 0.87296195625 0.294921875 0.878057065625 0.3125 0.8576766296875 0.318359375 0.83389945625 0.30859375 0.6674592390625 0.294921875 0.5859375
0 0.33984375 0.5689538046875 0.3408203125 0.5434782609375 0.3173828125 0.5434782609375 0.302734375 0.606317934375 0.314453125 0.7387907609375 0.3203125 0.7795516296875 0.3310546875 0.7982336953125 0.345703125 0.799932065625 0.357421875 0.7897418484375 0.3671875 0.7455842390625 0.361328125 0.59952445625 0.33984375 0.5689538046875
0 0.4130859375 0.540081521875 0.4013671875 0.5366847828125 0.376953125 0.5553668484375 0.384765625 0.579144021875 0.37109375 0.606317934375 0.37109375 0.72860054375 0.3515625 0.8372961953125 0.3798828125 0.8322010875 0.40625 0.8440896734375001 0.431640625 0.7455842390625 0.4375 0.619904890625 0.427734375 0.5689538046875 0.4130859375 0.540081521875
0 0.49609375 0.606317934375 0.48828125 0.5485733703125 0.4755859375 0.5298913046875 0.4482421875 0.53328804375 0.435546875 0.551970109375 0.4375 0.6165081515625 0.4609375 0.7048233703125 0.4755859375 0.7302989125 0.48828125 0.735394021875 0.505859375 0.7014266296875 0.505859375 0.6674592390625 0.494140625 0.6470788046875 0.49609375 0.606317934375
0 0.5390625 0.67764945625 0.537109375 0.65047554375 0.552734375 0.6097146734375001 0.5400390625 0.567255434375 0.5185546875 0.553668478125 0.5087890625 0.553668478125 0.49609375 0.5757472828125 0.49609375 0.6470788046875 0.5078125 0.6640625 0.505859375 0.7014266296875 0.48828125 0.735394021875 0.48046875 0.776154890625 0.484375 0.8169157609375001 0.4990234375 0.8322010875 0.509765625 0.8305027171875 0.53125 0.786345109375 0.5390625 0.7421875 0.533203125 0.698029890625 0.5390625 0.67764945625
2 0.712890625 0.3991168484375 0.6904296875 0.3634510875 0.6513671875 0.3396739125 0.6259765625 0.3430706515625 0.5869140625 0.3736413046875 0.57421875 0.4059103265625 0.580078125 0.4534646734375 0.572265625 0.4704483703125 0.572265625 0.49082880468749995 0.580078125 0.514605978125 0.5703125 0.5315896734375001 0.5703125 0.5587635875 0.6318359375 0.5740489125 0.6689453125 0.604619565625 0.6826171875 0.6283967390625 0.69140625 0.6266983703125 0.7109375 0.59952445625 0.724609375 0.551970109375 0.7265625 0.44327445625 0.712890625 0.3991168484375
2 0.673828125 0.3040081515625 0.666015625 0.280230978125 0.62890625 0.23607337031250003 0.6435546875 0.20720108750000002 0.6572265625 0.20040760937500002 0.6572265625 0.190217390625 0.6259765625 0.20040760937500002 0.6025390625 0.2309782609375 0.5771484375 0.1970108703125 0.5751953125 0.21399456562500002 0.529296875 0.253057065625 0.546875 0.3413722828125 0.5595703125 0.356657609375 0.5673828125 0.332880434375 0.5751953125 0.33627717343749997 0.583984375 0.37533967343749997 0.6220703125 0.3430706515625 0.6611328125 0.3430706515625 0.669921875 0.32778532656250003 0.673828125 0.3040081515625
2 0.5947265625 0.2241847828125 0.6064453125 0.2241847828125 0.6298828125 0.1936141296875 0.6494140625 0.1868206515625 0.6865234375 0.2445652171875 0.67578125 0.17153532656249998 0.6923828125 0.15625 0.7021484375 0.1596467390625 0.69921875 0.17153532656249998 0.7041015625 0.17663043437499998 0.7158203125 0.18002717343750002 0.71875 0.17153532656249998 0.7041015625 0.14266304375 0.6748046875 0.149456521875 0.66796875 0.1137907609375 0.6474609375 0.0747282609375 0.5986328125 0.0543478265625 0.5556640625 0.06453804375 0.521484375 0.10360054375000001 0.5078125 0.151154890625 0.505859375 0.188519021875 0.513671875 0.23947010937500002 0.5185546875 0.2513586953125 0.529296875 0.2496603265625 0.5751953125 0.21399456562500002 0.5869140625 0.2241847828125 0.5849609375 0.2105978265625 0.5947265625 0.2241847828125
2 0.84765625 0.49082880468749995 0.8681640625 0.4925271734375 0.8701171875 0.502717390625 0.8857421875 0.49932065156250005 0.892578125 0.44327445625 0.87890625 0.3991168484375 0.8642578125 0.37703804375 0.8291015625 0.35326087031250003 0.8193359375 0.3294836953125 0.7958984375 0.3091032609375 0.78515625 0.3243885875 0.77734375 0.371942934375 0.748046875 0.41610054375 0.73046875 0.463654890625 0.728515625 0.5689538046875 0.7431640625 0.61141304375 0.7841796875 0.61141304375 0.845703125 0.6334918484375 0.853515625 0.6165081515625 0.857421875 0.57235054375 0.87890625 0.514605978125 0.84765625 0.49082880468749995
2 0.8076171875 0.3125 0.8310546875 0.35326087031250003 0.8486328125 0.3600543484375 0.8779296875 0.3940217390625 0.873046875 0.331182065625 0.857421875 0.2904211953125 0.8408203125 0.268342390625 0.8212890625 0.25815217343749997 0.7958984375 0.2615489125 0.7724609375 0.29891304375 0.7294921875 0.319293478125 0.72265625 0.33797554375 0.7314453125 0.356657609375 0.712890625 0.358355978125 0.7109375 0.38892662968749997 0.724609375 0.436480978125 0.732421875 0.44327445625 0.779296875 0.3617527171875 0.783203125 0.32778532656250003 0.7958984375 0.3091032609375 0.8076171875 0.3125
2 0.71875 0.3345788046875 0.7373046875 0.3091032609375 0.7705078125 0.2955163046875 0.80078125 0.24626358750000002 0.791015625 0.1987092390625 0.7685546875 0.1596467390625 0.7255859375 0.1290760875 0.6611328125 0.15625 0.6298828125 0.149456521875 0.6318359375 0.1936141296875 0.66015625 0.1919157609375 0.6396484375 0.2173913046875 0.634765625 0.23607337031250003 0.6630859375 0.27173912968749997 0.677734375 0.31080162968749997 0.66796875 0.3413722828125 0.701171875 0.36514945625 0.7041015625 0.356657609375 0.7119140625 0.3634510875 0.720703125 0.344769021875 0.71875 0.3345788046875