1 0.5669946421875001 0.141439215625 0.5181146734375 0.1388951625 0.458937034375 0.1059555453125 0.42964462187499997 0.106466846875 0.38910949375000004 0.1343524421875 0.33875267343750004 0.21506695312500002 0.327747084375 0.256026134375 0.32674275625 0.31039976875 0.34331387812499997 0.36446662500000004 0.36242891093749996 0.3964069078125 0.4060432109375 0.433015440625 0.45983488906250003 0.4371723875 0.4996010875 0.4211906109375 0.5283006890624999 0.3867170921875 0.5574152578125 0.37601712656249997 0.5848716781250001 0.326277653125 0.59203089375 0.288782865625 0.5905488625 0.2038773203125 0.5820854578125 0.166655228125 0.5669946421875001 0.141439215625
1 0.7596862921875001 0.5491438125 0.722404725 0.5396027953125 0.672046178125 0.5642626015625 0.6329913546875 0.6209990390625 0.6202700625 0.6755771953124999 0.5882576203125 0.74408110625 0.5892654015625001 0.8018168765624999 0.6038244125000001 0.8525215953125 0.656848890625 0.9246370671875 0.689040903125 0.9223765234375 0.7286292578125 0.896206084375 0.7591631234375 0.854906034375 0.77709253125 0.81892188125 0.797388009375 0.750622490625 0.8025943984374999 0.7131617921875 0.7970881484375 0.6215319765625 0.78874330625 0.5911023265625001 0.7596862921875001 0.5491438125
1 0.53220634375 0.38664891875 0.49971965156250003 0.4279830546875 0.4648668890625 0.501632428125 0.45747054687500005 0.5255423265625 0.461909734375 0.5560401500000001 0.45025205 0.5596408921875 0.44498637968750004 0.5937053703124999 0.4480062703125 0.6548032765625 0.47161977187500004 0.7206376031249999 0.5131626812500001 0.750487778125 0.5631079875 0.7581091203125 0.5929322046875 0.7321091125 0.6164829703125 0.6824378125 0.629322825 0.6346521015625 0.6393206328125001 0.5359571484375001 0.6279559015625 0.44442959374999996 0.60481665 0.40576504062499996 0.5672386765625 0.3792429140625 0.53220634375 0.38664891875
1 0.4117997421875 1 0.62974815625 0.9947538703125 0.6303375156250001 0.9166066828125 0.6240047828125 0.88953916875 0.598853421875 0.8475124812500001 0.5610976046875 0.8108016875 0.48262881718750006 0.7917878265625 0.4377730640625 0.7959680437500001 0.40694279375000003 0.8202869828124999 0.39090693125 0.852840828125 0.3693107203125 0.9585327453125 0.3729000984375 1 0.4117997421875 1
1 0.0632906109375 0.381244846875 0.0490297328125 0.403575940625 0.030568520312500003 0.4650487984375 0.029564193750000002 0.519422434375 0.0380275984375 0.556644528125 0.059214021875 0.5953431671875 0.1347849375 0.6721609734375 0.21952717656249998 0.7148461265625 0.2556841265625 0.7159136328125 0.2766909796875 0.688368903125 0.3020742828125 0.5758163703125 0.2913023640625 0.518251034375 0.270056659375 0.47615617187500003 0.20235633437499997 0.40259824218749996 0.143178696875 0.36965862656250004 0.090333790625 0.36378652499999997 0.0632906109375 0.381244846875
1 0 0.3888890265625 0.019264796875 0.43297216875 0.033999925 0.4378108515625 0.053645035937499995 0.388207725 0.0728769046875 0.3708857484375 0.10199147500000001 0.3601857828125 0.1470843515625 0.369590453125 0.155605309375 0.3541540640625 0.1574954015625 0.23861434843749998 0.1742409109375 0.1907604640625 0.1739445046875 0.17377935625000002 0.1482003328125 0.0977904484375 0.1053566890625 0.1053328 0.0270064625 0.0931113828125 0.0069463828125000005 0.11894095625000001 0 0.15074571718750002 0 0.3888890265625
1 0.2611713765625 0.1909417140625 0.2849017140625 0.20751378437499998 0.30543604375 0.2088539828125 0.3430122890625 0.17932140624999998 0.379640034375 0.09544928281250001 0.3868585328125 0.0613507171875 0.3839572046875 0.00704525625 0.187609115625 0.0053766390625 0.1797995328125 0.0615676890625 0.1982642 0.1122042359375 0.2611713765625 0.1909417140625
1 0.6317343578125 0.15729546249999998 0.6006686875 0.2240842171875 0.593628034375 0.2683714484375 0.594932221875 0.343088328125 0.60741984375 0.3870346890625 0.6345833125 0.4324235140625 0.67807905 0.4622396015625 0.7102710640625001 0.459979059375 0.7344146421875 0.444269978125 0.7561311421875 0.40142520781249996 0.7719874328125 0.3026279953125 0.7710389328125 0.248288446875 0.752396421875 0.187463234375 0.7134567078125 0.1388827109375 0.652919053125 0.1399394 0.6317343578125 0.15729546249999998
1 0.8194463796875 0.2797174296875 0.8001552296875 0.2936431828125 0.763408921875 0.3707228640625 0.7544747218750001 0.41844040312499997 0.75719820625 0.4625572 0.765720890625 0.5031755140625 0.7985074437499999 0.59093189375 0.82957656875 0.6362525437500001 0.863899253125 0.6441465796875 0.9114767625000001 0.62802845625 0.9352646531250001 0.59194204375 0.9498794921875 0.5339335796875 0.9468596015624999 0.47283567499999996 0.9257900125 0.3848747765625 0.8944837640625 0.3259692375 0.8547158375 0.2858963109375 0.8194463796875 0.2797174296875
1 0.2334555828125 1 0.2631483859375 0.9756734687499999 0.282852778125 0.9294665640625001 0.28734779062500004 0.8512512031250001 0.276812996875 0.807270753125 0.2563955015625 0.75666829375 0.2333155328125 0.7213999624999999 0.172303628125 0.6952868765625 0.1489882609375 0.7024883609375 0.12727176093749998 0.74533313125 0.12023110625 0.7896203625 0.12135745 0.854148575 0.1299986984375 0.9015593328125 0.150475475 0.9555580156250001 0.1814260359375 0.9940862218750001 0.192050428125 1 0.2334555828125 1
1 0.361306021875 0.4439881 0.326038290625 0.4938639203125 0.27710594843749997 0.7121424578125 0.2787658234375 0.8072366671875001 0.2933248359375 0.8579413859375 0.3162269625 0.8830210515625 0.36990007812500003 0.88038555625 0.417357296875 0.8014202875 0.444219178125 0.6616638921875 0.4391871796875 0.5972038515625 0.44628711406250005 0.55631284375 0.4402507875 0.5462264375 0.436875209375 0.4647512015625 0.41202025625000005 0.4397056234375 0.361306021875 0.4439881
1 0.1983844890625 0.17505138125 0.1810461671875 0.1889430484375 0.15944822812499998 0.23858026250000003 0.1563725109375 0.28619554062499997 0.1590367140625 0.3269161171875 0.175607834375 0.3809829703125 0.2321229984375 0.4292567140625 0.2860349671875 0.496260809375 0.314321325 0.494068440625 0.34580196406249997 0.45105323750000004 0.35603862343750003 0.421997875 0.3556236546875 0.39822432343749997 0.329110553125 0.3341392359375 0.314373696875 0.2732458515625 0.26916053125 0.200994034375 0.2393938671875 0.174335559375 0.1983844890625 0.17505138125
1 0.7846074359374999 0.801804425 0.7373280609374999 0.890958359375 0.742004371875 0.9350410703125001 0.7674521390625 0.9940488671875001 0.877757253125 0.9904248546875 0.903555525 0.901645875 0.904263446875 0.8302911296875 0.8976935890625001 0.7896387296875 0.8813003109374999 0.7457605390625 0.86023245 0.71385434375 0.828572240625 0.6906261781249999 0.8071504203125001 0.6943973546875 0.7846074359374999 0.801804425
1 0.8290816890625001 0 0.814703878125 0.0080196859375 0.7965373453125 0.0304189515625 0.7570099984375 0.1160403171875 0.7483129234375 0.17734274375 0.7709203703124999 0.24149600312500002 0.7736438546875 0.2856128 0.7934092546875 0.29885681875 0.815540725 0.279785603125 0.842880309375 0.2793083890625 0.8665513656250001 0.292484234375 0.9034162359375 0.22219699531249998 0.9141847015625 0.167652928125 0.9148926218750001 0.0962981828125 0.9021085937500001 0.0353707109375 0.8810407328125001 0.0034645140625 0.8659772828125 0 0.8290816890625001 0
1 0.8773215578125001 0.2939948671875 0.92573073125 0.381478553125 0.9447289296875001 0.46268109687500003 0.9565051765625 0.4658727984375 0.99875600625 0.42436822812499997 0.9953769734375 0.23078358593749998 0.9645449749999999 0.1990478234375 0.9293347984375 0.19626516249999998 0.9071440468749999 0.21194015781250003 0.8773215578125001 0.2939948671875
1 1 0.7020937890625001 0.95165965625 0.6918749359375 0.9265100234375 0.7059029515625 0.9104741625000001 0.7384567953125 0.8996464156249999 0.78960464375 0.9086433515625 0.8573927328125001 0.9577028921874999 0.926180153125 1 0.9525484234375 1 0.7020937890625001