2 0.822265625 0.7829483703125 0.8359375 0.551970109375 0.8203125 0.436480978125 0.7919921875 0.397418478125 0.7705078125 0.3940217390625 0.751953125 0.41270380468749995 0.765625 0.450067934375 0.76953125 0.5247961953125 0.77734375 0.551970109375 0.791015625 0.7829483703125 0.7724609375 0.7710597828125 0.7392578125 0.774456521875 0.7119140625 0.801630434375 0.693359375 0.8372961953125 0.697265625 0.840692934375 0.7431640625 0.7846467390625 0.7646484375 0.78125 0.7958984375 0.8186141296875 0.822265625 0.7829483703125
2 0.69921875 0.799932065625 0.7080078125 0.8050271734375001 0.740234375 0.7455842390625 0.740234375 0.7116168484375 0.7578125 0.630095109375 0.767578125 0.541779890625 0.765625 0.4534646734375 0.7470703125 0.4177989125 0.7177734375 0.4177989125 0.697265625 0.4534646734375 0.685546875 0.5078125 0.68359375 0.5961277171875 0.669921875 0.6946331515625 0.6796875 0.748980978125 0.69921875 0.799932065625
2 0.711707259375 0.3828191359375 0.711707259375 0.3590419625 0.699011946875 0.326772940625 0.675574446875 0.3199794625 0.651160384375 0.3454550046875 0.631629134375 0.4371669625 0.586707259375 0.549259353125 0.569129134375 0.6443680484375001 0.5524309984375 0.7068372984375 0.599061359375 0.6556659703125 0.635535384375 0.5696397875 0.688269759375 0.47792783125 0.711707259375 0.3828191359375
2 0.6171875 0.4670516296875 0.638671875 0.3617527171875 0.640625 0.29721467343749997 0.6201171875 0.2615489125 0.6025390625 0.2615489125 0.5859375 0.280230978125 0.552734375 0.4059103265625 0.541015625 0.4976222828125 0.50390625 0.6674592390625 0.5068359375 0.6997282609375 0.5185546875 0.71671195625 0.53515625 0.7150135875 0.548828125 0.7014266296875 0.56640625 0.6538722828125 0.583984375 0.5587635875 0.6171875 0.4670516296875
2 0.5419921875 0.305706521875 0.5146484375 0.3023097828125 0.494140625 0.33797554375 0.4751924515625 0.50280235 0.47203649375 0.555627315625 0.42745876718750003 0.8101476906249999 0.42864221875 0.8451356328124999 0.46888053437500005 0.791624646875 0.54296875 0.46025815156250005 0.556640625 0.33797554375 0.5419921875 0.305706521875
2 0.48046875 0.395720109375 0.48046875 0.344769021875 0.47265625 0.3040081515625 0.4560546875 0.27513587031250003 0.4228515625 0.27173912968749997 0.396484375 0.3209918484375 0.388671875 0.5349864125 0.412109375 0.6538722828125 0.443359375 0.6640625 0.455078125 0.6402853265624999 0.458984375 0.592730978125 0.466796875 0.5044157609375 0.48046875 0.395720109375
2 0.41796875 0.253057065625 0.416015625 0.20889945625 0.4013671875 0.190217390625 0.3798828125 0.1936141296875 0.349609375 0.2632472828125 0.318359375 0.37533967343749997 0.287109375 0.551970109375 0.267578125 0.619904890625 0.2763671875 0.625 0.2998046875 0.625 0.33203125 0.5587635875 0.365234375 0.41610054375 0.41796875 0.253057065625
2 0.396484375 0.5757472828125 0.38671875 0.541779890625 0.3857421875 0.47214673906250004 0.3701171875 0.475543478125 0.341796875 0.5247961953125 0.326171875 0.579144021875 0.3017578125 0.631793478125 0.2822265625 0.63858695625 0.21875 0.721807065625 0.11462533125 0.8231824046874999 0.1343500046875 0.8506240359374999 0.1694599421875 0.8266125890625 0.22784499687499998 0.795740853125 0.29096394375 0.7593807875 0.3603515625 0.6793478265624999 0.392578125 0.619904890625 0.396484375 0.5757472828125
2 0.25 0.65047554375 0.28515625 0.5553668484375 0.3095703125 0.4144021734375 0.2919921875 0.42119565156250005 0.2216796875 0.4925271734375 0.095703125 0.6538722828125 0.083984375 0.6878396734375001 0.083984375 0.698029890625 0.095703125 0.708220109375 0.08203125 0.7252038046875 0.09765625 0.786345109375 0.109375 0.7897418484375 0.1650390625 0.7574728265624999 0.185546875 0.72860054375 0.2099609375 0.696331521875 0.25 0.65047554375
2 0.34375 0.2836277171875 0.3330078125 0.278532609375 0.3095703125 0.29891304375 0.1142578125 0.5298913046875 0.0009765625 0.6283967390625 0 0.684442934375 0.005859375 0.684442934375 0.1142578125 0.618206521875 0.2197265625 0.4925271734375 0.3095703125 0.40760869531250005 0.34375 0.2836277171875
2 0.3125 0.2768342390625 0.3046875 0.23607337031250003 0.2841796875 0.20720108750000002 0.2529296875 0.20720108750000002 0.2177734375 0.2377717390625 0.1279296875 0.3600543484375 0.0478515625 0.45176630468749995 0 0.528192934375 0.00390625 0.6233016296875 0.1083984375 0.53328804375 0.2177734375 0.397418478125 0.2978515625 0.3125 0.3125 0.2768342390625
2 0.236328125 0.188519021875 0.2265625 0.1647418484375 0.2041015625 0.1528532609375 0.1806640625 0.17663043437499998 0.0009765625 0.4313858703125 0.001953125 0.5180027171875 0.0244140625 0.4925271734375 0.0458984375 0.448369565625 0.2314453125 0.2241847828125 0.236328125 0.188519021875
2 0.158203125 0.188519021875 0.1318359375 0.163043478125 0.1044921875 0.1664402171875 0.0009765625 0.2615489125 0.00390625 0.38892662968749997 0.1279296875 0.234375 0.1513671875 0.2173913046875 0.16015625 0.1987092390625 0.158203125 0.188519021875
2 0.6533203125 0.546875 0.5986328125 0.658967390625 0.5703125 0.6878396734375001 0.560546875 0.799932065625 0.55078125 0.8474864125 0.537109375 0.878057065625 0.544921875 0.88485054375 0.578125 0.8474864125 0.607421875 0.7693614125 0.65234375 0.579144021875 0.6533203125 0.546875
2 0.1015625 0.6368885875 0.0419921875 0.6657608703125 0.025390625 0.708220109375 0 0.7455842390625 0.001953125 0.8033288046875 0.0478515625 0.774456521875 0.0791015625 0.7336956515625 0.080078125 0.6878396734375001 0.1015625 0.6368885875
2 0.5048828125 0.6997282609375 0.494140625 0.7829483703125 0.5 0.8135190218749999 0.5308160734375 0.8938444671875001 0.549357253125 0.8410194265625 0.54296875 0.721807065625 0.5205078125 0.7201086953125 0.5048828125 0.6997282609375