1 0 0.8712635875 0.0322265625 0.9035326093749999 0.07421875 0.9086277171875 0.0947265625 0.9001358703125 0.130859375 0.8440896734375001 0.138671875 0.8135190218749999 0.138671875 0.762567934375 0.126953125 0.7150135875 0.0966796875 0.658967390625 0.0673828125 0.6351902171875 0.0322265625 0.6351902171875 0 0.670855978125 0 0.8712635875
1 0.2314453125 0.580842390625 0.228515625 0.5689538046875 0.1962890625 0.5366847828125 0.1572265625 0.53328804375 0.1103515625 0.5706521734375001 0.0859375 0.643682065625 0.134765625 0.7252038046875 0.138671875 0.6810461953125 0.1533203125 0.6419836953125 0.1943359375 0.6012228265624999 0.2314453125 0.580842390625
1 0.298828125 0.670855978125 0.279296875 0.6233016296875 0.2646484375 0.5978260875 0.2314453125 0.580842390625 0.1611328125 0.631793478125 0.138671875 0.6810461953125 0.134765625 0.7319972828125 0.14453125 0.7965353265624999 0.1806640625 0.8695652171875 0.2119140625 0.8933423906250001 0.240234375 0.8916440218749999 0.2646484375 0.87296195625 0.28515625 0.8372961953125 0.3046875 0.7116168484375 0.298828125 0.670855978125
1 0.4267578125 0.71671195625 0.4375 0.670855978125 0.431640625 0.579144021875 0.3974609375 0.526494565625 0.3466796875 0.489130434375 0.3154296875 0.48573369531250005 0.2939453125 0.5061141296875 0.271484375 0.551970109375 0.267578125 0.59952445625 0.291015625 0.643682065625 0.310546875 0.721807065625 0.3369140625 0.6929347828125 0.3681640625 0.682744565625 0.3955078125 0.68953804375 0.4267578125 0.71671195625
1 0.443359375 0.7727581515625 0.42578125 0.721807065625 0.4072265625 0.6997282609375 0.3837890625 0.6861413046875 0.3388671875 0.6929347828125 0.3232421875 0.7065217390625 0.302734375 0.7455842390625 0.294921875 0.7965353265624999 0.298828125 0.8440896734375001 0.3388671875 0.917119565625 0.3662109375 0.9375 0.392578125 0.9425951093749999 0.4169921875 0.9341032609375001 0.44140625 0.8950407609375001 0.44921875 0.8542798906250001 0.443359375 0.7727581515625
0 0.462890625 0.5961277171875 0.4541015625 0.5706521734375001 0.42390832500000003 0.5453367609375 0.4298257578125 0.5089766984375 0.41049552499999997 0.5034884453124999 0.3943213359375 0.5172092609375001 0.431640625 0.57235054375 0.439453125 0.6640625 0.4296875 0.7252038046875 0.447265625 0.786345109375 0.44921875 0.8610733703125 0.4560546875 0.87296195625 0.47265625 0.8712635875 0.486328125 0.8542798906250001 0.4921875 0.8305027171875 0.48828125 0.748980978125 0.462890625 0.5961277171875
0 0.505859375 0.565557065625 0.5068359375 0.540081521875 0.4833984375 0.5366847828125 0.474609375 0.5451766296875 0.466796875 0.6165081515625 0.490234375 0.7693614125 0.5009765625 0.7914402171875 0.513671875 0.7965353265624999 0.5263671875 0.788043478125 0.537109375 0.75577445625 0.5234375 0.6029211953125 0.505859375 0.565557065625
0 0.5498046875 0.53328804375 0.537109375 0.5485733703125 0.544921875 0.565557065625 0.544921875 0.592730978125 0.53515625 0.6029211953125 0.541015625 0.721807065625 0.52734375 0.83389945625 0.5595703125 0.8288043484375001 0.580078125 0.8372961953125 0.599609375 0.7523777171875 0.6015625 0.6165081515625 0.5810546875 0.5434782609375 0.5498046875 0.53328804375
0 0.6396484375 0.526494565625 0.6083984375 0.526494565625 0.595703125 0.5621603265624999 0.60546875 0.6266983703125 0.62890625 0.698029890625 0.6513671875 0.7302989125 0.6640625 0.72860054375 0.67578125 0.7150135875 0.677734375 0.6742527171875 0.65234375 0.551970109375 0.6396484375 0.526494565625
0 0.6982421875 0.658967390625 0.677734375 0.6674592390625 0.677734375 0.7116168484375 0.658203125 0.7319972828125 0.65234375 0.762567934375 0.65625 0.8101222828125 0.6708984375 0.8288043484375001 0.6796875 0.8271059781250001 0.693359375 0.8135190218749999 0.70703125 0.7523777171875 0.70703125 0.698029890625 0.6982421875 0.658967390625
2 0.875 0.3991168484375 0.8544921875 0.3634510875 0.8212890625 0.3396739125 0.7880859375 0.3396739125 0.7509765625 0.36684782656250003 0.736328125 0.3991168484375 0.73046875 0.46025815156250005 0.734375 0.57235054375 0.7939453125 0.567255434375 0.853515625 0.619904890625 0.87109375 0.5961277171875 0.884765625 0.551970109375 0.88671875 0.44327445625 0.875 0.3991168484375
2 0.8203125 0.280230978125 0.7939453125 0.2513586953125 0.7880859375 0.2819293484375 0.7158203125 0.2241847828125 0.6904296875 0.2377717390625 0.68359375 0.2564538046875 0.693359375 0.266644021875 0.6953125 0.29721467343749997 0.708984375 0.3413722828125 0.7236328125 0.35326087031250003 0.7265625 0.3345788046875 0.7353515625 0.3294836953125 0.7421875 0.3413722828125 0.7421875 0.37533967343749997 0.7841796875 0.3396739125 0.8212890625 0.3396739125 0.828125 0.307404890625 0.8203125 0.280230978125
2 0.6866409578125 0.239363540625 0.7331911890625 0.21329410625 0.76238378125 0.21878239375000003 0.7750075265625 0.193398984375 0.7793469375 0.1522366515625 0.8184018015625 0.1481204078125 0.8101174640625001 0.11519054687500001 0.7872368765625 0.0671678671875 0.7284572953125 0.0493308640625 0.6862464734375 0.0733422140625 0.658631990625 0.11587660625 0.650185953125 0.1759785375 0.6724391890625 0.2057476765625 0.673622728125 0.2462239859375 0.6866409578125 0.239363540625
2 0.828264159375 0.2009454109375 0.7982827734375 0.21466615 0.7836864343750001 0.23730543750000002 0.8156404125 0.272293421875 0.8329981406250001 0.31345571250000004 0.877575865625 0.3244323265625 0.9012455953125 0.28738624218750003 0.9182086640625 0.26611907343749996 0.94740134375 0.252398334375 0.93793338125 0.18928273906249998 0.9024289609375 0.1460623046875 0.865346603125 0.13302758750000002 0.8381265171875001 0.15566683750000002 0.83063115 0.1714457546875 0.828264159375 0.2009454109375
2 0.9150527937499999 0.3059092859375 0.8953280765624999 0.3086534453125 0.8791538015624999 0.32580440781250003 0.8704749812499999 0.37725733125 0.8901996984375 0.435570584375 0.9158417609375 0.4012686625 0.9434563296875 0.35804822812500003 0.9505572140625 0.3107115875 0.971465296875 0.2997349375 0.990401046875 0.336095 1 0.3450135484375 0.9967768625 0.2624409890625 0.9694928765625 0.2572005625 0.94621771875 0.2654330140625 0.9351719078125 0.292188546875 0.9150527937499999 0.3059092859375
2 0.938327865625 0.6057081921874999 0.9750157390625 0.6146266296875 0.999079865625 0.6269753234375 0.999079865625 0.53230204375 0.9978964140625 0.352559940625 0.9446397828125 0.3614784125 0.91781418125 0.406757025 0.8952143625 0.44771766875 0.8874382234375 0.515837140625 0.895722559375 0.59473154375 0.90558491875 0.611882540625 0.938327865625 0.6057081921874999