1 0.8355761984375001 0.20311002656250002 0.825728740625 0.258279165625 0.8275714859375001 0.312630846875 0.8495166718749999 0.3604692765625 0.8928018296875001 0.3914928203125 0.9144708140625 0.3933826109375 0.9461713906250001 0.37073568749999997 0.9873376031250001 0.3014589109375 0.9671973171875001 0.0134393984375 0.9516103796875001 0.014529343750000001 0.924188359375 0.028364496875 0.8900127156250001 0.0716146921875 0.8355761984375001 0.20311002656250002
1 1 0.49806542187499997 0.9952352859375001 0.4983986015625 0.9565969515624999 0.5198281421875001 0.9348751546875 0.5451823140625 0.9027399453125 0.60361248125 0.8840984296875 0.6730166953125 0.8926284328125 0.7950014296875 0.9097291046875 0.8295584859374999 0.9306344453125 0.84852684375 0.976868559375 0.8657240421875001 1 0.858463775 1 0.49806542187499997
1 0.8621532437500001 0.625178265625 0.888680296875 0.5705452906249999 0.9051365015625 0.4978888546875 0.8963167421874999 0.3997596171875 0.8475683046875 0.3606055203125 0.8223451515625 0.30788875625 0.7903155625 0.311831 0.753625596875 0.3331242984375 0.709708115625 0.3770557109375 0.695161021875 0.40701572812500003 0.6870249875 0.4586601609375 0.690105265625 0.502710203125 0.7193564765625 0.61303086875 0.7401169390625 0.6439269750000001 0.7729494265625 0.6654663390625 0.8328749234374999 0.6544658734375 0.8621532437500001 0.625178265625
1 0.7992909359375 0.8321735265625 0.7860477421875001 0.7547838078125 0.7594949890625 0.6970524671875 0.7251880234375 0.6824262765625 0.7048486390625001 0.6855510625 0.6496227765625 0.72176065 0.6018478171874999 0.8085247234375 0.5942384828125 0.8397021234375 0.5928953265625 0.9044916828125 0.5991086953125 0.9653478078125 0.6116018000000001 0.9900119578125001 0.7304522046875 0.981701128125 0.7582560468749999 0.9593266921874999 0.7833086203125 0.9116068921875 0.7992909359375 0.8321735265625
1 0.7532965843749999 0.3144196203125 0.7670407781249999 0.25897799374999997 0.7637235546875 0.21153948749999998 0.751375328125 0.17494758906250002 0.709709525 0.12508312500000002 0.6674642109375 0.122929653125 0.6414638593750001 0.1570955953125 0.5653719125000001 0.21689699999999998 0.5540107203125 0.2364191375 0.54982423125 0.2605471203125 0.5552739546875001 0.3384818125 0.563870325 0.363418446875 0.5806419859374999 0.3792708265625 0.6597614 0.3907634265625 0.7185021734375 0.3628206359375 0.7532965843749999 0.3144196203125
1 0.538057246875 0 0.4809219515625 0.0031776484374999997 0.462570190625 0.048726365625000004 0.46175373437499995 0.0930488953125 0.502221259375 0.195775171875 0.53224966875 0.2192131328125 0.5709800703125001 0.21309980624999997 0.6502579171875 0.14286052031250002 0.70535245625 0.0487745453125 0.716550975 0 0.538057246875 0
1 0.522559234375 0.44462297343749996 0.5353949046875 0.4181876640625 0.5467168421874999 0.3561053515625 0.5431626734375 0.3052783796875 0.53205198125 0.25838484375 0.4458377859375 0.07543416093750001 0.4037901609375 0.034108981249999996 0.37323505 0.0311380515625 0.3536065 0.04442823125 0.3228929578125 0.1231891875 0.32136566875 0.1573463234375 0.3435870546875 0.25113339375 0.40543380781250005 0.3796049578125 0.44999575625 0.4428870390625 0.46971637343749995 0.44491307343750003 0.4806429328125 0.46117418125 0.5028386171875 0.442596940625 0.522559234375 0.44462297343749996
1 0.2754063453125 0.4380703515625 0.3149139453125 0.3450743203125 0.332607684375 0.262116246875 0.3307649390625 0.207764565625 0.300750084375 0.1145224671875 0.262981015625 0.06438551718749999 0.2246324375 0.061959559374999994 0.1823343125 0.0870500515625 0.1554782484375 0.122978346875 0.126002240625 0.191437665625 0.1070709671875 0.284697378125 0.105016978125 0.3393215453125 0.11654875 0.42023597187500006 0.1394945234375 0.45438429999999996 0.1915209296875 0.49841672812500004 0.2375709109375 0.48498150000000007 0.2754063453125 0.4380703515625
1 0.48792184687500006 0.6632646906249999 0.48802746875 0.6087767656249999 0.47454733125 0.5279985828125 0.4480338328125 0.5128274187499999 0.44817871093750006 0.500899671875 0.4618172828125 0.49994596874999997 0.461725215625 0.48462975625000004 0.45578804687499996 0.469722271875 0.4425312984375 0.46213669062499996 0.44719167656250003 0.4447856359375 0.4237720140625 0.403860378125 0.384383590625 0.37256434843749997 0.3523540015625 0.37650659218750004 0.33101402812499997 0.39332147968750003 0.2903217046875 0.4693751875 0.28389709218750003 0.5174949109375 0.29276966249999997 0.5883801859375 0.32378510625 0.6679321828125 0.3683470546875 0.7312142625 0.4094469015625 0.758985584375 0.4401468890625 0.750028765625 0.46576541875000005 0.72440210625 0.48792184687500006 0.6632646906249999
1 0.3290763984375 0.8275987593749999 0.33673854375 0.769177396875 0.33347413124999997 0.694494928125 0.298325009375 0.611826953125 0.2800003578125 0.517767396875 0.24583826874999998 0.49121345625 0.2235505171875 0.4944744859375 0.17906708124999998 0.51631275625 0.1608601984375 0.5499337234375 0.150959928125 0.6323468250000001 0.1578313203125 0.7306123062500001 0.1812902390625 0.8140977390625 0.2136880953125 0.8714203484375 0.25721019843750004 0.9058323578125 0.282538971875 0.904061196875 0.30644607968750004 0.8819592453125 0.3290763984375 0.8275987593749999
1 0.2157285296875 0.88660031875 0.21501769531249998 0.8764349250000001 0.188557009375 0.8340197984375 0.1640975 0.7642244671875 0.1499593390625 0.646036928125 0.1206417640625 0.6327643609375 0.1003023796875 0.6358891453125 0.062374878125 0.66748408125 0.044878828125 0.7112704437499999 0.0386911609375 0.7627786328124999 0.042719217187500005 0.8203825359374999 0.05045987656249999 0.8470815234375 0.07154935 0.8966823093749999 0.114926575 0.943022065625 0.1660580140625 0.9462566750000001 0.190439009375 0.9309316546874999 0.2157285296875 0.88660031875
1 0 0.3116633390625 0.035784278125 0.31521998125 0.06406200937499999 0.299622475 0.08787705 0.2622043125 0.100146765625 0.21367585781249998 0.09783013125 0.1525472484375 0.085244959375 0.1125668859375 0.062444062499999994 0.066490809375 0.03389013125 0.036139674999999996 0 0.03765264375 0 0.3116633390625
1 0.5174603765625 1 0.54559425625 0.9980326875 0.556771315625 0.9478781250000001 0.5515585359374999 0.8733318984375 0.5304690625 0.8237311125 0.486381003125 0.7672259625 0.434393853125 0.76575370625 0.40207450937500006 0.7935514484375 0.373836034375 0.851709128125 0.3656999984375 0.9033535609375001 0.36854333281249996 0.9440151390624999 0.383313815625 0.9872477234374999 0.3918826359375 1 0.5174603765625 1
1 0.4904754265625 0.727781765625 0.5011122296875 0.767898371875 0.5289025171875 0.8153280734375 0.5661056296875 0.8433718796875 0.5894860359375 0.8417369625 0.6230036578125 0.761077409375 0.66963315 0.6999311859375 0.68523364375 0.6290371046875001 0.677467284375 0.48997380156250003 0.6617490234375001 0.4331873578125 0.6322473140625 0.3892823640625 0.593661790625 0.38346794375000004 0.56795119375 0.3937783875 0.535250028125 0.4301154125 0.5258372015624999 0.4495013046875 0.5284435921874999 0.48677441874999994 0.51837274375 0.46875095624999996 0.5135674875 0.49802975937499994 0.5223087343749999 0.5110386453125 0.501350584375 0.5193142484375 0.4890280578125 0.5950866640625 0.48692125781250006 0.6769547921875 0.4904754265625 0.727781765625