1 0.252982628125 0.38289937812499997 0.21197325 0.38218355625 0.1665839671875 0.4085693359375 0.12935995312499998 0.4707688359375 0.10651538125 0.5485069828125 0.10497406875 0.6368087484375 0.112251846875 0.6675110921875 0.15959223125 0.6972141015625 0.1821962234375 0.7451702484375 0.20273055312500002 0.743830046875 0.22930120937499998 0.7324034421875 0.2869409890625 0.6756561875 0.3060560234375 0.6437159046875001 0.3184843640625 0.6031657625 0.3196107078125 0.5386375484375 0.29783665312499996 0.443134296875 0.27227377812500003 0.3968251328125 0.252982628125 0.38289937812499997
1 0 0.9882911 0.11638426406249999 0.9903225953125 0.13455252499999998 0.9566671578125 0.1756246390625 0.8418773515625 0.182787309375 0.7672627328125 0.175687375 0.726371725 0.161485778125 0.7006444109375 0.130596225 0.6797216921875 0.09751671875 0.672349775 0.0597609015625 0.709060565625 0 0.8213070390625001 0 0.9882911
1 0.4501065546875 0.1689157703125 0.41773669687500004 0.17684389375 0.3990941875 0.23766910624999998 0.3348252671875 0.338464984375 0.3261840203125 0.385875740625 0.3278369859375 0.5150003421875 0.34227398125 0.5831974734375 0.3717425109375 0.6295748109375 0.4058280703125 0.6352656624999999 0.438316490625 0.6205450953125 0.49145952968750006 0.5416371796874999 0.5037100265625 0.5112757046875 0.5190989765625 0.41302388125 0.5212331015625 0.2907598953125 0.5067368265625001 0.2259589875 0.4829489359375 0.18987257500000002 0.4501065546875 0.1689157703125
1 0.24328640781250002 0.09905920781250001 0.2228096328125 0.153057890625 0.214286946875 0.1936762046875 0.21345700937499998 0.24122330937499997 0.2280718484375 0.29923177343749996 0.25552826875 0.3489712484375 0.2955315921875 0.3513681359375 0.3558338484375 0.309955009375 0.4134753546875 0.19715305 0.4176808703125 0.068130709375 0.41034381093750005 0.040824587499999995 0.388390184375 0.0115647046875 0.3337702953125 0.007214054687500001 0.28826245 0.0403922796875 0.24328640781250002 0.09905920781250001
1 0.00023275781249999997 0.594213403125 0.062606403125 0.5460419203125 0.1162829734375 0.436568009375 0.1296005328125 0.3450745421875 0.11924703750000001 0.2667569203125 0.10125834843749999 0.2341689890625 0.054746174999999994 0.212973578125 0.0048008703125 0.22059491874999998 0.00023275781249999997 0.594213403125
1 0.1318566765625 0.10390870781249999 0.11528555625 0.1579755640625 0.112799196875 0.188507471875 0.1235676609375 0.2430515421875 0.17392448124999998 0.3237660515625 0.2164124359375 0.351685734375 0.24079314062499999 0.3538099296875 0.24878229375 0.3437576109375 0.22801256718750001 0.3026279953125 0.213338446875 0.24801575312500002 0.214405509375 0.1868837609375 0.2414521421875 0.092232678125 0.2000888046875 0.055839484375000005 0.1569487546875 0.0652782421875 0.1318566765625 0.10390870781249999
1 0.25380047499999997 0.72773519375 0.24119429062500003 0.7784740015625 0.24225789999999997 0.8294514140624999 0.24959495937499998 0.8567575359375 0.29261471875 0.910165925 0.3346301515625 0.9092006781249999 0.448134728125 0.785483415625 0.45701310156249997 0.7244877703125 0.450091009375 0.673408096875 0.43790152187500003 0.644318646875 0.4224567453125 0.6338572874999999 0.3422722546875 0.639252175 0.2948708625 0.669000090625 0.25380047499999997 0.72773519375
1 0.5100410328125 0.54026289375 0.4882042421875 0.5602652703125 0.47713764375 0.5787570140625 0.4624007875 0.6396504000000001 0.463345834375 0.6974202546875 0.4742328609375 0.74517188125 0.550506515625 0.9078729296875 0.592757346875 0.9493774984375 0.624890078125 0.9550342625000001 0.6506325234375 0.9351000578124999 0.683419078125 0.8473436796874999 0.6822961875 0.7997624890624999 0.6695748953125 0.7451843328125001 0.602650409375 0.606427271875 0.5605774234374999 0.5547340359375 0.5273200734375 0.5575507828124999 0.5100410328125 0.54026289375
1 0.8221412046875001 0.453984696875 0.782906809375 0.4634916265625 0.7591171921875 0.48345991718750003 0.7320130046875 0.52545251875 0.6931901234375 0.6232953015625 0.6741326437499999 0.7078940671875 0.6769119546875 0.772490453125 0.7047816171875 0.8545110765624999 0.7324751640625 0.8906656640625 0.7684542703125 0.8997868234374999 0.8088725625000001 0.878410159375 0.8438473406250001 0.8331576828125 0.8723132703124999 0.7691066828124999 0.8977034828124999 0.65744040625 0.9010790609375 0.57596516875 0.8922041421875001 0.5248514078125 0.8684162515624999 0.4887649953125 0.8221412046875001 0.453984696875
1 0.587749528125 0.2290716984375 0.5520651015625 0.2590241328125 0.5288072875000001 0.30448112968749996 0.5201067578125 0.355288109375 0.524838896875 0.41991858437499996 0.5356073609374999 0.4744626546875 0.55087429375 0.49511267812500004 0.552234309375 0.5291089828125 0.57584435625 0.5753840609374999 0.6143673749999999 0.6066317921875 0.6446658421875 0.605462025 0.6693429515625 0.5906051125 0.7127218531249999 0.5115267640625001 0.7232566484375 0.4675463140625 0.7223708828125 0.4063802359375 0.7058624984375 0.3449414625 0.6765718125 0.288375459375 0.626687515625 0.2365458765625 0.587749528125 0.2290716984375
1 0.7333885640625 0.054956496875000004 0.6964609578125 0.1001748875 0.6800084 0.147449296875 0.6734385421875 0.1881016984375 0.67408718125 0.262852665625 0.6794714140625 0.2901247 0.709649590625 0.3518020796875 0.725683725 0.44041062656249996 0.7458030859375 0.4628439796875 0.776042271875 0.46507043281250005 0.8224376109374999 0.4370035875 0.84155264375 0.4050633046875 0.8543959531249999 0.3407396109375 0.8523872984375 0.2319923390625 0.8361160390625001 0.1569686796875 0.8107310078125 0.10047084843750001 0.768480178125 0.0589662796875 0.7333885640625 0.054956496875000004
1 0.4666026171875 0 0.45502171875 0.055193470312500006 0.46324454375 0.1436656703125 0.50401506875 0.21402108281249999 0.5291054203125001 0.23144531875 0.5594038875 0.23027555156249999 0.6039649609375 0.1953821734375 0.6333183828125 0.13644255 0.6439124578125 0.0890658796875 0.6374053359375 0.014212653124999999 0.6307779234375 0.0022065734375 0.5043634375 0 0.4666026171875 0
1 0.8497789234375001 0.3814260984375 0.8353977546875001 0.421942153125 0.8173480578125 0.448805146875 0.872262625 0.49222939062500004 0.8940976890625001 0.5282817171875 0.9011976234375 0.5691727265625001 0.893323578125 0.68454200625 0.9009570437500001 0.6948670171875 0.9415549078125001 0.6072469859375 0.9451676109375 0.5121868625 0.9403761906250001 0.4509526109375 0.9202585578125 0.3724645546875 0.90238843125 0.33308418125 0.8793101875 0.312297809375 0.85984119375 0.3085607203125 0.8497789234375001 0.3814260984375
1 0.7989564890625 0.0476078484375 0.794576584375 0.0747094484375 0.8361753203125 0.1535724578125 0.850730878125 0.21497714375000002 0.85717871875 0.2932265921875 0.8823876328125 0.303858384375 0.9188409890625 0.2858097703125 0.951862940625 0.24052320625 0.9667776390625 0.16944115625 0.9657733125 0.1150675203125 0.9510399109375 0.0638515 0.92157138125 0.0174741609375 0.831859878125 0.009113728125 0.7989564890625 0.0476078484375
1 0.9088276359374999 0.69160714375 0.901783528125 0.75942931875 0.9145048203125 0.814007475 0.9457483328125 0.8706075656250001 0.970779403125 0.8914280234374999 0.9932072796875 0.8935181328124999 0.9982461875 0.6048392796875001 0.9933937593750001 0.6030559531249999 0.9560529109375 0.6159931921874999 0.927173740625 0.647763040625 0.9088276359374999 0.69160714375
1 0.3020214421875 0.9867683906250001 0.302849653125 0.9952759890625 0.5225723906249999 0.9974126359375 0.5408592140625 0.9569647546875 0.5419262765624999 0.8958327625000001 0.5138787703125 0.8240008031249999 0.48612594375 0.7912424390624999 0.4371274109375 0.8005789359375 0.3814997390625 0.85396405625 0.3535080609375 0.8908452812500001 0.3020214421875 0.9867683906250001