1 0.65838975 0.9328553812499999 0.696181659375 0.9135399062499999 0.7251742640625001 0.8777438984374999 0.7413592062500001 0.8420864312499999 0.74992110625 0.78838173125 0.7467203812500001 0.750344003125 0.738117915625 0.7082207765625 0.716293828125 0.6696075109375 0.69039576875 0.656160884375 0.65190716875 0.6651240703125 0.6213899546875 0.6973106328124999 0.5915038203125 0.748397046875 0.5767122609374999 0.8047590890625 0.5786711109375 0.8529110765624999 0.5988393656250001 0.9050100234375 0.6227332453125001 0.9267661875 0.65838975 0.9328553812499999
1 0.5139563890625001 0.8911654562500001 0.54288338125 0.8639170125 0.576298303125 0.808130509375 0.5946842625000001 0.7385208109375 0.5961885875 0.69421629375 0.581422075 0.6462028453124999 0.51784305 0.5870626015625 0.4832315828125 0.5965018421875 0.4487060109375 0.645307478125 0.430865234375 0.6944506265625 0.42465585937499994 0.7450219328125 0.427180175 0.8206213375000001 0.4423606453125 0.8652633640625 0.473180875 0.8947144734375 0.5139563890625001 0.8911654562500001
1 0.6593130890625 0.6609000328125 0.64550571875 0.5890486140625 0.616275709375 0.5546593890625 0.5822094265625 0.5436320796875 0.555766184375 0.5506520015625 0.5280154546875 0.5763337484375 0.5251833578125 0.591386128125 0.5848852499999999 0.65005031875 0.596602546875 0.6908448734375 0.5959261375 0.72840655 0.6593130890625 0.6609000328125
1 0.34532136874999997 0.918371153125 0.3777115359375 0.89497018125 0.409470625 0.852669359375 0.41818403281250005 0.8297834937499999 0.42493859218749996 0.7587456390625 0.40407364687499997 0.69629440625 0.3790035046875 0.6761049390625 0.3460478703125 0.672058496875 0.3121330953125 0.691850021875 0.28937014843750003 0.7249886875 0.26793497187500004 0.7873794921874999 0.26283624687499996 0.844931665625 0.2722010171875 0.8888596140624999 0.300668721875 0.9214441171875001 0.34532136874999997 0.918371153125
1 0.44635348593749996 0.6484408734375 0.4891128953125 0.5886683546875 0.48674008750000003 0.5438877859375 0.47419487499999996 0.509836071875 0.451891215625 0.48314179062499996 0.422812715625 0.4795713984375 0.3678564390625 0.5104683453125001 0.33304813437499997 0.5455502765625 0.312440875 0.6011982390624999 0.3066454578125 0.6483981234375 0.310194528125 0.6916119953125001 0.3421707375 0.6715824453125 0.371663196875 0.671781415625 0.3956226875 0.6849900156250001 0.41938534218749995 0.72384130625 0.44635348593749996 0.6484408734375
0 0.26283624687499996 0.844931665625 0.2759516890625 0.754141340625 0.306665740625 0.6963120875000001 0.31326879218750003 0.5944553984375001 0.3303472625 0.5435075265625 0.3073015828125 0.562922484375 0.24465188906250002 0.7366092156249999 0.230557021875 0.8033235453125 0.23347501249999997 0.827637565625 0.2449751875 0.8461608500000001 0.26283624687499996 0.844931665625
0 0.23829100468750003 0.7563616875 0.29623564999999996 0.58894174375 0.2982851578125 0.5241706796875001 0.2905965046875 0.5146710109375 0.2657434828125 0.5167528140625001 0.2651983 0.5372193640625 0.24679205781250002 0.5589150968750001 0.20420443906250002 0.6974204140625 0.2015894640625 0.7347440625 0.21918807187499997 0.767705134375 0.23829100468750003 0.7563616875
0 0.1948349046875 0.8057819171875 0.1998024046875 0.7653248734375 0.2018519140625 0.7005538078125 0.23391878125 0.5676012015625 0.221525078125 0.5643683234375 0.22006608125 0.5522113125 0.238189590625 0.516791871875 0.23091489531249998 0.5039207828125 0.205713528125 0.5008264437500001 0.19125003125 0.5144506671875 0.161232671875 0.58263220625 0.1405144703125 0.7032892609375 0.143669865625 0.7977885171875 0.16817454062499998 0.79053056875 0.1881912875 0.8118106796875001 0.1948349046875 0.8057819171875
0 0.088652740625 0.684943571875 0.1305186203125 0.640461459375 0.176720921875 0.5366224515625 0.1742825015625 0.5003894468750001 0.16583154375 0.48908505625 0.14063017656250001 0.48599071718750003 0.128105246875 0.49985296406249996 0.071664928125 0.622968390625 0.06434490312499999 0.6665588296875 0.07044333593749999 0.680996615625 0.088652740625 0.684943571875
0 0.0686109484375 0.7680389515625 0.080025228125 0.7471958375 0.087476478125 0.6865102703125 0.071205640625 0.6828013375 0.0636482109375 0.65620654375 0.0720788859375 0.6195969703124999 0.09961249531250001 0.5716439515625 0.1119203046875 0.5355104328125 0.11205152968750001 0.5184153046875 0.101313659375 0.50169674375 0.08110007500000001 0.5060593234375 0.051562287500000005 0.5623218796875 0.0506687578125 0.577612284375 0.0704683828125 0.576621125 0.07539055312500001 0.5926256078125001 0.0667427578125 0.6069639078125 0.045352910937500004 0.6128931859375 0.03458999375 0.7005501140625 0.0346102765625 0.748464078125 0.04334396875 0.7734921765625 0.0686109484375 0.7680389515625
2 0 0.5112305703125 0.025795453125 0.5317801265625001 0.0425458625 0.5235700734375001 0.056903179687500006 0.42266549062500003 0.053288496875 0.38799918125 0.058952689062499994 0.357894425 0.0545757015625 0.32142339375 0.0229931671875 0.29016756093749996 0 0.47077299375 0 0.5112305703125
2 0.078383684375 0.30381315937500003 0.0943717890625 0.29379838281250004 0.11955287343750001 0.2489787578125 0.1248031078125 0.222245421875 0.1400289078125 0.21042592343750002 0.1366313453125 0.1980308859375 0.1053315453125 0.1804987609375 0.0721134609375 0.2106425734375 0.041793084375 0.2171864453125 0.02926815625 0.2310486921875 0.022644821875000002 0.28499141875 0.057276571875 0.32346614218749997 0.061002196875000005 0.293123359375 0.071588559375 0.279023084375 0.078383684375 0.30381315937500003
2 0.151639075 0.015614506249999998 0.1017181375 0.0143233171875 0.0667905984375 0.020402646875 0.0452725421875 0.1007034265625 0.0661549671875 0.103267465625 0.06313531875 0.1699421890625 0.09437596875000001 0.17446923281249999 0.132585096875 0.19021977031249998 0.15777272656250002 0.166355996875 0.1823974671875 0.1341288015625 0.197576134375 0.11733039687499999 0.1929155171875 0.0785950828125 0.183200140625 0.04990210625 0.151639075 0.015614506249999998