2 0.6696778015625 0.24142168281249998 0.70557670625 0.21878239375000003 0.7418700953124999 0.212608046875 0.760805759375 0.1913408421875 0.7635672328124999 0.158411 0.8045946031250001 0.14880646718749999 0.7970991484375001 0.10764417343749999 0.7675121593750001 0.0657958046875 0.7150444953124999 0.054819171874999996 0.668888746875 0.07402825468749999 0.645219190625 0.122050953125 0.638112090625 0.1747433609375 0.6649438203125 0.2084918046875 0.6538980109375 0.2256428015625 0.6696778015625 0.24142168281249998
2 0.855878728125 0.3237463046875 0.8795483718750001 0.3065953421875 0.897695153125 0.26680509531249996 0.9387223499999999 0.259944725 0.9359608749999999 0.22975900781249997 0.9134747703125001 0.1666434515625 0.865346603125 0.1289113796875 0.8582457187499999 0.177620103125 0.8452274015624999 0.1522366515625 0.8168238656250001 0.1625272453125 0.8109064328125 0.2043755953125 0.7828973796875001 0.200259353125 0.7766064078125 0.22662083125 0.790392834375 0.2475960296875 0.814851359375 0.3093395046875 0.855878728125 0.3237463046875
2 0.8740254234375 0.3100255265625 0.8546952765625001 0.352559940625 0.855878728125 0.3868618640625 0.8827042437499999 0.4225358671875 0.8941447109375 0.3985245 0.9253095484375 0.36010633125 0.9280710234375 0.336095 0.9418783078124999 0.29836289374999997 0.96633691875 0.3093395046875 0.9829057640625001 0.3415832875 0.999079865625 0.35461804375 1 0.292188546875 0.9868506046875 0.26680509531249996 0.93995868125 0.2599706328125 0.9103188125000001 0.311397609375 0.8917776343750001 0.3107115875 0.8740254234375 0.3100255265625
2 0.976199278125 0.6180568890625 0.9982908984375 0.638637996875 0.9986853828125 0.5618016625 0.9986853828125 0.44037285 0.9982908984375 0.3587342875 0.9789607515625001 0.355990125 0.9304380140624999 0.3635365921875 0.90558491875 0.3909780703125 0.8781689078125 0.46006944843750003 0.874814390625 0.53504620625 0.8925666015625 0.6132545875 0.9363554468749999 0.6084522828125001 0.976199278125 0.6180568890625
2 0.8046875 0.2734375 0.7783203125 0.241168478125 0.76953125 0.253057065625 0.779296875 0.2632472828125 0.7763671875 0.278532609375 0.7412109375 0.2615489125 0.7060546875 0.2241847828125 0.6748046875 0.241168478125 0.669921875 0.2564538046875 0.6796875 0.266644021875 0.6953125 0.3413722828125 0.7099609375 0.35326087031250003 0.712890625 0.3345788046875 0.7216796875 0.3294836953125 0.728515625 0.3413722828125 0.7265625 0.371942934375 0.732421875 0.371942934375 0.7705078125 0.3396739125 0.8076171875 0.3396739125 0.81640625 0.31419837031250003 0.8046875 0.2734375
2 0.859375 0.39232337031250003 0.8349609375 0.356657609375 0.8076171875 0.3396739125 0.7744140625 0.3396739125 0.7373046875 0.36684782656250003 0.724609375 0.39232337031250003 0.716796875 0.4670516296875 0.720703125 0.5689538046875 0.7294921875 0.5774456515625 0.7451171875 0.567255434375 0.7783203125 0.567255434375 0.841796875 0.619904890625 0.859375 0.592730978125 0.87109375 0.5553668484375 0.875 0.4534646734375 0.859375 0.39232337031250003
0 0.44921875 0.59338370625 0.4404296875 0.5713049015625 0.4139713921875 0.5485085546875 0.4206777046875 0.52312514375 0.4068705078125 0.502543996875 0.389118296875 0.49293946406250005 0.3808339609375 0.521067003125 0.41042094999999995 0.557427140625 0.423828125 0.6103674015625 0.423828125 0.6749054453125 0.416015625 0.7258565328125 0.431640625 0.780204359375 0.435546875 0.8617260984374999 0.451171875 0.8719163156249999 0.4658203125 0.8634244671875001 0.4765625 0.8379489234375 0.4765625 0.7700141406250001 0.44921875 0.59338370625
0 0.494140625 0.56826770625 0.4912109375 0.5393954234375 0.4638671875 0.5393954234375 0.453125 0.6090285765625 0.474609375 0.7618818375 0.4833984375 0.7873573796875 0.501953125 0.795849228125 0.515625 0.7856590109375 0.5234375 0.7482948796875 0.509765625 0.598838359375 0.494140625 0.56826770625
0 0.5654296875 0.540081521875 0.5341796875 0.53328804375 0.5234375 0.5485733703125 0.533203125 0.5859375 0.521484375 0.59952445625 0.52734375 0.721807065625 0.51171875 0.8305027171875 0.5146484375 0.838994565625 0.5322265625 0.8288043484375001 0.56640625 0.8372961953125 0.587890625 0.735394021875 0.587890625 0.6165081515625 0.58203125 0.579144021875 0.5654296875 0.540081521875
0 0.6279296875 0.5298913046875 0.5947265625 0.5298913046875 0.5859375 0.5451766296875 0.587890625 0.6097146734375001 0.61328125 0.6946331515625 0.64453125 0.7319972828125 0.662109375 0.7150135875 0.6640625 0.6810461953125 0.638671875 0.551970109375 0.6279296875 0.5298913046875
0 0.6874300125 0.6571610406249999 0.696503315625 0.6523588124999999 0.697292284375 0.5885571953125 0.678356621875 0.556999434375 0.659026475 0.556999434375 0.6495586 0.5906153375 0.6640625 0.6674592390625 0.662109375 0.7184103265624999 0.6455078125 0.7302989125 0.638671875 0.7591711953125 0.642578125 0.8135190218749999 0.666015625 0.8271059781250001 0.677734375 0.8169157609375001 0.69140625 0.7659646734375001 0.694530896875 0.692835084375 0.6874300125 0.6571610406249999
1 0.423828125 0.670855978125 0.416015625 0.5757472828125 0.3857421875 0.5298913046875 0.3447265625 0.4959239125 0.3251953125 0.48573369531250005 0.2880859375 0.4959239125 0.259765625 0.5451766296875 0.25390625 0.6029211953125 0.27734375 0.6470788046875 0.291015625 0.7184103265624999 0.296875 0.721807065625 0.3369140625 0.6861413046875 0.3798828125 0.68953804375 0.4130859375 0.7201086953125 0.423828125 0.670855978125
1 0.42578125 0.762567934375 0.4072265625 0.71671195625 0.3759765625 0.68953804375 0.3447265625 0.6861413046875 0.3115234375 0.703125 0.283203125 0.7659646734375001 0.28515625 0.8508831515624999 0.3173828125 0.9103260875 0.3583984375 0.9408967390624999 0.37890625 0.9425951093749999 0.4052734375 0.9307065218749999 0.431640625 0.878057065625 0.43359375 0.799932065625 0.42578125 0.762567934375
1 0.28125 0.6606657609375 0.2490234375 0.5978260875 0.2314453125 0.5842391296875 0.2060546875 0.5842391296875 0.1552734375 0.6216032609375 0.134765625 0.65047554375 0.123046875 0.6878396734375001 0.12109375 0.7421875 0.130859375 0.8033288046875 0.1650390625 0.8695652171875 0.1943359375 0.8933423906250001 0.2265625 0.8916440218749999 0.2509765625 0.87296195625 0.26953125 0.840692934375 0.291015625 0.7252038046875 0.28125 0.6606657609375
1 0.2060546875 0.5570652171875 0.1728515625 0.53328804375 0.1279296875 0.540081521875 0.0986328125 0.567255434375 0.083984375 0.5961277171875 0.072265625 0.643682065625 0.119140625 0.7252038046875 0.123046875 0.684442934375 0.1435546875 0.6351902171875 0.21875 0.579144021875 0.2060546875 0.5570652171875
1 0 0.8916440218749999 0.0341796875 0.9103260875 0.060546875 0.9086277171875 0.0869140625 0.8933423906250001 0.11328125 0.8508831515624999 0.125 0.8033288046875 0.123046875 0.75577445625 0.10546875 0.7014266296875 0.0732421875 0.6487771734375001 0.0400390625 0.631793478125 0.0126953125 0.63858695625 0 0.65047554375 0 0.8916440218749999