1 0.17708093593750002 0.16704098750000002 0.1846878703125 0.207133353125 0.1795730296875 0.21985761875 0.11978699374999999 0.25055578437500003 0.12967124375 0.3349196640625 0.15313749375000002 0.403654234375 0.193796021875 0.4613972875 0.229469246875 0.49068495 0.2570196234375 0.49024311875000004 0.297078109375 0.4314463921875 0.302064528125 0.3827239046875 0.29643488906250004 0.3286331671875 0.2686708484375 0.2433520046875 0.2532842671875 0.2180734828125 0.1862787875 0.16231819218750002 0.17708093593750002 0.16704098750000002
1 0 0.507380696875 0.0446099171875 0.5646869265625 0.08948099375 0.5892517953125 0.10014022812500001 0.580893496875 0.13736230625 0.501914675 0.13130311249999999 0.43073370312500003 0.1188824734375 0.38445761875 0.0963185140625 0.3361769625 0.0806739765625 0.316079875 0.0452155296875 0.295337328125 0 0.30647775781250003 0 0.507380696875
1 0.6593160265625 0.43370404531249995 0.636536175 0.4540561484375 0.616807509375 0.5031354625 0.6398873828125 0.54105325 0.623683753125 0.54504558125 0.610188109375 0.5332217859374999 0.6119495125000001 0.587856171875 0.6022789265624999 0.5892152828125 0.596519753125 0.5763042 0.59045944375 0.5823011 0.5917049343749999 0.6472983546875 0.6060165125 0.70702916875 0.6237667671875 0.7491261031249999 0.680327790625 0.821784809375 0.734826275 0.8587171187499999 0.7990817015625 0.8668372109375 0.824225228125 0.8633035187500001 0.8658735171874999 0.836869509375 0.889082925 0.8336076390624999 0.913667359375 0.8541633687499999 0.93111759375 0.8379904140625 0.9348574062499999 0.8014485499999999 0.904986534375 0.7713454171875 0.8926522531250001 0.6976162296874999 0.832224109375 0.5483232921875001 0.7973247546875 0.5034913249999999 0.7568378265625 0.46801994375 0.6837288609375001 0.4319881078125 0.6593160265625 0.43370404531249995
1 0.43681286249999995 0.029349481249999997 0.3995055421875 0.0586035296875 0.382183728125 0.110774703125 0.386867896875 0.158138078125 0.40461815312500005 0.2002350125 0.42675255625 0.23142543437500002 0.464101940625 0.265622709375 0.49981834375 0.281183821875 0.5554350109375 0.2699372875 0.5753352765625 0.243129640625 0.5892615890624999 0.19486579375 0.590379771875 0.146686953125 0.5832887515625 0.09623171875 0.5688908171875 0.0639540078125 0.5464984578125 0.037945021875 0.48443510468750006 0.024371671875 0.43681286249999995 0.029349481249999997
1 0.2975043234375 0.680070253125 0.266558446875 0.6844194124999999 0.2423592765625 0.7718583437500001 0.2560254046875 0.8831316828125001 0.28340306875 0.93759605625 0.310136396875 0.9664250796875 0.355566565625 0.9669005265624999 0.3783464171875 0.9465484234374999 0.396140965625 0.8977409328125001 0.40452288281250004 0.8451111171875001 0.40658653593749994 0.8036596406250001 0.396186371875 0.7296586296875 0.38565667187499997 0.6968372734375 0.3531641703125 0.655097165625 0.33747645312499996 0.6487266296875001 0.2975043234375 0.680070253125
1 0.0968720359375 0.69797691875 0.0660114015625 0.7520508515625 0.06201363125 0.79377415 0.077270678125 0.860232328125 0.1012960203125 0.9048774796875 0.132843053125 0.939890221875 0.19464845 0.95864500625 0.2212533578125 0.951475809375 0.242916140625 0.9021246734374999 0.245452528125 0.8640368765625001 0.22112716406250002 0.7611218390625 0.1876891921875 0.7126543671875 0.12807586875000002 0.6884463249999999 0.0968720359375 0.69797691875
1 0.5927002671875 0.177231915625 0.5833728796875 0.223134365625 0.5646328625 0.26521449375 0.5447757765625 0.2782955875 0.48387267031250003 0.27999471875 0.4802192140625 0.28908347968750003 0.4857624953125 0.37062732187499997 0.49388534218749996 0.40035681875 0.5025672812499999 0.40599689375 0.50802531875 0.4378159640625 0.5404325796875 0.4298313 0.5703034515625001 0.45993443125000005 0.5959197109375001 0.45976442031250003 0.605074384375 0.46876817812500005 0.632667940625 0.45459979375000004 0.674617365625 0.40925779687499997 0.6787446703125 0.3263548421875 0.6735445890625 0.2893543375 0.6539033953125 0.2338026734375 0.6137176015625 0.1794233046875 0.5999640015625001 0.17278094375 0.5927002671875 0.177231915625
1 0.151122590625 0.045489784374999995 0.15464651093749998 0.07758067656249999 0.1834423796875 0.1421360984375 0.21786899843750002 0.18360438437499998 0.24971716718749998 0.199709140625 0.2825971609375 0.195088159375 0.31169527812500003 0.16355771875 0.325105678125 0.125656740625 0.3291466265625 0.0702068890625 0.322528340625 0.0231153375 0.151122590625 0.045489784374999995
1 0.6428210453125 0 0.6430327250000001 0.0020822296875 0.6583329499999999 0.0548138578125 0.6802093953125 0.0911857125 0.71493715 0.1137460109375 0.736212440625 0.11075596406249999 0.7588206937499999 0.0681321921875 0.77490350625 0 0.6428210453125 0
1 0.0254049640625 0.06315824375 0.0316789375 0.142884334375 0.0585406875 0.20771157968749998 0.0997583078125 0.241365209375 0.14424300625 0.23511329375 0.1791002953125 0.2164939359375 0.178971875 0.180495715625 0.1349189609375 0.0494821171875 0.0254049640625 0.06315824375
1 0 0.2989032984375 0.054671339062500005 0.28543309843750003 0.064643059375 0.265166 0.0667067125 0.22371452343749998 0.0364494625 0.16279460625 0.0208060390625 0.0655196421875 0 0.068443740625 0 0.2989032984375
1 0.33262736875 0.116024334375 0.294889378125 0.20536602343750002 0.293212103125 0.2776342875 0.30124859375 0.3348168859375 0.32265230625 0.367825059375 0.356005034375 0.36656775937499997 0.3991147078125 0.33649824375000004 0.4204763546875 0.30605509375 0.4368095203125 0.26088310625 0.4363799640625 0.24379287343749997 0.40749773906250003 0.20669055468750003 0.3849337796875 0.1584099 0.37543590781249997 0.10486280625 0.33262736875 0.116024334375
1 0.2323488328125 0.4971404921875 0.202305246875 0.5219435671875 0.1937517296875 0.5523017140625 0.1989518109375 0.5893022203125 0.215756596875 0.6246717890625 0.2482491 0.666411896875 0.2718880640625 0.6802402609375 0.291701971875 0.6808857203125 0.3188227921875 0.6633536531249999 0.34529927968749996 0.6201862359375 0.342033315625 0.582913909375 0.3156443 0.521450346875 0.2751573703125 0.4859789640625 0.2323488328125 0.4971404921875
1 0.11862228906250001 0.543994803125 0.10327777187500001 0.582167603125 0.10942332343750001 0.6258954734375 0.164050228125 0.698826003125 0.2118872484375 0.7023933109375 0.2259419828125 0.6901276843749999 0.23350685312500002 0.6667687250000001 0.23067044375 0.6465866296875 0.20806330625 0.6120325281250001 0.1908289640625 0.5595727234375001 0.137748684375 0.5327314624999999 0.11862228906250001 0.543994803125
1 0 0.534347940625 0.031498425000000004 0.73803566875 0.0662693578125 0.746869415625 0.0963993 0.6946132359375 0.13826236875 0.67672434375 0.1098960578125 0.6292591562500001 0.0976901984375 0.5915281875 0.0841513765625 0.5934309453125 0.049423621875000004 0.570870646875 0.008721915625 0.526854146875 0 0.5280799328125 0 0.534347940625
1 0.5066458375 0.722709865625 0.49357975 0.7279763046875 0.4481927609375 0.71377430625 0.42988229999999994 0.7729446671875 0.4350823828125 0.8099451734375 0.44754619843750004 0.8424947062499999 0.47715911406249994 0.8777792718749999 0.5133482515625001 0.8967040671875001 0.55009648125 0.8915394390625 0.5728763328124999 0.871187334375 0.58482535 0.8369218640625 0.5884367421875 0.764381778125 0.57502745625 0.7251048796874999 0.5321336765625 0.6865416375 0.5066458375 0.722709865625
1 0.763376440625 0.079497346875 0.7376306453125 0.12084701093750001 0.7163553546875 0.12383705781250001 0.7043631593749999 0.1718290828125 0.7041904453125001 0.22673528906249998 0.7194906703124999 0.2794669171875 0.74785698125 0.326932103125 0.7895473359375 0.363949415625 0.8189886515625 0.37696231406249997 0.8475276765625 0.3695212953125 0.8809667625 0.340810890625 0.8958385453125001 0.299274409375 0.9008249640624999 0.2505519234375 0.891327090625 0.197004828125 0.86876313125 0.1487241734375 0.8223022515625 0.0917965890625 0.791657509375 0.0772377609375 0.763376440625 0.079497346875
1 1 0.5082934078125 0.9810238359375001 0.41421686874999997 0.966625903125 0.38193915624999997 0.93507886875 0.3469264140625 0.9029727453125 0.3360030921875 0.8184727390625 0.3873251828125 0.8089305734375 0.424682515625 0.8115942671875 0.4997708171875 0.8666075515625 0.60351813125 0.91629233125 0.63426671875 0.9472382093749999 0.629917559375 0.9724249125 0.612657315625 0.9812795640624999 0.5633911828125 0.9816659421875 0.5942079703125 0.9921103984374999 0.5773045531250001 1 0.5151657671875001 1 0.5082934078125
1 0.4812897625 0.5633426906250001 0.46749298437500003 0.5704268828125 0.464999775 0.5947881265625 0.45558714531250005 0.5909658046875 0.44961319375000003 0.569509603125 0.4341402546875 0.5716841828125 0.43959829375000004 0.603503253125 0.42262079375 0.623039890625 0.4369323703125 0.682770703125 0.46027019999999996 0.715507053125 0.4776340765625 0.726787203125 0.51489821875 0.71125970625 0.5293404453125 0.652632990625 0.5155879609375 0.56881275625 0.4936251578125 0.5598940031249999 0.4823215890625 0.542616953125 0.4812897625 0.5633426906250001