1 0.2109375 0.6538722828125 0.1826171875 0.6012228265624999 0.1650390625 0.5876358703125 0.1396484375 0.5876358703125 0.0888671875 0.625 0.06640625 0.657269021875 0.056640625 0.6878396734375001 0.052734375 0.7421875 0.0625 0.799932065625 0.0927734375 0.8661684781250001 0.1279296875 0.8967391296875 0.16015625 0.8950407609375001 0.1884765625 0.8695652171875 0.20703125 0.8305027171875 0.22265625 0.708220109375 0.2109375 0.6538722828125
1 0.1376953125 0.5570652171875 0.1083984375 0.5366847828125 0.0693359375 0.540081521875 0.0341796875 0.5706521734375001 0.015625 0.6097146734375001 0.005859375 0.65047554375 0.052734375 0.72860054375 0.05859375 0.67764945625 0.0791015625 0.6351902171875 0.15234375 0.579144021875 0.1376953125 0.5570652171875
1 0.056640625 0.7693614125 0.0390625 0.708220109375 0.0009765625 0.6487771734375001 0 0.9052309781250001 0.0078125 0.9052309781250001 0.0263671875 0.8865489125 0.048828125 0.8440896734375001 0.056640625 0.8135190218749999 0.056640625 0.7693614125
1 0.2744140625 0.4959239125 0.2353515625 0.489130434375 0.2119140625 0.512907609375 0.193359375 0.551970109375 0.1875 0.606317934375 0.212890625 0.657269021875 0.2255859375 0.723505434375 0.2490234375 0.6997282609375 0.2861328125 0.6861413046875 0.34765625 0.721807065625 0.357421875 0.67764945625 0.353515625 0.5893342390625 0.3212890625 0.53328804375 0.2744140625 0.4959239125
1 0.357421875 0.7659646734375001 0.345703125 0.7319972828125 0.3193359375 0.6997282609375 0.2998046875 0.68953804375 0.2509765625 0.6997282609375 0.2353515625 0.71671195625 0.216796875 0.7591711953125 0.21484375 0.8440896734375001 0.224609375 0.8746603265624999 0.2490234375 0.9137228265624999 0.2841796875 0.9408967390624999 0.30859375 0.9459918484375001 0.3369140625 0.9341032609375001 0.361328125 0.8882472828125 0.365234375 0.80672554375 0.357421875 0.7659646734375001
0 0.384765625 0.5893342390625 0.349609375 0.551970109375 0.349609375 0.5383831515625 0.357421875 0.5315896734375001 0.3505859375 0.5095108703125 0.3310546875 0.5061141296875 0.318359375 0.528192934375 0.353515625 0.5859375 0.359375 0.657269021875 0.3515625 0.7319972828125 0.365234375 0.799932065625 0.3671875 0.8610733703125 0.3759765625 0.8763586953125 0.390625 0.8746603265624999 0.40234375 0.8644701093749999 0.412109375 0.8271059781250001 0.400390625 0.67764945625 0.384765625 0.5893342390625
0 0.4296875 0.565557065625 0.4267578125 0.540081521875 0.4033203125 0.5434782609375 0.392578125 0.6334918484375 0.41015625 0.7693614125 0.4248046875 0.7982336953125 0.44140625 0.7965353265624999 0.44921875 0.7897418484375 0.45703125 0.7591711953125 0.447265625 0.6029211953125 0.4296875 0.565557065625
0 0.4990234375 0.5366847828125 0.4736328125 0.5366847828125 0.462890625 0.5485733703125 0.470703125 0.5825407609375 0.458984375 0.6029211953125 0.462890625 0.7184103265624999 0.4453125 0.83389945625 0.4482421875 0.8423913046875 0.4794921875 0.8322010875 0.498046875 0.8440896734375001 0.521484375 0.75577445625 0.525390625 0.619904890625 0.51171875 0.5621603265624999 0.4990234375 0.5366847828125
0 0.576171875 0.551970109375 0.5654296875 0.5298913046875 0.5341796875 0.5298913046875 0.521484375 0.565557065625 0.529296875 0.630095109375 0.55078125 0.7014266296875 0.5693359375 0.7302989125 0.58203125 0.7319972828125 0.595703125 0.7184103265624999 0.59765625 0.6674592390625 0.587890625 0.643682065625 0.576171875 0.551970109375
0 0.62194403125 0.5666040437500001 0.6010358625000001 0.5597435984375 0.591173590625 0.5844409890625 0.5868340937500001 0.637951975 0.600641378125 0.6585331609375 0.59765625 0.7116168484375 0.578125 0.7387907609375 0.57421875 0.7591711953125 0.576171875 0.8135190218749999 0.5869140625 0.8288043484375001 0.60546875 0.8271059781250001 0.630859375 0.7523777171875 0.626953125 0.698029890625 0.6365402828125 0.59884775 0.62194403125 0.5666040437500001
2 0.796875 0.39232337031250003 0.7744140625 0.3600543484375 0.7392578125 0.3396739125 0.7177734375 0.3396739125 0.6806640625 0.3634510875 0.66015625 0.409307065625 0.654296875 0.4704483703125 0.658203125 0.565557065625 0.6669921875 0.5774456515625 0.6884765625 0.567255434375 0.7255859375 0.5740489125 0.775390625 0.6266983703125 0.798828125 0.592730978125 0.810546875 0.5451766296875 0.8125 0.44667119531250005 0.796875 0.39232337031250003
2 0.75 0.2836277171875 0.7177734375 0.2513586953125 0.7265625 0.2734375 0.7119140625 0.278532609375 0.6787109375 0.2615489125 0.6474609375 0.227581521875 0.6162109375 0.2445652171875 0.611328125 0.2564538046875 0.619140625 0.266644021875 0.62890625 0.32778532656250003 0.6455078125 0.356657609375 0.6572265625 0.3294836953125 0.66796875 0.3481657609375 0.669921875 0.37533967343749997 0.7060546875 0.3430706515625 0.7490234375 0.3396739125 0.7578125 0.31419837031250003 0.75 0.2836277171875
2 0.856667696875 0.6084522828125001 0.8874382234375 0.6166847718749999 0.9343829390625 0.637265953125 0.9438509015625 0.6111964453125001 0.9454287499999999 0.572778390625 0.9738322875 0.504860565625 0.98527258125 0.476732915625 0.9817221390625 0.4458611765625 0.9485847078124999 0.3690248421875 0.9257041203125 0.353931984375 0.868107990625 0.3683388203125 0.8483393625 0.38966430937499996 0.82313586875 0.4492913609375 0.8124845421875 0.523383609375 0.828264159375 0.620800978125 0.856667696875 0.6084522828125001
2 0.6460081578125 0.21809637187500003 0.6700722859375 0.21946845312500002 0.696503315625 0.21603823125 0.7075491265625 0.18928273906249998 0.7118885359375 0.1522366515625 0.753310390625 0.1522366515625 0.7509433999999999 0.13439966875 0.726879359375 0.07059808906250001 0.684274053125 0.05619125312499999 0.6467971265625 0.058935415625 0.6112927046875 0.078830521875 0.591173590625 0.1268532203125 0.58839618125 0.1747433609375 0.6018249171875001 0.239363540625 0.6215495468750001 0.23113108906250002 0.6460081578125 0.21809637187500003
2 0.8523282859375 0.37725733125 0.8665300546875001 0.34844369531249997 0.8870438265624999 0.30453723906249996 0.9016399921874999 0.314141809375 0.9197866875 0.3429553703125 0.93398845625 0.35050179843749996 0.959236034375 0.3655946578125 0.949768159375 0.31757195625 0.93201595 0.277781709375 0.8905942687499999 0.260630746875 0.8740254234375 0.272293421875 0.8578511484375 0.3059092859375 0.8223468140625 0.315513853125 0.8099870906250001 0.3291405953125 0.8018332156250001 0.3868618640625 0.8243192328125 0.4143033796875 0.8523282859375 0.37725733125
2 0.8235302656249999 0.3017931140625 0.8341815921875 0.280525871875 0.8550898468750001 0.27366550312500004 0.8815207921875 0.242107703125 0.8724474875 0.197515190625 0.8329981406250001 0.1460623046875 0.8105119484375001 0.136457771875 0.8030165796875 0.1700736734375 0.785658853125 0.180364228125 0.7655397390625 0.1693876140625 0.753704875 0.20986388281249999 0.7327967046875 0.2078057796875 0.712677590625 0.23730543750000002 0.77185156875 0.3093395046875 0.8038055484375001 0.315513853125 0.8235302656249999 0.3017931140625