1 0.0766073828125 0.3131131640625 0.06275468125 0.328503053125 0.043697078125 0.3736211328125 0.034811878125 0.42946806562499995 0.042394353125 0.5072487609375 0.0527635953125 0.54362030625 0.0866580890625 0.6113257953125 0.11205629375 0.6338741484375 0.14459796875 0.6264562859375 0.1901190984375 0.5404441640625001 0.1933198234375 0.5024064359375 0.1775894046875 0.37429246250000003 0.15164601718749998 0.3312775609375 0.12043211250000001 0.3094432859375 0.0766073828125 0.3131131640625
1 0.1901847109375 0.5489917281250001 0.165659753125 0.5896477421874999 0.11985589062499999 0.689383571875 0.086990915625 0.8063530671875 0.0842041484375 0.8477622171875 0.09235209062500001 0.898095496875 0.1136560421875 0.943391171875 0.153169396875 0.984739890625 0.20121960625000002 0.9754178187500001 0.24153583125 0.9191338890624999 0.2743149109375 0.841530790625 0.3013641859375 0.725275371875 0.3029090765625 0.6737519625 0.290056084375 0.61715189375 0.2191975984375 0.5368737734375 0.1901847109375 0.5489917281250001
1 0.21866793437499998 0.31620380937500003 0.194425709375 0.343136115625 0.185343671875 0.37334035781249997 0.1893317484375 0.437873396875 0.216299890625 0.51327383125 0.2955234390625 0.6216139593750001 0.34091810625 0.670796165625 0.38951349999999996 0.6819406406249999 0.4199853828125 0.657665675 0.4352970796875 0.630118775 0.4412642875 0.5985858609375 0.43422699531250003 0.541271715625 0.40447208593750006 0.50728043125 0.3945824140625 0.48282786875 0.3852379265625 0.47884185625000003 0.3779179015625 0.4352514171875 0.3350928796875 0.3669313359375 0.3006329203125 0.3266732625 0.24961938906249997 0.303847828125 0.21866793437499998 0.31620380937500003
1 0.3882245625 1 0.3998469390625 0.9664295656249999 0.40831818125 0.9072112109375 0.4108222140625 0.8795257703124999 0.3985346875 0.7954782875 0.396353953125 0.7136120953125 0.38258715 0.6896355859375001 0.342508328125 0.67573428125 0.3208357484375 0.6835287125 0.3046961359375 0.7043327703125 0.28831911875 0.795322065625 0.260310703125 0.887739515625 0.2730121875 0.9751584187500001 0.289518146875 1 0.3882245625 1
1 0.43386912187500004 0.241868953125 0.41613928749999995 0.25773489375 0.378655159375 0.3290712046875 0.37240521718749997 0.374327825 0.3802704265625 0.43838481093750004 0.3897461390625 0.45946595312499994 0.40677928124999996 0.4539522984375 0.418890253125 0.46444312656250003 0.42607905312499994 0.49093843593750003 0.41928392812500004 0.5157285093749999 0.447862575 0.5481530968749999 0.5133396015625 0.5846027546875 0.5564020265625 0.5827376015625 0.57565646875 0.5632622125 0.5965214140625 0.500810978125 0.5997221390624999 0.46277324999999997 0.5875658390625 0.39582089531250003 0.5682004546874999 0.35028719218750004 0.518731815625 0.2759383484375 0.46024675156250006 0.24034131093750002 0.43386912187500004 0.241868953125
1 0.5548774187500001 0.586347046875 0.47733475 0.595868090625 0.4288503 0.649732703125 0.4075713953125 0.7088125187500001 0.39910015468750004 0.768030871875 0.40295700468750006 0.8154687828125 0.42315030625 0.8677453265624999 0.47706154375 0.914170703125 0.5295340703125 0.9248391281250001 0.5562600453125001 0.9181353421875 0.5793916218749999 0.8981839031250001 0.6233225296875 0.8072336640625 0.6603068046875 0.7718923328125 0.6646837921875 0.7354213015625 0.6609581671875 0.7050785187499999 0.6450559578124999 0.65569734375 0.6088745531249999 0.593406025 0.57225890625 0.5756572484375 0.5548774187500001 0.586347046875
1 0.65341149375 0.3791804453125 0.6299971859375 0.41285559374999997 0.6128781484375 0.4577356484375 0.60564878125 0.5270682640625 0.6150385984375 0.587515803125 0.646994525 0.6554593171875001 0.673220646875 0.6847505109375 0.70866003125 0.7009325890625 0.75048058125 0.6889531765625 0.7708456734375 0.6624969218750001 0.791013928125 0.6103979749999999 0.7943661609375 0.5415414109375 0.7866321765625 0.4945795515625 0.762147784375 0.439407640625 0.7186260703125 0.38143984531249997 0.68824008125 0.3663484125 0.65341149375 0.3791804453125
1 0.7175058921875 0.0838418078125 0.697620371875 0.12221704687499998 0.687755746875 0.202139975 0.68967403125 0.2498159109375 0.698781115625 0.323987159375 0.7170358484375 0.3765017296875 0.7413234046875 0.4060309484375 0.8025093390625001 0.4395852359375 0.8284073968750001 0.42613861093749994 0.8498175265624999 0.384153925 0.8654978515625 0.30351691875000003 0.866628784375 0.24862208749999998 0.8547552171874999 0.167946025 0.8352586078125 0.105317196875 0.806266003125 0.0695211875 0.7720028812499999 0.05490580625 0.7175058921875 0.0838418078125
1 0.5138534156250001 0 0.45847521249999995 0.009557084375 0.4363481078125 0.10980802187500001 0.440336184375 0.1743410609375 0.46211970625000004 0.2315557203125 0.5050306234375 0.2605094046875 0.5371380578125 0.29763408281250003 0.5783931421874999 0.3131020828125 0.6137013 0.312189034375 0.6549766671875 0.27974307187499997 0.67333758125 0.2449772796875 0.6791735640625001 0.1963492390625 0.673378146875 0.149149353125 0.6515290125 0.083387128125 0.6291144109375 0.045072320312500004 0.5919535812500001 0.00685699375 0.578147303125 0 0.5138534156250001 0
1 0.21532645781249998 0.032567501562500004 0.207637803125 0.0420671703125 0.1854450875 0.1337705421875 0.185293578125 0.16458937812500002 0.200499096875 0.22432284062500002 0.25619739375 0.3013290265625 0.2780668109375 0.31917728749999996 0.3040960953125 0.32282578906250003 0.34079763750000003 0.3012081671875 0.4068806953125 0.2143824828125 0.4312088171875 0.1480837765625 0.4384381828125 0.0787511609375 0.427937715625 0.0252844875 0.4181136578125 0.0093794890625 0.21532645781249998 0.032567501562500004
1 0 0.3091491703125 0.0343728734375 0.3217211578125 0.12812076562500002 0.29994361718749996 0.1523629921875 0.2730113109375 0.1643630203125 0.2184930484375 0.15318614531250002 0.1274646984375 0.13658724375 0.0884358109375 0.1001887171875 0.0484157640625 0 0.06186005 0 0.3091491703125
1 0.6441015796875 0.784148828125 0.6041993125 0.8438041796875 0.58250645 0.899512571875 0.574297659375 0.9929211828125 0.7576991921875 0.97211343125 0.7637522953125 0.9012141187499999 0.7571289625000001 0.8472713921875 0.7444071953125 0.8077664515625 0.7224721656249999 0.781370628125 0.671589859375 0.7756403203125 0.6441015796875 0.784148828125
1 0.783173765625 0.650716478125 0.74486171875 0.7153099468749999 0.7390257359375 0.7639379875000001 0.7427513609374999 0.7942807703125 0.7630758875 0.8636524421875 0.7937899374999999 0.9214816953125 0.83095076875 0.9596970203125 0.9395105031250001 0.9463675609375001 0.9630107078125001 0.8733260140624999 0.9566701078125 0.8056595812499999 0.9439483390625 0.766154640625 0.8908853000000001 0.6785581406250001 0.8576672171874999 0.648414328125 0.8218794859375 0.6374083921875 0.783173765625 0.650716478125
1 0.852518396875 0.3821111765625 0.8268827890624999 0.4297480578125 0.780836759375 0.4473796671875 0.7965671765625 0.575493640625 0.827215615625 0.6247753312500001 0.855314690625 0.645280934375 0.895459125 0.6677298015625001 0.9423986843750001 0.6653885953125 0.9566653437499999 0.6533701265625 0.971149121875 0.6190803859375 0.9762884140624999 0.58080463125 0.9696650796874999 0.52686190625 0.9514103453124999 0.4743473359375 0.9262292625 0.4295277125 0.8980645734375001 0.40047454531250004 0.86338749375 0.38248774218750003 0.852518396875 0.3821111765625
1 0.8708948296875001 0.1471419671875 0.8539273 0.161203184375 0.8675879265625 0.2724600578125 0.8555020015625001 0.36634471875 0.85985870625 0.3777876515625 0.922286515625 0.4214562 0.9477706156249999 0.4046381546875 0.9700086625000001 0.369396309375 0.9779144375 0.3376253703125 0.977106803125 0.282968565625 0.9696555531250001 0.22228299843750002 0.9562370937500001 0.193130346875 0.9210148312499999 0.154676996875 0.8953338921875 0.14585235000000002 0.8708948296875001 0.1471419671875