1 0.9277262875 0.3039771296875 0.903791784375 0.25274270468750004 0.8730362109375 0.2146254109375 0.8554781124999999 0.2036500203125 0.8123395234374999 0.2122020421875 0.788353134375 0.24179421250000002 0.7752712625 0.29029375625 0.7954632109374999 0.41778070156249997 0.8090245640625 0.4534626734375 0.8764904343750001 0.5235955078125001 0.9098161421875 0.5217563140625 0.9280152953125 0.49308075156250003 0.9419346109375001 0.4186554703125 0.941876809375 0.3808347453125 0.9277262875 0.3039771296875
1 1 0.7570171078125 0.9955448828125 0.7196816296875 0.9814521624999999 0.6806447375 0.9176191593749999 0.57726525625 0.846098740625 0.4940182796875 0.8113175203124999 0.46169720468750003 0.78008838125 0.45804571406249994 0.7341024828125 0.5547452421875 0.7373484859375 0.612695484375 0.7530353078124999 0.6617971359375 0.811081075 0.766093225 0.8639806625 0.8316549734375001 0.918249059375 0.8746459015625 0.9670073953125 0.8703624187500001 0.99359281875 0.8197241234374999 1 0.7801170171875 1 0.7570171078125
1 0.6203735359375 0.62950295625 0.656356078125 0.6444383625000001 0.699997134375 0.6203308984375 0.7300768359375 0.5605414625 0.7763688125 0.4345612765625 0.781509078125 0.3546483015625 0.767554946875 0.2915159 0.7504993140625 0.2649850671875 0.7197726421875 0.24577813437499998 0.6866144234375 0.24243217968750003 0.6438686140625001 0.27843463125 0.6218402046875 0.326631628125 0.5995057171875 0.40410928124999995 0.6044844109375 0.44802877187499995 0.59660060625 0.45443606406250003 0.5938340828124999 0.4806673375 0.574601096875 0.5215434234375 0.5836343375 0.57857705625 0.598062034375 0.6072436531250001 0.6203735359375 0.62950295625
1 0.8372796359375 0.8066518203124999 0.784882515625 0.7255346312500001 0.74405986875 0.642584225 0.7228111015625001 0.6270347609375 0.6998296453124999 0.6255160453124999 0.665135128125 0.64992605625 0.658510446875 0.676768403125 0.678979571875 0.7560643296875 0.6903346703125 0.8402428562500001 0.7003728421875001 0.8661656046875 0.7248387125 0.9207549500000001 0.754196575 0.9625327015625 0.8313597265625001 0.9503112578125 0.8491661 0.8941852671875001 0.8372796359375 0.8066518203124999
1 0.5819246328125 0.4928708484375 0.5685596703125 0.4709140921875 0.5681668906249999 0.4434636625 0.5769170390625 0.43004099531250006 0.594810115625 0.430646090625 0.5981080046875 0.4077697359375 0.58801203125 0.3440262625 0.5695297859374999 0.302245525 0.5138347765625 0.2440046890625 0.4924185203125 0.23364037031249998 0.46664164062499996 0.23944256875 0.42023406249999995 0.28978130625 0.3931750734375 0.3748854046875 0.3871106609375 0.4239930328125 0.3938798453125 0.49170249843749997 0.40744119687499997 0.52738446875 0.44471176406249996 0.5816652906249999 0.468588465625 0.5950789921874999 0.51049683125 0.5850022796875 0.563390503125 0.5319167046875 0.5819246328125 0.4928708484375
1 0.6362107765625 0.8918037375000001 0.6752370171875001 0.83231685 0.6802386953124999 0.7764993828125 0.670870478125 0.72983604375 0.6464046078125001 0.6752467 0.6096654078125 0.624320796875 0.5482120625 0.5859069328125 0.47104891093749995 0.5981283765625001 0.4513942453125 0.59264366875 0.421089253125 0.619797528125 0.40347926718749993 0.6896487328124999 0.40180437968750005 0.7415002078125 0.40658668281250004 0.771694484375 0.42084689218750004 0.805546228125 0.46613984999999997 0.8293242484375 0.5334382328125 0.9046422296875001 0.5611730921875 0.917444859375 0.5887115625 0.9165222734375 0.6362107765625 0.8918037375000001
1 0.4015501890625 0.68995426875 0.41354042656249995 0.6158345234375 0.4059048984375 0.5551404359375 0.3798449265625 0.49048633124999996 0.35101843125 0.45206350000000006 0.319229025 0.426146728125 0.28221265 0.423411846875 0.25716352656249997 0.4462941765625 0.231305859375 0.5140126078125 0.22297739062500002 0.5737960656250001 0.22848744999999998 0.6210704765624999 0.2506892640625 0.686335653125 0.28443665 0.7308572515625 0.311305165625 0.7506752546875 0.3548076328125 0.7506633015624999 0.3844137703125 0.7253396703125 0.4015501890625 0.68995426875
1 0.2573310140625 0.4411090296875 0.2604036140625 0.3855970984375 0.24871353906250002 0.3117888671875 0.2374162421875 0.26543106562499996 0.2059040125 0.191323275 0.17621117343749998 0.15991581875 0.11584946249999999 0.1471221546875 0.08694218125 0.17061555781249998 0.06893941718749999 0.213016334375 0.06746091875 0.2785930234375 0.07828465 0.3594166296875 0.0945028390625 0.41187319999999994 0.1318023046875 0.48506438281250003 0.163955590625 0.519521221875 0.19255679375 0.5253084765625 0.24212367499999998 0.4761888953125 0.2573310140625 0.4411090296875
1 0.4085210015625 0.31571003124999997 0.42915169999999997 0.27117349062499996 0.46241960468750004 0.2315135734375 0.46758877187500003 0.170510959375 0.453634640625 0.10737855781250001 0.4047318 0.0171102296875 0.300729034375 0.0284240296875 0.2756799109375 0.051306359375 0.25049219843750004 0.09828420156249999 0.23950689375 0.1412930609375 0.23663068437499998 0.21053020625 0.2440698234375 0.25749908125 0.26308343437500004 0.3026347390625 0.290315828125 0.3309928109375 0.3389355765625 0.3508048390625 0.373127628125 0.3419502703125 0.4085210015625 0.31571003124999997
1 0.47831290624999995 0 0.4434808640625 0.0058143609375000006 0.43842138437499995 0.023811103125 0.4430651 0.078100890625 0.469125071875 0.14275499375 0.5107851625000001 0.1997796625 0.598240678125 0.2650269078125 0.6394790890625 0.275690784375 0.6634943796874999 0.265008975 0.6795969656249999 0.241824096875 0.7119118234374999 0.15244846875 0.71006353125 0.0908377703125 0.7014230703125001 0.061254565625 0.6666195109374999 0 0.47831290624999995 0
1 0.7379712921875 0 0.735892296875 0.004208978125 0.7306942296875001 0.046301231250000005 0.7450411406249999 0.1368840609375 0.7716035781249999 0.185982721875 0.8023302515624999 0.2051896546875 0.8984492124999999 0.200283146875 0.9285867171875 0.178314434375 0.94958129375 0.1423179609375 0.9270403421875001 0 0.7379712921875 0
1 0.530517765625 1 0.564447996875 0.9943054625000001 0.5308102984375 0.9067779921874999 0.49460246718749995 0.8592070125 0.43980270312499997 0.8128611625 0.41103400937499995 0.8122590578125 0.3637022859375 0.8317924453125001 0.34989265625 0.8632118546875001 0.348552746875 0.904693034375 0.3570546203125 0.9583717500000001 0.372934134375 1 0.530517765625 1
1 0.32633250468749997 1 0.33376708593750004 0.9861336906249999 0.34735142343750003 0.9220787046875 0.3477671890625 0.8497921765625 0.34298488437499997 0.8195979 0.3239712734375 0.774462240625 0.2693389984375 0.7229312453125 0.22846446562499997 0.720807434375 0.1970967375 0.7412514546875 0.1734742265625 0.779383690625 0.14661162656249999 0.8782130078125 0.1452717171875 0.9196941875 0.1578281375 0.9864870437500001 0.16688620781250002 1 0.32633250468749997 1
1 0.19849445 0.7375909984375 0.21985290468750002 0.71013459375 0.23573019999999997 0.6543141375 0.2155382515625 0.5268271921875 0.1664160359375 0.52257060625 0.12864300312500002 0.483845228125 0.118298753125 0.4872031359375 0.08992283906250001 0.514051459375 0.0708573421875 0.5497423968749999 0.0590056921875 0.59976663125 0.055933093749999996 0.6552785625 0.0644349671875 0.7089572765625001 0.07992539843749999 0.7443337109375 0.103299634375 0.7733028562500001 0.12032636562500001 0.7809233265625 0.1660928890625 0.770235540625 0.19849445 0.7375909984375
1 0 0.48285501093749994 0.0121994203125 0.50400761875 0.043289970312499995 0.53175461875 0.07242254218750001 0.5408967921875 0.12039532187499999 0.481712453125 0.1214291546875 0.4695119296875 0.0839332984375 0.3825955328125 0.066398184375 0.271883184375 0.0462121515625 0.263043559375 0.022364349999999998 0.26854021875 0.00011065 0.2841016390625 0 0.2843236765625 0 0.48285501093749994