2 0.7334461078125 0.89430730625 0.782038565625 0.9060595421875 0.8321431421875 0.8870103 0.8548193390625001 0.8410487296875001 0.8557833109375 0.7992206640624999 0.8137585749999999 0.7961524734375 0.8058797375 0.7640600421875 0.7838502796875 0.7460168625 0.7470378421875 0.7455960687500001 0.7080393468749999 0.7288513328125 0.6949221921875 0.746904453125 0.7085150171875 0.762116346875 0.68729305 0.7996466984375 0.7025555578125 0.85057858125 0.7334461078125 0.89430730625
2 0.8533245046875001 0.743348296875 0.8657156078125 0.7837557328125 0.895379253125 0.789476340625 0.9042664468750001 0.7623688875 0.9188996296875 0.809367103125 0.9605326625 0.7645706718749999 0.9728684781249999 0.6987145703125 0.97087386875 0.6684685 0.9292785859375 0.668110659375 0.9051306562500001 0.6316490796875 0.8790694234374999 0.618412021875 0.8408008890625001 0.63905954375 0.826302296875 0.7038690109375 0.8159668484375 0.7267426421875001 0.8263042109375001 0.7517954421875 0.8533245046875001 0.743348296875
2 1 0.5862232140625 0.9904214093749999 0.61536198125 0.9679810453125001 0.630029621875 0.9484411500000001 0.5949219953125 0.9419574734375 0.5716382734375001 0.9051664015625001 0.5385683515624999 0.8901105796875 0.5166422875000001 0.8691959734375001 0.55607351875 0.8733930953125 0.5901382625 0.8991391046875 0.6291251046874999 0.9165654328124999 0.6256704328125 0.934771021875 0.622092378125 0.972090925 0.66824950625 1 0.65956084375 1 0.5862232140625
2 1 0.46905277500000003 0.9828778281250001 0.3609476375 0.97046835 0.285118996875 0.9518683078124999 0.3089026078125 0.9140175125000001 0.3246219140625 0.8700165343749999 0.32672881875000004 0.86471736875 0.40675138125 0.8797595359375 0.48028028906250003 0.9176462828125 0.5442322296875 0.9464861875 0.5674479765625 0.9955920578124999 0.56731090625 1 0.565956540625 1 0.46905277500000003
2 0.743805678125 0.5910382875 0.7505170609375 0.6209270265625 0.7456250703125 0.6337386234375 0.7361471640625 0.6300811546875 0.7303310265625 0.6120874 0.717722721875 0.626121140625 0.713980165625 0.7023736609375 0.7059288734375 0.7139661 0.7131427218749999 0.7282993984374999 0.74666481875 0.74018541875 0.7755431984375 0.6977816546875 0.80760978125 0.67550740625 0.8128945515625 0.6901462406250001 0.804843259375 0.7017386796875 0.8153838984374999 0.7121059875 0.8363784750000001 0.6761095140625 0.8415765421874999 0.6340172609375 0.8289104359374999 0.6102302765625 0.7922579375 0.6160354625 0.7495929140625 0.5901216796875 0.743805678125 0.5910382875
2 0.764372659375 0.39003370312499996 0.7315783203125 0.395227815625 0.7145515890625 0.3876073453125 0.7071991515625 0.39736955625000003 0.71928200625 0.49862821874999996 0.738688396875 0.5712143046875 0.7552126625 0.5943902171875 0.7961160953124999 0.615424390625 0.8289104359374999 0.6102302765625 0.853260703125 0.5891781734375 0.8717948328125 0.550132315625 0.87766285625 0.48729947500000004 0.8578636875000001 0.38726295781250003 0.8404441765625 0.3521920578125 0.8188315312500001 0.3281025265625 0.764372659375 0.39003370312499996
0 0.379753971875 0.152810040625 0.3886486234375 0.2339391828125 0.381717865625 0.2900621859375 0.3974046875 0.3391638375 0.40750066250000005 0.4029073109375 0.40254023281249995 0.45729313281249995 0.3790054875 0.4978340421875 0.3915879453125 0.5243193296875 0.4076191171875 0.5120559859375 0.418036725 0.48956830625 0.4074421375 0.46554650468750003 0.43000855312499997 0.43889182968749996 0.435235521875 0.4157099390625 0.43461153750000003 0.23697661406249998 0.4239841953125 0.16987822187499999 0.409389009375 0.146396771875 0.3935925 0.14030099375 0.379753971875 0.152810040625
0 0.43865023281250004 0.2187775234375 0.43395463124999994 0.24531433125 0.43664628125 0.3996466109375 0.45814924062499995 0.4667420171875 0.48515634375000005 0.4624645125 0.4835333421875 0.43348939062499997 0.49418366875 0.400850825 0.48430706875 0.251095609375 0.470745715625 0.21541363750000003 0.4556480625 0.20748763124999997 0.43865023281250004 0.2187775234375
0 0.4803934671875 0.170202434375 0.4614376578125 0.16288750000000002 0.45987245625 0.171733103125 0.4923088328125 0.2766462421875 0.5056508109375 0.3983399578125 0.519350753125 0.40992642031250004 0.5155503968749999 0.448358215625 0.52855148125 0.46177490624999995 0.5583540078125 0.450176490625 0.56864045625 0.4089978578125 0.5685826546875 0.371177134375 0.5499848078125 0.253754946875 0.5128239296875 0.1564682546875 0.4803934671875 0.170202434375
0 0.5814392374999999 0.2900420140625 0.5696453890625001 0.3778869734375 0.577812284375 0.44193598281249996 0.588884290625 0.45565820781250005 0.62167863125 0.4504640953125 0.6288346781249999 0.42697666874999995 0.633720753125 0.29551775468749997 0.6264780046875 0.26227409375 0.606459459375 0.24824932031250002 0.5814392374999999 0.2900420140625
0 0.591777571875 0.168036784375 0.5964212875 0.222326571875 0.6076896828125 0.2497740125 0.6259466375 0.2589191734375 0.635846221875 0.30893743281249997 0.6335419234375 0.38710416875 0.64815191875 0.4188251015625 0.6672440796875 0.41580120000000004 0.6810098921875001 0.38166977812499997 0.6702498640625 0.3187770859375 0.660537034375 0.315453359375 0.6619698453125 0.2791076984375 0.6474436796874999 0.207367259375 0.625969621875 0.15918221562499998 0.6128010484375 0.1509506734375 0.591777571875 0.168036784375
1 0.2594216671875 0.3169710265625 0.2570768234375 0.389563090625 0.24083565 0.43684347968750004 0.25565612656250003 0.49296050625000004 0.29133259218749996 0.5371765671875 0.32957919062499996 0.541436140625 0.34727587656250003 0.528316021875 0.3824728609375 0.4883505671875 0.4052001265625 0.4383233421875 0.39803816406250003 0.3431634484375 0.37972340781249997 0.2961975625 0.351711371875 0.33158595156250004 0.30980300625 0.34166266562500003 0.2646775359375 0.3126994984375 0.2594216671875 0.3169710265625
1 0.2911703421875 0.086682796875 0.255441990625 0.1232933296875 0.23291111562500003 0.18704576875 0.2442662125 0.271224296875 0.2820681453125 0.3288600359375 0.3175193203125 0.3404405203125 0.3478532140625 0.3321970234375 0.37446753906249997 0.300469090625 0.38562033125 0.2522750828125 0.387491609375 0.214148821875 0.3733410875 0.13729120625 0.339062334375 0.0894146890625 0.3111599859375 0.08179720625 0.2911703421875 0.086682796875
1 0.1365668625 0.1593167015625 0.11135025000000001 0.1873841796875 0.08795302968749999 0.2581519921875 0.0878722421875 0.3200682265625 0.09830319531250001 0.3734414046875 0.11572270468750001 0.4085123046875 0.140494653125 0.43382099218750003 0.1964957390625 0.462781171875 0.2215737625 0.45880920312500006 0.236810003125 0.44263969843749995 0.2588095125 0.375532340625 0.2583589328125 0.3102611875 0.2190725859375 0.1995548171875 0.19569835 0.170585671875 0.16866234687499998 0.15595281562500002 0.1365668625 0.1593167015625
1 0.055054917187499997 0.424999296875 0.0740685296875 0.47013495625 0.093053240625 0.49636025312500004 0.126240359375 0.51861656875 0.1716719046875 0.518299078125 0.20074667499999999 0.489620528125 0.20983180156249998 0.465827565625 0.1267947109375 0.42223453125 0.09883456093750001 0.37679632500000004 0.08859999843750001 0.3371483609375 0.055054917187499997 0.424999296875
1 0 0.4396091796875 0.025084903125000002 0.4417828609375 0.05522240625 0.41981415 0.0788160171875 0.36277155156249996 0.08767585312500001 0.3063430125 0.08216579375000001 0.2590686 0.06315218125 0.21393294375 0.0304675296875 0.176121184375 0.0020338140625 0.1651487828125 0 0.165337975 0 0.4396091796875