1 0 0.748980978125 0.005859375 0.748980978125 0.0419921875 0.7201086953125 0.1005859375 0.6419836953125 0.130859375 0.5689538046875 0.130859375 0.49082880468749995 0.1123046875 0.45516304375 0.0791015625 0.4177989125 0.0400390625 0.4177989125 0 0.4568614125 0 0.748980978125
1 0.298828125 0.29721467343749997 0.2724609375 0.2377717390625 0.2392578125 0.2105978265625 0.1826171875 0.20720108750000002 0.1455078125 0.234375 0.10546875 0.29721467343749997 0.08984375 0.3549592390625 0.087890625 0.41610054375 0.125 0.473845109375 0.13671875 0.528192934375 0.1669921875 0.546875 0.19921875 0.5451766296875 0.2705078125 0.512907609375 0.291015625 0.4806385875 0.302734375 0.436480978125 0.298828125 0.29721467343749997
1 0.2841796875 0 0.267578125 0.022078804687500002 0.255859375 0.0662364125 0.255859375 0.13077445625 0.271484375 0.1919157609375 0.3154296875 0.227581521875 0.3515625 0.22927989062499998 0.3994140625 0.20720108750000002 0.45703125 0.13756793437499998 0.4765625 0.0390625 0.4736328125 0 0.2841796875 0
1 0.537109375 0.3209918484375 0.5390625 0.25985054375 0.53125 0.2122961953125 0.5029296875 0.1596467390625 0.4755859375 0.13247282656249998 0.4619140625 0.13247282656249998 0.4267578125 0.1834239125 0.3525390625 0.241168478125 0.326171875 0.3209918484375 0.31640625 0.4025135875 0.31640625 0.463654890625 0.326171875 0.5112092390625 0.3447265625 0.546875 0.3603515625 0.56046195625 0.400390625 0.565557065625 0.4599609375 0.526494565625 0.466796875 0.501019021875 0.49609375 0.463654890625 0.537109375 0.3209918484375
1 0.681640625 0.39232337031250003 0.6416015625 0.3091032609375 0.6181640625 0.2853260875 0.5830078125 0.2853260875 0.5478515625 0.3125 0.525390625 0.358355978125 0.517578125 0.4194972828125 0.51953125 0.528192934375 0.537109375 0.6097146734375001 0.5537109375 0.6419836953125 0.5908203125 0.6759510875 0.623046875 0.6742527171875 0.6875 0.606317934375 0.701171875 0.5553668484375 0.701171875 0.4806385875 0.681640625 0.39232337031250003
1 0.4072265625 0.7506793484375 0.3759765625 0.737092390625 0.2939453125 0.7574728265624999 0.2451171875 0.7914402171875 0.19140625 0.8542798906250001 0.177734375 0.8882472828125 0.169921875 0.9324048906250001 0.1787109375 0.9986413046875 0.388671875 0.996942934375 0.439453125 0.9391983703125 0.447265625 0.88485054375 0.42578125 0.776154890625 0.4072265625 0.7506793484375
1 0.53515625 0.6131114125 0.5234375 0.5621603265624999 0.5107421875 0.546875 0.4814453125 0.5570652171875 0.4619140625 0.5366847828125 0.4404296875 0.5570652171875 0.416015625 0.6097146734375001 0.41015625 0.6538722828125 0.416015625 0.7387907609375 0.43359375 0.7965353265624999 0.44921875 0.8916440218749999 0.466796875 0.9358016296875 0.4892578125 0.9748641296875 0.5107421875 0.995244565625 0.54296875 0.9935461953125 0.59375 0.91202445625 0.591796875 0.7965353265624999 0.556640625 0.65047554375 0.53515625 0.6131114125
1 0.404296875 0.630095109375 0.3984375 0.592730978125 0.3876953125 0.5740489125 0.3505859375 0.5570652171875 0.3212890625 0.5298913046875 0.2626953125 0.526494565625 0.2138671875 0.553668478125 0.1875 0.6029211953125 0.181640625 0.6368885875 0.18359375 0.684442934375 0.2119140625 0.7506793484375 0.2470703125 0.7778532609375 0.259765625 0.776154890625 0.3212890625 0.7438858703125 0.3798828125 0.7336956515625 0.40234375 0.6810461953125 0.404296875 0.630095109375
1 0.119140625 0.9527853265624999 0.1455078125 0.92391304375 0.1630859375 0.9341032609375001 0.162109375 0.9493885875 0.16796875 0.956182065625 0.166015625 0.9358016296875 0.177734375 0.878057065625 0.220703125 0.80672554375 0.212890625 0.762567934375 0.18359375 0.6946331515625 0.17578125 0.6402853265624999 0.1279296875 0.5978260875 0.0615234375 0.6997282609375 0.01953125 0.7455842390625 0.025390625 0.8101222828125 0.0546875 0.9018342390624999 0.0849609375 0.9646739125 0.1171875 0.99014945625 0.1181640625 0.9782608703125 0.12890625 0.9765625 0.1171875 0.96297554375 0.119140625 0.9527853265624999
1 0.845703125 0.7795516296875 0.837890625 0.7184103265624999 0.7958984375 0.645380434375 0.7685546875 0.625 0.7119140625 0.63858695625 0.6650390625 0.6861413046875 0.607421875 0.7829483703125 0.595703125 0.8474864125 0.607421875 0.9493885875 0.6259765625 0.995244565625 0.75390625 0.996942934375 0.7822265625 0.9680706515624999 0.814453125 0.9086277171875 0.83203125 0.8576766296875 0.845703125 0.7795516296875
1 0.861328125 0.37533967343749997 0.853515625 0.3243885875 0.8359375 0.2700407609375 0.8037109375 0.22078804375 0.7666015625 0.20720108750000002 0.7451171875 0.2173913046875 0.7109375 0.266644021875 0.693359375 0.3243885875 0.685546875 0.3991168484375 0.701171875 0.4704483703125 0.701171875 0.5587635875 0.708984375 0.5859375 0.7412109375 0.6216032609375 0.79296875 0.6233016296875 0.8193359375 0.6080163046875 0.84765625 0.5383831515625 0.861328125 0.4568614125 0.861328125 0.37533967343749997
1 0 0.280230978125 0.009765625 0.280230978125 0.0712890625 0.268342390625 0.1328125 0.1987092390625 0.15625 0.13756793437499998 0.162109375 0.0866168484375 0.16015625 0.025475543750000003 0.1494140625 0 0 0.0016983703124999999 0 0.280230978125
1 0.5361328125 0 0.521484375 0.0288722828125 0.51171875 0.07302989062500001 0.509765625 0.1205842390625 0.51953125 0.1783288046875 0.53515625 0.2190896734375 0.5615234375 0.25815217343749997 0.609375 0.2700407609375 0.6455078125 0.254755434375 0.681640625 0.2055027171875 0.697265625 0.1443614125 0.69140625 0.08322010937499999 0.6611328125 0 0.5361328125 0
1 0.892578125 0.025475543750000003 0.8857421875 0 0.69140625 0.0016983703124999999 0.689453125 0.0662364125 0.697265625 0.110394021875 0.7099609375 0.1392663046875 0.7744140625 0.1936141296875 0.826171875 0.1987092390625 0.8525390625 0.17663043437499998 0.88671875 0.10699728281250001 0.892578125 0.08322010937499999 0.892578125 0.025475543750000003
1 0.984375 0.3243885875 0.97265625 0.2904211953125 0.9365234375 0.234375 0.9091796875 0.22078804375 0.8623046875 0.227581521875 0.8359375 0.25985054375 0.853515625 0.3209918484375 0.86328125 0.395720109375 0.85546875 0.5078125 0.8818359375 0.5366847828125 0.923828125 0.541779890625 0.9541015625 0.5230978265624999 0.986328125 0.450067934375 0.9921875 0.3787364125 0.984375 0.3243885875
1 0.908203125 0.7252038046875 0.90234375 0.5961277171875 0.89453125 0.57235054375 0.8623046875 0.526494565625 0.849609375 0.5315896734375001 0.8232421875 0.604619565625 0.787109375 0.630095109375 0.83203125 0.7048233703125 0.845703125 0.7455842390625 0.845703125 0.7965353265624999 0.81640625 0.9052309781250001 0.8193359375 0.9205163046875 0.828125 0.918817934375 0.8740234375 0.8763586953125 0.8828125 0.8576766296875 0.8984375 0.799932065625 0.908203125 0.7252038046875