1 0.3203125 0.643682065625 0.30859375 0.5961277171875 0.2607421875 0.5434782609375 0.2333984375 0.546875 0.2021484375 0.580842390625 0.169921875 0.643682065625 0.15625 0.7150135875 0.158203125 0.799932065625 0.2216796875 0.8220108703125 0.228515625 0.83389945625 0.2265625 0.8746603265624999 0.236328125 0.878057065625 0.294921875 0.8135190218749999 0.306640625 0.786345109375 0.322265625 0.698029890625 0.3203125 0.643682065625
1 0 0.7116168484375 0.0146484375 0.747282609375 0.0283203125 0.760869565625 0.078125 0.7659646734375001 0.1103515625 0.7404891296875 0.123046875 0.7184103265624999 0.138671875 0.6674592390625 0.14453125 0.619904890625 0.140625 0.5485733703125 0.0927734375 0.475543478125 0.0810546875 0.46875 0.0400390625 0.49932065156250005 0 0.5689538046875 0 0.7116168484375
1 0.861328125 0.2496603265625 0.86328125 0.17493206562500002 0.888671875 0.14096467343750002 0.8798828125 0.10529891250000001 0.8603515625 0.09171195625 0.8388671875 0.1154891296875 0.8154296875 0.1154891296875 0.7705078125 0.0951086953125 0.7451171875 0.0951086953125 0.6826171875 0.11209239062500001 0.6337890625 0.15625 0.587890625 0.23607337031250003 0.576171875 0.280230978125 0.5703125 0.3413722828125 0.578125 0.4059103265625 0.5849609375 0.411005434375 0.5888671875 0.397418478125 0.5986328125 0.397418478125 0.6044921875 0.45176630468749995 0.6162109375 0.43817934843749995 0.6328125 0.4398777171875 0.615234375 0.4806385875 0.6416015625 0.526494565625 0.6669921875 0.5434782609375 0.69140625 0.541779890625 0.7587890625 0.4959239125 0.7939453125 0.45516304375 0.822265625 0.4059103265625 0.861328125 0.2496603265625
1 0.638671875 0.8372961953125 0.630859375 0.7897418484375 0.6103515625 0.7438858703125 0.5869140625 0.7201086953125 0.5302734375 0.71671195625 0.4970703125 0.737092390625 0.46484375 0.776154890625 0.447265625 0.8101222828125 0.435546875 0.8542798906250001 0.4375 0.9018342390624999 0.4619140625 0.95108695625 0.5029296875 0.9748641296875 0.55078125 0.9731657609375001 0.6103515625 0.95108695625 0.62890625 0.9222146734375001 0.638671875 0.8882472828125 0.638671875 0.8372961953125
1 0.365234375 0.2122961953125 0.357421875 0.17153532656249998 0.341796875 0.1205842390625 0.3173828125 0.0747282609375 0.2919921875 0.057744565625 0.2470703125 0.06453804375 0.224609375 0.096807065625 0.205078125 0.1545516296875 0.20703125 0.266644021875 0.2431640625 0.34986412968749997 0.2744140625 0.34986412968749997 0.318359375 0.37533967343749997 0.3330078125 0.36684782656250003 0.359375 0.3209918484375 0.365234375 0.28702445625 0.365234375 0.2122961953125
1 0.189453125 0.13756793437499998 0.1611328125 0.09171195625 0.1337890625 0.08831521718749999 0.0751953125 0.1154891296875 0.048828125 0.1545516296875 0.03125 0.202105978125 0.025390625 0.2700407609375 0.03515625 0.31080162968749997 0.0732421875 0.3600543484375 0.10546875 0.36514945625 0.1611328125 0.332880434375 0.1875 0.280230978125 0.197265625 0.17493206562500002 0.189453125 0.13756793437499998
1 0.701171875 0.6470788046875 0.685546875 0.565557065625 0.6376953125 0.526494565625 0.6083984375 0.5163043484375 0.6005859375 0.526494565625 0.5751953125 0.5298913046875 0.5498046875 0.5638586953125 0.5166015625 0.56046195625 0.515625 0.592730978125 0.5078125 0.59952445625 0.50390625 0.630095109375 0.509765625 0.7116168484375 0.5146484375 0.7201086953125 0.5751953125 0.7133152171875 0.5966796875 0.723505434375 0.62109375 0.762567934375 0.63671875 0.80672554375 0.64453125 0.8101222828125 0.6572265625 0.801630434375 0.689453125 0.7421875 0.701171875 0.684442934375 0.701171875 0.6470788046875
1 0.3271484375 0.8322010875 0.2939453125 0.8322010875 0.2646484375 0.8525815218749999 0.236328125 0.8984375 0.216796875 0.9663722828125 0.2177734375 0.9986413046875 0.390625 0.996942934375 0.390625 0.9493885875 0.37890625 0.8950407609375001 0.3603515625 0.859375 0.3271484375 0.8322010875
1 0.7353515625 0.879755434375 0.71875 0.918817934375 0.7109375 0.9731657609375001 0.7119140625 0.9986413046875 0.857421875 0.996942934375 0.81640625 0.8916440218749999 0.7880859375 0.8525815218749999 0.7666015625 0.8525815218749999 0.7353515625 0.879755434375
1 0.1396484375 0.8118206515624999 0.103515625 0.8508831515624999 0.0859375 0.918817934375 0.0908203125 0.9986413046875 0.201171875 0.996942934375 0.2265625 0.8610733703125 0.2216796875 0.8254076093749999 0.1845703125 0.8118206515624999 0.1396484375 0.8118206515624999
1 0 0.996942934375 0.0859375 0.996942934375 0.087890625 0.8984375 0.109375 0.83389945625 0.1015625 0.7931385875 0.0888671875 0.774456521875 0.0224609375 0.76766304375 0.0087890625 0.7778532609375 0 0.7931385875 0 0.996942934375
1 0.470703125 0.7455842390625 0.4482421875 0.703125 0.4228515625 0.6759510875 0.3759765625 0.6521739125 0.3427734375 0.6555706515625 0.326171875 0.6912364125 0.326171875 0.748980978125 0.337890625 0.8203125 0.3876953125 0.9035326093749999 0.431640625 0.9086277171875 0.43359375 0.8542798906250001 0.44921875 0.8033288046875 0.47265625 0.762567934375 0.470703125 0.7455842390625
1 0.2978515625 0.3634510875 0.2685546875 0.34986412968749997 0.2490234375 0.35326087031250003 0.2275390625 0.370244565625 0.201171875 0.41610054375 0.189453125 0.4534646734375 0.189453125 0.49082880468749995 0.2021484375 0.5197010875 0.2353515625 0.540081521875 0.279296875 0.5451766296875 0.314453125 0.5044157609375 0.33203125 0.4398777171875 0.330078125 0.4025135875 0.2978515625 0.3634510875
1 0.212890625 0.371942934375 0.2021484375 0.34986412968749997 0.1865234375 0.3396739125 0.1396484375 0.34986412968749997 0.095703125 0.4296875 0.095703125 0.473845109375 0.1162109375 0.5095108703125 0.13671875 0.5180027171875 0.185546875 0.4840353265625 0.1953125 0.4296875 0.212890625 0.39232337031250003 0.212890625 0.371942934375
1 0.095703125 0.42629076093749996 0.1171875 0.37533967343749997 0.0732421875 0.3634510875 0.0361328125 0.3158967390625 0.0029296875 0.3294836953125 0 0.541779890625 0.009765625 0.541779890625 0.0439453125 0.4925271734375 0.0751953125 0.46535326093749996 0.0888671875 0.46535326093749996 0.095703125 0.42629076093749996
1 0.5205078125 0.12228260937499999 0.4951171875 0.10529891250000001 0.4580078125 0.10529891250000001 0.4248046875 0.1290760875 0.400390625 0.1681385875 0.392578125 0.202105978125 0.392578125 0.23947010937500002 0.4189453125 0.2955163046875 0.4619140625 0.27513587031250003 0.4755859375 0.278532609375 0.505859375 0.31080162968749997 0.54296875 0.266644021875 0.55078125 0.2258831515625 0.537109375 0.1545516296875 0.5205078125 0.12228260937499999
1 0.931640625 0.6912364125 0.919921875 0.643682065625 0.8994140625 0.604619565625 0.8623046875 0.580842390625 0.8330078125 0.5774456515625 0.8056640625 0.5944293484375 0.76953125 0.6368885875 0.748046875 0.6878396734375001 0.740234375 0.7421875 0.748046875 0.7965353265624999 0.7666015625 0.8423913046875 0.7880859375 0.8423913046875 0.8193359375 0.879755434375 0.84765625 0.878057065625 0.8759765625 0.859375 0.9140625 0.7965353265624999 0.9296875 0.7455842390625 0.931640625 0.6912364125
1 0.994140625 0.4194972828125 0.9765625 0.3549592390625 0.9638671875 0.3396739125 0.9677734375 0.370244565625 0.9521484375 0.3226902171875 0.9248046875 0.3091032609375 0.8935546875 0.3091032609375 0.8486328125 0.346467390625 0.80859375 0.4568614125 0.81640625 0.5315896734375001 0.8310546875 0.567255434375 0.921875 0.606317934375 0.9521484375 0.591032609375 0.978515625 0.551970109375 0.98828125 0.5180027171875 0.994140625 0.4194972828125
1 0.4853515625 0.28872282656250003 0.4462890625 0.278532609375 0.4306640625 0.292119565625 0.412109375 0.32778532656250003 0.40625 0.38892662968749997 0.42578125 0.4059103265625 0.4248046875 0.43817934843749995 0.4404296875 0.43817934843749995 0.443359375 0.41610054375 0.4521484375 0.411005434375 0.4580078125 0.434782609375 0.47265625 0.4398777171875 0.4765625 0.46025815156250005 0.4853515625 0.4415760875 0.505859375 0.4296875 0.5078125 0.344769021875 0.4853515625 0.28872282656250003