0 0.4765625 0.5893342390625 0.4638671875 0.567255434375 0.443359375 0.5553668484375 0.44140625 0.5383831515625 0.44921875 0.52139945625 0.4404296875 0.5061141296875 0.4208984375 0.502717390625 0.41015625 0.5247961953125 0.443359375 0.5689538046875 0.455078125 0.6233016296875 0.447265625 0.7319972828125 0.462890625 0.7829483703125 0.466796875 0.8644701093749999 0.484375 0.8746603265624999 0.501953125 0.8576766296875 0.509765625 0.8237092390624999 0.498046875 0.698029890625 0.4765625 0.5893342390625
0 0.51953125 0.5621603265624999 0.5205078125 0.540081521875 0.5068359375 0.540081521875 0.509765625 0.551970109375 0.5029296875 0.5570652171875 0.498046875 0.5553668484375 0.501953125 0.541779890625 0.4951171875 0.540081521875 0.490234375 0.551970109375 0.49609375 0.5587635875 0.482421875 0.6131114125 0.505859375 0.7693614125 0.5146484375 0.7914402171875 0.53125 0.7965353265624999 0.5439453125 0.788043478125 0.552734375 0.7591711953125 0.5390625 0.6029211953125 0.51953125 0.5621603265624999
0 0.5869140625 0.53328804375 0.5634765625 0.53328804375 0.55078125 0.551970109375 0.5625 0.5893342390625 0.55078125 0.5961277171875 0.556640625 0.7252038046875 0.54296875 0.83389945625 0.5751953125 0.8288043484375001 0.59765625 0.8372961953125 0.615234375 0.7591711953125 0.619140625 0.6368885875 0.6015625 0.551970109375 0.5869140625 0.53328804375
0 0.666015625 0.5485733703125 0.6533203125 0.526494565625 0.6240234375 0.5298913046875 0.611328125 0.5689538046875 0.6171875 0.6131114125 0.642578125 0.6946331515625 0.6669921875 0.7302989125 0.67578125 0.7319972828125 0.693359375 0.7150135875 0.693359375 0.6674592390625 0.677734375 0.619904890625 0.666015625 0.5485733703125
0 0.73046875 0.657269021875 0.72265625 0.6368885875 0.73046875 0.6266983703125 0.73046875 0.59952445625 0.7099609375 0.553668478125 0.6845703125 0.5502717390625 0.673828125 0.5859375 0.6796875 0.6233016296875 0.689453125 0.6334918484375 0.693359375 0.657269021875 0.693359375 0.7150135875 0.671875 0.7387907609375 0.66796875 0.776154890625 0.671875 0.8101222828125 0.6826171875 0.8254076093749999 0.697265625 0.8271059781250001 0.7109375 0.8101222828125 0.720703125 0.7727581515625 0.720703125 0.6742527171875 0.73046875 0.657269021875
1 0.3203125 0.7048233703125 0.30859375 0.65047554375 0.2802734375 0.5978260875 0.2607421875 0.5842391296875 0.2373046875 0.5842391296875 0.1865234375 0.6216032609375 0.166015625 0.65047554375 0.154296875 0.6878396734375001 0.15234375 0.7421875 0.16015625 0.7965353265624999 0.1943359375 0.8661684781250001 0.2275390625 0.8933423906250001 0.2578125 0.8916440218749999 0.2822265625 0.87296195625 0.30078125 0.840692934375 0.3203125 0.7421875 0.3203125 0.7048233703125
1 0 0.840692934375 0.0146484375 0.87296195625 0.0419921875 0.9001358703125 0.09375 0.9086277171875 0.1240234375 0.8865489125 0.1484375 0.840692934375 0.15625 0.80672554375 0.150390625 0.735394021875 0.12890625 0.684442934375 0.1005859375 0.645380434375 0.0693359375 0.631793478125 0.0380859375 0.6419836953125 0.013671875 0.6742527171875 0 0.7116168484375 0 0.840692934375
1 0.462890625 0.786345109375 0.4453125 0.72860054375 0.4267578125 0.703125 0.3994140625 0.6861413046875 0.3564453125 0.6929347828125 0.3408203125 0.7065217390625 0.31640625 0.7591711953125 0.314453125 0.840692934375 0.322265625 0.8678668484375001 0.3486328125 0.9103260875 0.3876953125 0.9408967390624999 0.41015625 0.9425951093749999 0.4365234375 0.9307065218749999 0.45703125 0.8984375 0.466796875 0.8305027171875 0.462890625 0.786345109375
1 0.451171875 0.6912364125 0.455078125 0.6334918484375 0.439453125 0.5621603265624999 0.4130859375 0.526494565625 0.3544921875 0.48573369531250005 0.3330078125 0.48573369531250005 0.3056640625 0.512907609375 0.287109375 0.5553668484375 0.283203125 0.59952445625 0.30859375 0.6470788046875 0.322265625 0.7184103265624999 0.328125 0.721807065625 0.3701171875 0.6861413046875 0.4033203125 0.6861413046875 0.4423828125 0.7201086953125 0.451171875 0.6912364125
1 0.2255859375 0.546875 0.2021484375 0.53328804375 0.1650390625 0.5366847828125 0.1318359375 0.5638586953125 0.109375 0.6097146734375001 0.1015625 0.643682065625 0.1279296875 0.6759510875 0.150390625 0.7252038046875 0.154296875 0.684442934375 0.1767578125 0.631793478125 0.248046875 0.579144021875 0.2255859375 0.546875
2 0.88671875 0.39232337031250003 0.8623046875 0.356657609375 0.8330078125 0.3396739125 0.8056640625 0.3396739125 0.7666015625 0.36684782656250003 0.755859375 0.3821331515625 0.75 0.409307065625 0.748046875 0.57235054375 0.8154296875 0.5706521734375001 0.8671875 0.619904890625 0.884765625 0.59952445625 0.900390625 0.5485733703125 0.90234375 0.44667119531250005 0.88671875 0.39232337031250003
2 1 0.3243885875 0.9755859375 0.3091032609375 0.962890625 0.331182065625 0.958984375 0.36514945625 0.9482421875 0.3736413046875 0.912109375 0.44327445625 0.904296875 0.4806385875 0.90234375 0.551970109375 0.912109375 0.5961277171875 0.9228515625 0.6148097828125 0.9599609375 0.6080163046875 1 0.619904890625 1 0.3243885875
2 0.837890625 0.2904211953125 0.8232421875 0.2615489125 0.7998046875 0.2377717390625 0.79296875 0.2496603265625 0.8115234375 0.1970108703125 0.7978515625 0.20040760937500002 0.7744140625 0.227581521875 0.7587890625 0.2173913046875 0.7236328125 0.2241847828125 0.697265625 0.2496603265625 0.72265625 0.33797554375 0.7373046875 0.35326087031250003 0.7431640625 0.332880434375 0.7509765625 0.332880434375 0.7578125 0.3481657609375 0.755859375 0.371942934375 0.76171875 0.371942934375 0.7998046875 0.3396739125 0.8369140625 0.3396739125 0.84375 0.3209918484375 0.837890625 0.2904211953125
2 0.8828125 0.3787364125 0.90625 0.4398777171875 0.927734375 0.4025135875 0.8994140625 0.356657609375 0.8876953125 0.34986412968749997 0.8828125 0.3787364125
2 1 0.3209918484375 0.9990234375 0.2615489125 0.9716796875 0.25815217343749997 0.9541015625 0.268342390625 0.9482421875 0.2513586953125 0.9228515625 0.29891304375 0.892578125 0.32778532656250003 0.94140625 0.3821331515625 0.958984375 0.358355978125 0.9716796875 0.3125 0.9853515625 0.3091032609375 1 0.3209918484375
2 0.8876953125 0.13247282656249998 0.8232421875 0.15625 0.7890625 0.151154890625 0.7939453125 0.1970108703125 0.83203125 0.1851222828125 0.80078125 0.23267662968749997 0.83203125 0.2734375 0.8447265625 0.3125 0.8759765625 0.29891304375 0.8857421875 0.32608695625 0.892578125 0.3243885875 0.9609375 0.24626358750000002 0.955078125 0.2055027171875 0.9326171875 0.163043478125 0.8876953125 0.13247282656249998
2 0.79296875 0.1987092390625 0.7900390625 0.1460597828125 0.8134765625 0.15625 0.830078125 0.1477581515625 0.822265625 0.10360054375000001 0.8017578125 0.071331521875 0.7626953125 0.0543478265625 0.7314453125 0.0543478265625 0.6962890625 0.0747282609375 0.669921875 0.1205842390625 0.662109375 0.17153532656249998 0.685546875 0.2055027171875 0.68359375 0.2428668484375 0.693359375 0.2496603265625 0.7470703125 0.2038043484375 0.7626953125 0.22078804375 0.7783203125 0.22078804375 0.79296875 0.1987092390625