0 0.6783854 0.390240334375 0.6930094875 0.4326321453125 0.7048959531250001 0.5201655921875 0.704457203125 0.692189078125 0.7096322859375 0.749833784375 0.7047402953125 0.7626453796875 0.67650296875 0.7653981937500001 0.701274915625 0.7907068796875001 0.7154773234375 0.7867379 0.733872865625 0.771787553125 0.7457534156250001 0.7406736781250001 0.76296470625 0.524724725 0.7512168296875 0.41309576718749996 0.7262484921875 0.374061865625 0.70869039375 0.363086475 0.6899309734375 0.36949675625 0.6783854 0.390240334375
0 0.6699702296875001 0.39329270625 0.637175890625 0.39848681875 0.6163777031250001 0.44820850625 0.6029089671875 0.5879049421875 0.58499290625 0.6870368046875 0.6018002625000001 0.78066901875 0.6100479453125 0.78280179375 0.6450774406249999 0.7480214875 0.6478439625 0.7217902140625 0.6777272765625 0.6482755640625 0.685385790625 0.609232696875 0.6966482703125 0.5180328171874999 0.6963940796875 0.466486878125 0.6894863078125 0.422872921875 0.6699702296875001 0.39329270625
0 0.5770624546875001 0.3185917734375 0.495492709375 0.5464536468750001 0.48157339375 0.620878928125 0.462536796875 0.675480228125 0.4704495015625 0.6879832984375 0.5198488921875 0.6440488640625001 0.5547916859375001 0.552537471875 0.6114857125000001 0.4610201015625 0.633485221875 0.39391274374999996 0.6356914765624999 0.3454161890625 0.6305741953124999 0.3255922078125 0.6058022484375 0.30028351875000003 0.5770624546875001 0.3185917734375
0 0.4657939546875 0.3963988734375 0.44939120781249997 0.5675117281250001 0.43214510156249997 0.6459030015625 0.41936930625 0.6651218875 0.423285265625 0.7023315390625 0.447693334375 0.7191001609375001 0.47738025781250004 0.631860296875 0.4991544765625 0.5321173609375001 0.5526025 0.38264975 0.561600925 0.30212570156249996 0.5534918296875 0.275897415625 0.5374989328125 0.256076421875 0.505235959375 0.2646254546875 0.4657939546875 0.3963988734375
0 0.49446479062500004 0.677301490625 0.476999309375 0.8417045062499999 0.4549709 0.889901503125 0.4651476609375 0.8917287421875001 0.5015748671875 0.8532879812499999 0.5459377640625 0.7276133312499999 0.5862172140624999 0.5699141765625 0.5888162484375 0.5488680515625 0.5819373765625 0.5241644578125 0.5581184765625 0.5485714796875001 0.52370705 0.6434377921875 0.49446479062500004 0.677301490625
0 0.36634228750000003 0.2866240515625 0.33687473749999997 0.2878521734375 0.3136161046875 0.3345244765625 0.3022728375 0.487640590625 0.3079563015625 0.6483771734375 0.3236142234375 0.6785684625 0.3413398109375 0.6843587046875 0.3611330640625 0.6657479015625001 0.377010359375 0.609927446875 0.3744921125 0.569057340625 0.38567380625 0.5397736937500001 0.3852232265625 0.4745025390625 0.4022729421875 0.38238605312499996 0.3946374140625 0.3216919625 0.36634228750000003 0.2866240515625
0 0.4595272375 0.313133965625 0.42653650781249997 0.3046028640625 0.4040056328125 0.36835530156249996 0.3871523046875 0.474197003125 0.386597953125 0.57057904375 0.3790780265625 0.5855264015625 0.37441132499999996 0.630973571875 0.377460940625 0.6751986 0.352752709375 0.80635795625 0.358597746875 0.843262071875 0.3652802296875 0.8542404515625 0.37176632187499997 0.8514936140625 0.3988831109375 0.8042102375000001 0.418422175 0.734053496875 0.4188379390625 0.6617669687500001 0.430551 0.6358382406249999 0.46299853124999996 0.40371978437499995 0.47311749062499997 0.3677262984375 0.4697328984375 0.3338715671875 0.4595272375 0.313133965625
0 0.4173372875 0.7645930890625 0.42552948749999997 0.81890480625 0.44253323437500003 0.926262234375 0.4488518375 0.9287005453124999 0.45491625 0.87959291875 0.46908975625 0.8567135765625 0.46743785468750004 0.8088280937500001 0.48728299531249997 0.7093906953125 0.47900641093749996 0.6883475578125 0.4441081953125 0.7318748046875 0.4276129125 0.7185118328125 0.4173372875 0.7645930890625
0 0.3323985109375 0.2283772390625 0.318866059375 0.21160562968750002 0.3023706953125 0.20734007812500002 0.28433903125 0.23083049375 0.2363721671875 0.40866215468749995 0.22284562968750002 0.5105378640625 0.19008610625 0.653289659375 0.22114775625 0.662126296875 0.237082853125 0.6441265671874999 0.2540228828125 0.5950159515625 0.2806601921875 0.46355105781250006 0.31068209375 0.3659408984375 0.3130847375 0.3311695578125 0.33371543593749997 0.2866330171875 0.337180815625 0.2585715171875 0.3323985109375 0.2283772390625
0 0.10411105624999999 0.8649083171875 0.18815845625 0.8231184046875001 0.225572096875 0.8024278265625 0.309411815625 0.68253744375 0.2989749484375 0.5105169453125 0.25838350625 0.5788494359375 0.2376142203125 0.6474814859375 0.14203254062499998 0.774390234375 0.05274185625 0.8723498281250001 0.05913464375000001 0.9012046421875001 0.10411105624999999 0.8649083171875
0 0.054107034374999995 0.8568526890625 0.12545298437500002 0.7802610359375 0.161363371875 0.7104839234375 0.1961386765625 0.6241576765625 0.22070831875 0.51709383125 0.22587748593749998 0.45609121718749995 0.13918454375 0.5454817890625 0.029094379687499998 0.7056401734375 0.036107235937499996 0.7673229703125 0.054107034374999995 0.8568526890625
0 0.1526999375 0.523367390625 0.22888114218750003 0.442519875 0.2600754640625 0.3086136828125 0.23589268593749999 0.3244806390625 0.068548228125 0.5538911109375 0.0147882125 0.6139920609375 0.0287712453125 0.6960348234375 0.1526999375 0.523367390625
0 0 0.5351120828125 0.013557989062500001 0.61246736875 0.223116890625 0.343699525 0.2374578859375 0.31563503593750003 0.2286210359375 0.272326615625 0.207175878125 0.24305193749999998 0.1680629359375 0.24580773906250003 0.015423351562500002 0.4556937890625 0 0.48300867187499996 0 0.5351120828125
0 0 0.4796133203125 0.14949990468750002 0.2659432328125 0.1543918953125 0.2531316375 0.1441573328125 0.21348367499999998 0.1248376453125 0.19762867343749999 0.106609590625 0.2073938734375 0.010721834375 0.363583278125 0 0.3863705140625 0 0.4796133203125
0 0 0.37320680781250004 0.07826257656249999 0.2531525578125 0.07717094218750001 0.22753235625 0.0583826203125 0.215032275 0.0410209125 0.21778209999999998 0 0.24787304062499999 0 0.37320680781250004