1 0.306640625 0.57235054375 0.2822265625 0.5230978265624999 0.2119140625 0.4585597828125 0.1630859375 0.434782609375 0.0966796875 0.4313858703125 0.0625 0.463654890625 0.044921875 0.5044157609375 0.037109375 0.5485733703125 0.041015625 0.6131114125 0.0595703125 0.658967390625 0.1552734375 0.737092390625 0.259765625 0.762567934375 0.2744140625 0.7574728265624999 0.291015625 0.72860054375 0.3125 0.6165081515625 0.306640625 0.57235054375
1 0.328125 0.3617527171875 0.31640625 0.31419837031250003 0.2646484375 0.241168478125 0.2353515625 0.22078804375 0.2080078125 0.22078804375 0.1787109375 0.2377717390625 0.1640625 0.2632472828125 0.154296875 0.3040081515625 0.15625 0.37533967343749997 0.17578125 0.43308423906250004 0.2373046875 0.475543478125 0.2919921875 0.53328804375 0.30859375 0.5315896734375001 0.3310546875 0.512907609375 0.357421875 0.4568614125 0.357421875 0.42629076093749996 0.328125 0.3617527171875
1 0.1708984375 0 0.173828125 0.0798233703125 0.16796875 0.1137907609375 0.1796875 0.1477581515625 0.2099609375 0.1936141296875 0.2392578125 0.22078804375 0.2724609375 0.2445652171875 0.298828125 0.2428668484375 0.3271484375 0.22078804375 0.3671875 0.123980978125 0.375 0.0900135875 0.3671875 0.008491848437500001 0.3623046875 0 0.1708984375 0
1 0.578125 0.32778532656250003 0.587890625 0.2904211953125 0.587890625 0.2258831515625 0.578125 0.1681385875 0.5576171875 0.13247282656249998 0.4970703125 0.13586956562500002 0.4521484375 0.1154891296875 0.4189453125 0.1188858703125 0.3837890625 0.149456521875 0.333984375 0.2428668484375 0.32421875 0.28702445625 0.32421875 0.3345788046875 0.3447265625 0.3940217390625 0.3583984375 0.4144021734375 0.4013671875 0.4449728265625 0.458984375 0.44667119531250005 0.4912109375 0.4313858703125 0.5283203125 0.383831521875 0.5556640625 0.370244565625 0.578125 0.32778532656250003
1 0 0.4704483703125 0.0205078125 0.512907609375 0.0390625 0.52139945625 0.0546875 0.4704483703125 0.0771484375 0.4415760875 0.1005859375 0.4279891296875 0.1533203125 0.4279891296875 0.158203125 0.4194972828125 0.15234375 0.3040081515625 0.166015625 0.23607337031250003 0.1376953125 0.15625 0.1103515625 0.16983695625 0.0107421875 0.16983695625 0 0.188519021875 0 0.4704483703125
1 0 0.1579483703125 0.0283203125 0.16983695625 0.080078125 0.1681385875 0.1162109375 0.1664402171875 0.162109375 0.1205842390625 0.173828125 0.059442934375 0.1611328125 0 0 0.0016983703124999999 0 0.1579483703125
1 0.388671875 0.0016983703124999999 0.404296875 0.052649456250000004 0.4541015625 0.1154891296875 0.4931640625 0.13247282656249998 0.54296875 0.1341711953125 0.5615234375 0.12228260937499999 0.607421875 0.059442934375 0.6123046875 0 0.388671875 0.0016983703124999999
1 0.44921875 0.7455842390625 0.4609375 0.5451766296875 0.45704575625 0.5281858374999999 0.451171875 0.487432065625 0.4208984375 0.45176630468749995 0.4013671875 0.448369565625 0.3857421875 0.461956521875 0.37301868437499996 0.46644236093749997 0.3359375 0.514605978125 0.318359375 0.5825407609375 0.306640625 0.684442934375 0.29296875 0.7421875 0.294921875 0.8135190218749999 0.30859375 0.878057065625 0.3310546875 0.9103260875 0.361328125 0.91202445625 0.3935546875 0.9035326093749999 0.41015625 0.878057065625 0.435546875 0.8203125 0.44921875 0.7455842390625
1 0.646484375 0.501019021875 0.638671875 0.44667119531250005 0.6201171875 0.40421195625 0.5869140625 0.3736413046875 0.5537109375 0.370244565625 0.5166015625 0.40421195625 0.4765625 0.487432065625 0.458984375 0.5689538046875 0.45703125 0.630095109375 0.46875 0.6878396734375001 0.4892578125 0.7269021734375001 0.5146484375 0.7438858703125 0.568359375 0.7523777171875 0.6005859375 0.7302989125 0.625 0.6810461953125 0.642578125 0.6029211953125 0.646484375 0.501019021875
1 0.767578125 0.2190896734375 0.7578125 0.1783288046875 0.7353515625 0.13247282656249998 0.7041015625 0.10529891250000001 0.6689453125 0.10190217343750001 0.6318359375 0.1256793484375 0.609375 0.161345109375 0.591796875 0.2258831515625 0.58984375 0.3006114125 0.607421875 0.3685461953125 0.6337890625 0.40760869531250005 0.6669921875 0.4279891296875 0.701171875 0.4296875 0.7255859375 0.4177989125 0.751953125 0.3787364125 0.763671875 0.31080162968749997 0.767578125 0.2190896734375
1 0.62109375 0.0492527171875 0.6376953125 0.078125 0.6650390625 0.098505434375 0.70703125 0.10020380468750001 0.7431640625 0.071331521875 0.775390625 0.0016983703124999999 0.615234375 0.0016983703124999999 0.62109375 0.0492527171875
1 0.951171875 0.41270380468749995 0.92578125 0.317595109375 0.8974609375 0.268342390625 0.8623046875 0.234375 0.8154296875 0.227581521875 0.7890625 0.25985054375 0.765625 0.3209918484375 0.7578125 0.358355978125 0.759765625 0.4194972828125 0.77734375 0.47724184843749995 0.8134765625 0.553668478125 0.8388671875 0.580842390625 0.875 0.5825407609375 0.9189453125 0.56046195625 0.939453125 0.528192934375 0.953125 0.473845109375 0.951171875 0.41270380468749995
1 0.7802734375 0 0.748046875 0.0662364125 0.73828125 0.1341711953125 0.7578125 0.17493206562500002 0.76953125 0.23267662968749997 0.7802734375 0.24796195625 0.7890625 0.24626358750000002 0.8193359375 0.2241847828125 0.8623046875 0.2309782609375 0.880859375 0.1953125 0.90234375 0.1137907609375 0.90234375 0.0424592390625 0.8935546875 0 0.7802734375 0
1 0.814453125 0.6878396734375001 0.814453125 0.6165081515625 0.80078125 0.551970109375 0.7841796875 0.5230978265624999 0.7587890625 0.502717390625 0.7080078125 0.512907609375 0.6748046875 0.5434782609375 0.646484375 0.592730978125 0.634765625 0.6538722828125 0.603515625 0.7421875 0.609375 0.7965353265624999 0.6318359375 0.84578804375 0.6728515625 0.8933423906250001 0.697265625 0.8950407609375001 0.7392578125 0.8695652171875 0.77734375 0.8135190218749999 0.794921875 0.7727581515625 0.814453125 0.6878396734375001
1 0.2724609375 0.79483695625 0.2529296875 0.76766304375 0.1904296875 0.7506793484375 0.1767578125 0.7506793484375 0.15625 0.776154890625 0.142578125 0.8237092390624999 0.140625 0.8950407609375001 0.150390625 0.9527853265624999 0.1669921875 0.995244565625 0.298828125 0.996942934375 0.310546875 0.9459918484375001 0.310546875 0.9018342390624999 0.291015625 0.8271059781250001 0.2724609375 0.79483695625
1 0.041015625 0.6165081515625 0.0274422578125 0.62011495625 0.009765625 0.6810461953125 0.013671875 0.72860054375 0.029296875 0.7795516296875 0.0634765625 0.8254076093749999 0.0869140625 0.838994565625 0.1171875 0.840692934375 0.140625 0.8271059781250001 0.1640625 0.7455842390625 0.0595703125 0.6623641296875 0.041015625 0.6165081515625
1 0.5693359375 0.7982336953125 0.4755859375 0.7982336953125 0.4345703125 0.8254076093749999 0.412109375 0.878057065625 0.400390625 0.9731657609375001 0.4052734375 0.9986413046875 0.658203125 0.996942934375 0.658203125 0.9391983703125 0.6484375 0.8746603265624999 0.6083984375 0.8186141296875 0.5693359375 0.7982336953125
1 0.923828125 0.786345109375 0.9140625 0.7252038046875 0.8916015625 0.6759510875 0.8564453125 0.6419836953125 0.8232421875 0.63858695625 0.81640625 0.65047554375 0.814453125 0.6912364125 0.798828125 0.762567934375 0.7578125 0.8542798906250001 0.771484375 0.9154211953125 0.7939453125 0.9544836953125 0.8212890625 0.9748641296875 0.849609375 0.9765625 0.8818359375 0.9544836953125 0.90625 0.9154211953125 0.921875 0.8508831515624999 0.923828125 0.786345109375
1 1 0.6165081515625 0.9638671875 0.6148097828125 0.9296875 0.65047554375 0.916015625 0.7048233703125 0.916015625 0.7319972828125 0.923828125 0.776154890625 0.9541015625 0.8288043484375001 1 0.8576766296875 1 0.6165081515625
1 1 0.17153532656249998 0.9658203125 0.1256793484375 0.9189453125 0.1256793484375 0.896484375 0.1477581515625 0.8671875 0.23267662968749997 0.923828125 0.31080162968749997 0.9453125 0.385529890625 0.953125 0.39232337031250003 0.9794921875 0.370244565625 1 0.3345788046875 1 0.17153532656249998
1 1 0.9391983703125 0.9833984375 0.9137228265624999 0.9541015625 0.8967391296875 0.9130859375 0.9103260875 0.87109375 0.9867527171875 0.8720703125 0.9986413046875 1 0.996942934375 1 0.9391983703125
1 0.0517578125 0.9103260875 0.029296875 0.9493885875 0.015625 0.9935461953125 0.166015625 0.996942934375 0.142578125 0.9154211953125 0.1064453125 0.8831521734375001 0.0732421875 0.8899456515624999 0.0517578125 0.9103260875
1 0.6826171875 0.9001358703125 0.650390625 0.8746603265624999 0.6630859375 0.9986413046875 0.763671875 0.996942934375 0.767578125 0.9256114125 0.7490234375 0.8661684781250001 0.7099609375 0.8933423906250001 0.6826171875 0.9001358703125
1 0.9013671875 0.13247282656249998 0.9599609375 0.12228260937499999 1 0.1647418484375 0.9990234375 0 0.896484375 0.0016983703124999999 0.904296875 0.052649456250000004 0.9013671875 0.13247282656249998