1 0.0881504328125 0.1879018765625 0.058648721875 0.23180686874999998 0.043878240624999995 0.275039453125 0.0398501828125 0.3326433546875 0.048697051562499996 0.3741223921875 0.0903899640625 0.4638662015625 0.1152976609375 0.49965825468749997 0.1899679390625 0.5797904484374999 0.22370895000000002 0.5872574 0.24508817968750002 0.5615121125 0.28655629375 0.47247593749999994 0.28792515 0.4249011859375 0.2761293234375 0.369595803125 0.22393093125000002 0.2620922125 0.1751161265625 0.2041982109375 0.135859025 0.1776178515625 0.0881504328125 0.1879018765625
1 0.0639671 0 0.041086306249999996 0.09097240625 0.04077085 0.17948122187499999 0.05935955625 0.22164147500000003 0.09252105625 0.1813974328125 0.12440576562500001 0.173411928125 0.1865693859375 0.208404134375 0.214727940625 0.099709578125 0.2436108828125 0.050653765625 0.2479286953125 0.0169053609375 0.2443230296875 0 0.0639671 0
1 0 0.4945446765625 0.035046334375 0.5553371406250001 0.07563303593750001 0.5769029234375 0.121287640625 0.51199473125 0.0484601078125 0.3775108578125 0.0377569375 0.3205793640625 0.0243553109375 0.316237196875 0.010150784375000001 0.3373766375 0 0.48253962499999997 0 0.4945446765625
1 0.29146435312499996 0.052297490625 0.2503116953125 0.05282485 0.221283875 0.0899529140625 0.2055656140625 0.1467393578125 0.205487103125 0.23185970781249998 0.23809620156250003 0.2835129453125 0.287016628125 0.3958948703125 0.316860903125 0.40308933593749996 0.3610017734375 0.373828146875 0.3715465109375 0.34902775468749997 0.3734420671875 0.32192003593749996 0.361409296875 0.27000311875 0.3620145078125 0.20534979999999997 0.3499817375 0.1534328828125 0.3190312515625 0.078060390625 0.29146435312499996 0.052297490625
1 0 0.9314666640624999 0.000952021875 0.9309117640625001 0.030453731249999998 0.8870067718750001 0.0665506328125 0.7907849375 0.05641341875 0.7117603015625 0.056018040625 0.63341688125 0.0317291109375 0.602775646875 0.012719328125000002 0.5946362875 0 0.596868171875 0 0.9314666640624999
1 0.10271249062500001 0.539638615625 0.08413733906250001 0.5672825015625 0.0696038015625 0.607126621875 0.060441475 0.6541563984375001 0.05812484062499999 0.715285009375 0.06602393281249999 0.7703179062500001 0.0852314046875 0.8176289765625 0.10866462343750001 0.84650785625 0.1307154296875 0.85315735 0.173908521875 0.8374500203125 0.2036471765625 0.7901565609375 0.214047034375 0.7534284203125 0.215073325 0.6547542109375 0.19339078437499999 0.5868398640625 0.1367825125 0.5284008906250001 0.123143940625 0.5274471890625 0.10271249062500001 0.539638615625
1 0.0141695140625 0.965886359375 0.22958257187500003 0.9792469890625 0.22947695 0.9247590671875001 0.222341503125 0.8868047375 0.19073299375 0.8488416015625001 0.108190734375 0.8532847859375 0.078017446875 0.8647949984375 0.0488447484375 0.8899953140625 0.014024635937499998 0.953958609375 0.0141695140625 0.965886359375
1 0.3627131953125 0.3773528546875 0.3274584515625 0.40553290468750003 0.23297689843749997 0.5947155453125 0.21754839218750002 0.6753574859375 0.22207744843750002 0.750584928125 0.24246964375000002 0.780953675 0.2915606484375 0.7928990375 0.356698925 0.7293532765624999 0.4037223859375 0.6168703328125 0.41383248906250003 0.556286696875 0.43610668593749996 0.4897435875 0.4391869640625 0.44569354375000003 0.43305210625 0.4214293171875 0.4126599125 0.39106057031249997 0.3627131953125 0.3773528546875
1 0.52189839375 0.088841209375 0.47903431249999995 0.0858438609375 0.454943071875 0.0943743375 0.4009682984375 0.138270525 0.3705188109375 0.195729378125 0.362357075 0.25644925937499996 0.37539043437499997 0.3220562796875 0.411185434375 0.3841473984375 0.45410232500000003 0.41438870781250003 0.4880802796875 0.4184671953125 0.533458684375 0.39950764375 0.5704776625 0.4020962625 0.5998873046875 0.3735074828125 0.6300470375 0.2921931328125 0.6350228734375001 0.2210353703125 0.625083346875 0.1811824453125 0.5814556234375 0.1611065296875 0.52189839375 0.088841209375
1 0.2891371140625 0 0.29616398906249997 0.02708836875 0.32953673125 0.0958201734375 0.35125852812499997 0.1211743453125 0.37720606874999996 0.1280963234375 0.4084720125 0.1149600015625 0.4558380390625 0.05357651718749999 0.47391785937500003 0 0.2891371140625 0
1 0.59290888125 0.165312453125 0.628598259375 0.1729156484375 0.6720282953125001 0.153819853125 0.6988708046875 0.1199440109375 0.70798031875 0.045670271875 0.7034120078125 0.0130030046875 0.5016375203125001 0.000596075 0.5134333468750001 0.05590145625 0.5433832437499999 0.11758384531249999 0.59290888125 0.165312453125
1 0.710402575 0.039029584374999995 0.7018197609375 0.13377035625 0.70848131875 0.178501615625 0.7303479921875 0.2157835359375 0.7685124375 0.2439900046875 0.8090463281250001 0.23831182812499999 0.833848403125 0.21961595625000002 0.8631131671875 0.1790994265625 0.893417778125 0.1097128265625 0.898621975 0.0877958734375 0.9040938374999999 0.0270360453125 0.7179062890625 0.0157190609375 0.710402575 0.039029584374999995
1 0.91153259375 0.1586500078125 0.9330567015625 0.1448324671875 0.9540541078125001 0.11054789843749999 0.9620317109375 0.08046044218750001 0.9644932234375 0.03125958125 0.9049495484375001 0.028798400000000002 0.8987361796875 0.089654521875 0.8788842390625 0.1495569453125 0.91153259375 0.1586500078125
1 0.6948034921875 0.2201080890625 0.6554150671875 0.25140411875 0.6319954046875 0.2923293765625 0.61409183125 0.3523680421875 0.6098268296875 0.41336040937499996 0.6199112328124999 0.4651410828125 0.6393556499999999 0.5090636890625 0.6703453921875 0.54187600625 0.703849459375 0.552731421875 0.7309817234375 0.542711078125 0.760720378125 0.4954176203125 0.7922097109374999 0.40908869374999995 0.7962377671875001 0.3514847921875 0.786627253125 0.2929271875 0.7618116234375 0.24181892187499998 0.7337708375 0.2228329515625 0.6948034921875 0.2201080890625
1 0.84235270625 0.2099955328125 0.8113765171875 0.24698735312500003 0.79247235625 0.29333591718749996 0.7977122453125001 0.3583979640625 0.795168490625 0.40791348125000004 0.80317763125 0.4291049734375 0.8388784578124999 0.4276747421875 0.882414115625 0.463066871875 0.93781055625 0.39883989531249997 0.959847809375 0.33568525 0.9670617671875 0.2885192296875 0.9667192 0.2374197703125 0.95568701875 0.19919295625 0.9182334078125001 0.16082109218750001 0.8802666515625001 0.17178633125 0.84235270625 0.2099955328125
1 1 0.4318772875 0.9754483015625001 0.40657933437500005 0.9386662687499999 0.40060225000000005 0.8956708656249999 0.45548128906249996 0.887311440625 0.477029459375 0.9142731265625 0.567445678125 0.9171435703125 0.666392375 0.9500288703124999 0.6720969734375 0.9916026062500001 0.637548721875 1 0.517460384375 1 0.4318772875
1 0.5626841921875 0.40155129062499995 0.525191325 0.4057396 0.46223836093750004 0.4660331390625 0.42546988125 0.5298601921875 0.40709242031250004 0.5966757874999999 0.40696109687500004 0.6545521765625 0.42008652343749997 0.7048429828125 0.4727980609375 0.763009471875 0.5026423375 0.7702039359375 0.5363305375 0.7504269265625 0.5743365500000001 0.6969015109375001 0.5978482796875 0.640660040625 0.61669963125 0.567067515625 0.62049074375 0.512852078125 0.61188081875 0.467984575 0.5904880343750001 0.423925725 0.5626841921875 0.40155129062499995
1 0.30519921875 0.7938527390625 0.2656794734375 0.8830251562500001 0.2611775265625 0.9474059890625 0.269405628125 0.98373420625 0.5159925624999999 0.9992747265625 0.5237332203125 0.9725757390625 0.5251020765625001 0.9250009875 0.5034195375 0.857086640625 0.47142920468750005 0.810584221875 0.38730684531250004 0.753626309375 0.3463911328125 0.7507652046875 0.32595968124999997 0.7629566328124999 0.30519921875 0.7938527390625
1 0.6892766640625 0.6351357171875 0.6464125843749999 0.63213836875 0.6179507203125 0.6471732890624999 0.5931486453125 0.6658691609375 0.5651214140625 0.716687328125 0.5177553875 0.7780708109375001 0.5103572953125 0.8558692593749999 0.5370820359375 0.94967394375 0.55747423125 0.9800426890624999 0.6050907578125 0.9850748781249999 0.64852079375 0.965979084375 0.675745125 0.9406425265625 0.728284675 0.847272990625 0.7396323125 0.796990990625 0.742896725 0.7223085218749999 0.735524334375 0.68774265625 0.7136576609375 0.6504607375 0.6892766640625 0.6351357171875
1 0.8230545749999999 0.4299732609375 0.7639983453125 0.49053928750000003 0.749082984375 0.5218441234375 0.739920659375 0.5688739015625 0.7395523921875 0.6301387546874999 0.74968960625 0.709163390625 0.7716090906249999 0.7736892734375 0.7972276203125 0.7993159296875 0.8526376156250001 0.804893090625 0.8782954015625 0.7879595734375 0.9085079453124999 0.7338891859375 0.9180913484375001 0.6528385140624999 0.9167481937499999 0.5880489546875001 0.9002919890625 0.5153925187499999 0.8774247265625 0.46442049687500003 0.84814640625 0.4351328875 0.8230545749999999 0.4299732609375
1 0.8023492578125 1 0.8071414453125 0.9515331671875 0.8021913093749999 0.9103266187499999 0.7797979359375 0.852577665625 0.7544163515625 0.8235625437499999 0.7388294125 0.8224725984375001 0.702824578125 0.90337821875 0.6323679 0.9869822828125001 0.63430655 1 0.8023492578125 1
1 0.96625754375 1 0.9674342625 0.9831721359375001 0.959732859375 0.9673109500000001 0.92384579375 0.92053604375 0.8848256359375 0.8905672203125 0.8431990890625001 0.897871509375 0.810801234375 0.95519411875 0.8083312484375 1 0.96625754375 1
1 0.9188821031250001 0.80952535625 0.926123171875 0.9019676109375 0.9679081515625001 0.97639520625 0.9892331593750001 0.6714333703124999 0.982532346875 0.6692622859374999 0.9579672171875 0.68456969375 0.9372067546875 0.7154658 0.9188821031250001 0.80952535625
1 0.8615237406249999 0.8038119531250001 0.8047841453125001 0.8032493671875001 0.7750319359375 0.7807386890625 0.7678572328125 0.785344534375 0.7633024765624999 0.8224814046875 0.8032839656249999 0.90870050625 0.8236233500000001 0.9118252921875 0.8517033921875001 0.8882510874999999 0.88506258125 0.88717875625 0.8990301625000001 0.8694277796875 0.9263330062499999 0.7589708703125 0.92846550625 0.7284746859375 0.9178151484375 0.69878715625 0.9012411765625 0.7538112453125 0.8615237406249999 0.8038119531250001
1 0.6195957765625 0.5536498984375 0.5930037671874999 0.6539414125 0.6005602921875 0.65787485 0.64251585 0.6318658828125 0.6892766640625 0.6351357171875 0.69692525625 0.623752940625 0.70071636875 0.5695375046875 0.69667475625 0.55733726875 0.6481497078125 0.523298765625 0.6171071546875 0.4632424859375 0.6195957765625 0.5536498984375
1 1 0.0337424578125 0.9683899578125 0.0315320671875 0.9494465406250001 0.12044080625 0.9236966875 0.15269053593749998 0.9591098640625001 0.206242371875 0.9730910015625 0.25829553125000004 1 0.22738540624999998 1 0.0337424578125