1 0.30078125 0.266644021875 0.279296875 0.2055027171875 0.2568359375 0.16983695625 0.2314453125 0.1528532609375 0.1865234375 0.1596467390625 0.162109375 0.1919157609375 0.140625 0.2632472828125 0.140625 0.33797554375 0.1484375 0.3787364125 0.1845703125 0.45516304375 0.2158203125 0.45516304375 0.2578125 0.4806385875 0.2900390625 0.448369565625 0.302734375 0.41610054375 0.30859375 0.317595109375 0.30078125 0.266644021875
1 0 0.4534646734375 0.0126953125 0.46535326093749996 0.0546875 0.463654890625 0.1044921875 0.4279891296875 0.12890625 0.3685461953125 0.134765625 0.25985054375 0.123046875 0.2258831515625 0.0966796875 0.1868206515625 0.0380859375 0.1970108703125 0 0.2258831515625 0 0.4534646734375
1 0.1416015625 0.448369565625 0.1181640625 0.43817934843749995 0.0810546875 0.448369565625 0.05078125 0.49082880468749995 0.029296875 0.541779890625 0.03125 0.5859375 0.0556640625 0.6216032609375 0.076171875 0.6233016296875 0.123046875 0.5893342390625 0.130859375 0.5383831515625 0.15625 0.4806385875 0.1416015625 0.448369565625
1 0 0.188519021875 0.025390625 0.1987092390625 0.0927734375 0.17663043437499998 0.107421875 0.14096467343750002 0.10546875 0.0492527171875 0.0908203125 0.016983695312499998 0.0732421875 0 0 0.0016983703124999999 0 0.188519021875
1 0.2607421875 0 0.1328125 0.0016983703124999999 0.130859375 0.032269021875 0.140625 0.0798233703125 0.1845703125 0.1528532609375 0.248046875 0.1545516296875 0.265625 0.123980978125 0.2734375 0.08322010937499999 0.26953125 0.018682065625 0.2607421875 0
1 0.2548828125 0.48573369531250005 0.2275390625 0.461956521875 0.1865234375 0.4585597828125 0.1650390625 0.475543478125 0.138671875 0.52139945625 0.12890625 0.5485733703125 0.125 0.5893342390625 0.1455078125 0.631793478125 0.1748046875 0.6487771734375001 0.21875 0.6538722828125 0.25390625 0.6097146734375001 0.271484375 0.5451766296875 0.26953125 0.5112092390625 0.2548828125 0.48573369531250005
1 0 0.878057065625 0.005859375 0.878057065625 0.0419921875 0.8559782609375001 0.05859375 0.8305027171875 0.08203125 0.7387907609375 0.08203125 0.6742527171875 0.076171875 0.65047554375 0.0205078125 0.5774456515625 0 0.5859375 0 0.878057065625
1 0.259765625 0.75577445625 0.2421875 0.6946331515625 0.1962890625 0.6521739125 0.1552734375 0.669157609375 0.12109375 0.721807065625 0.099609375 0.7795516296875 0.091796875 0.8508831515624999 0.09375 0.9052309781250001 0.1005859375 0.92391304375 0.1591796875 0.9408967390624999 0.1640625 0.9867527171875 0.18359375 0.99014945625 0.2216796875 0.9476902171875 0.2421875 0.9086277171875 0.26171875 0.8033288046875 0.259765625 0.75577445625
1 0.12890625 1 0.1572265625 0.9986413046875 0.1640625 0.9697690218749999 0.162109375 0.9493885875 0.1298828125 0.9307065218749999 0.0732421875 0.9273097828125 0.0458984375 0.95108695625 0.029296875 0.9867527171875 0.0341796875 1 0.12890625 1
1 0.408203125 0.8372961953125 0.3740234375 0.7914402171875 0.3310546875 0.760869565625 0.2978515625 0.7540760875 0.2783203125 0.76766304375 0.267578125 0.7931385875 0.267578125 0.8814538046875 0.28125 0.9425951093749999 0.3193359375 0.9986413046875 0.375 0.996942934375 0.373046875 0.9731657609375001 0.384765625 0.9324048906250001 0.416015625 0.8746603265624999 0.408203125 0.8372961953125
1 0.3916015625 0.604619565625 0.36328125 0.5893342390625 0.365234375 0.565557065625 0.34765625 0.5044157609375 0.3515625 0.4296875 0.3193359375 0.424592390625 0.2978515625 0.4415760875 0.267578125 0.487432065625 0.271484375 0.551970109375 0.244140625 0.6538722828125 0.255859375 0.698029890625 0.2958984375 0.747282609375 0.376953125 0.7591711953125 0.4267578125 0.71671195625 0.44140625 0.657269021875 0.4130859375 0.5978260875 0.3916015625 0.604619565625
1 0.4697265625 0.2241847828125 0.4404296875 0.20040760937500002 0.4052734375 0.20040760937500002 0.3720703125 0.22078804375 0.349609375 0.253057065625 0.3359375 0.29721467343749997 0.3359375 0.3345788046875 0.3623046875 0.3940217390625 0.4091796875 0.37703804375 0.4423828125 0.411005434375 0.455078125 0.409307065625 0.486328125 0.371942934375 0.49609375 0.331182065625 0.494140625 0.293817934375 0.4697265625 0.2241847828125
1 0.3916015625 0.3804347828125 0.3759765625 0.390625 0.35546875 0.42629076093749996 0.34765625 0.4704483703125 0.349609375 0.514605978125 0.3671875 0.5587635875 0.37341308125 0.5700341515625 0.38130302031249996 0.57483645625 0.40221110156249995 0.5906153375 0.42745876718750003 0.5837549671875 0.44921875 0.5349864125 0.447265625 0.4296875 0.4208984375 0.383831521875 0.3916015625 0.3804347828125
1 0.275390625 0.008491848437500001 0.271484375 0.052649456250000004 0.2861328125 0.08831521718749999 0.3251953125 0.1188858703125 0.34765625 0.1171875 0.3896484375 0.0815217390625 0.416015625 0.0016983703124999999 0.2822265625 0 0.275390625 0.008491848437500001
1 0.5244140625 0.8288043484375001 0.4658203125 0.8322010875 0.4345703125 0.8559782609375001 0.388671875 0.9256114125 0.373046875 0.9765625 0.3779296875 0.9986413046875 0.58203125 0.996942934375 0.58203125 0.9425951093749999 0.57421875 0.9052309781250001 0.5458984375 0.84578804375 0.5244140625 0.8288043484375001
1 0.650390625 0.7455842390625 0.6279296875 0.658967390625 0.6025390625 0.6521739125 0.5615234375 0.6012228265624999 0.5458984375 0.5978260875 0.5341796875 0.604619565625 0.5009765625 0.658967390625 0.462890625 0.6742527171875 0.451171875 0.7184103265624999 0.453125 0.8033288046875 0.4638671875 0.8322010875 0.5166015625 0.8254076093749999 0.5419921875 0.838994565625 0.576171875 0.91202445625 0.587890625 0.9222146734375001 0.6083984375 0.9069293484375001 0.634765625 0.8576766296875 0.650390625 0.786345109375 0.650390625 0.7455842390625
1 0.810546875 0.358355978125 0.8125 0.2768342390625 0.83984375 0.23947010937500002 0.8291015625 0.2038043484375 0.8037109375 0.1936141296875 0.7861328125 0.2173913046875 0.7705078125 0.2173913046875 0.7197265625 0.1936141296875 0.6962890625 0.1936141296875 0.6298828125 0.2105978265625 0.5908203125 0.241168478125 0.53125 0.3413722828125 0.515625 0.43308423906250004 0.513458346875 0.469872546875 0.525390625 0.5180027171875 0.55078125 0.579144021875 0.5810546875 0.6283967390625 0.6044921875 0.6487771734375001 0.64453125 0.6470788046875 0.7060546875 0.604619565625 0.7490234375 0.5502717390625 0.775390625 0.501019021875 0.810546875 0.358355978125
1 0.71875 0.1647418484375 0.708984375 0.1273777171875 0.6943359375 0.10190217343750001 0.6728515625 0.084918478125 0.6083984375 0.0747282609375 0.5908203125 0.0815217390625 0.568359375 0.1205842390625 0.560546875 0.1647418484375 0.56640625 0.2496603265625 0.5712890625 0.2615489125 0.578125 0.25985054375 0.5947265625 0.234375 0.6259765625 0.2105978265625 0.7177734375 0.190217390625 0.71875 0.1647418484375
1 0.4423828125 0 0.408203125 0.0798233703125 0.40234375 0.123980978125 0.40625 0.1783288046875 0.4150390625 0.1970108703125 0.4462890625 0.20040760937500002 0.4833984375 0.2377717390625 0.4873046875 0.2513586953125 0.49609375 0.2496603265625 0.5244140625 0.227581521875 0.546875 0.1783288046875 0.560546875 0.1137907609375 0.55859375 0.0390625 0.5380859375 0 0.4423828125 0
1 0.884765625 0.8372961953125 0.880859375 0.776154890625 0.869140625 0.7421875 0.8525390625 0.7133152171875 0.8095703125 0.6861413046875 0.7724609375 0.68953804375 0.7275390625 0.7302989125 0.701171875 0.7795516296875 0.689453125 0.8576766296875 0.703125 0.9256114125 0.7216796875 0.9612771734375001 0.7412109375 0.957880434375 0.7607421875 0.9918478265624999 0.791015625 0.9935461953125 0.8251953125 0.9748641296875 0.8505859375 0.9408967390624999 0.8671875 0.9052309781250001 0.884765625 0.8372961953125
1 0.943359375 0.49422554375 0.9248046875 0.4449728265625 0.9140625 0.44667119531250005 0.9208984375 0.475543478125 0.91015625 0.43308423906250004 0.8876953125 0.411005434375 0.8603515625 0.40421195625 0.8037109375 0.4177989125 0.755859375 0.551970109375 0.767578125 0.6266983703125 0.77734375 0.6606657609375 0.7919921875 0.6793478265624999 0.876953125 0.7116168484375 0.9150390625 0.6861413046875 0.939453125 0.6368885875 0.94921875 0.5825407609375 0.943359375 0.49422554375
1 0.7587890625 0 0.748046875 0.015285326562500002 0.728515625 0.0764266296875 0.728515625 0.1341711953125 0.7451171875 0.17663043437499998 0.7783203125 0.1936141296875 0.798828125 0.1919157609375 0.8486328125 0.18002717343750002 0.892578125 0.1171875 0.90625 0.059442934375 0.9052734375 0 0.7587890625 0
1 0.88671875 0.8522418484375001 0.869140625 0.9099864125 0.8642578125 1 1 0.9983016296875 0.9970703125 0.7826086953125 0.9775390625 0.772418478125 0.9443359375 0.77921195625 0.88671875 0.8522418484375001
1 1 0.1987092390625 0.9755859375 0.1596467390625 0.9501953125 0.1596467390625 0.92578125 0.1851222828125 0.90234375 0.253057065625 0.904296875 0.344769021875 0.9111328125 0.3634510875 0.919921875 0.371942934375 0.91796875 0.41610054375 0.9306640625 0.434782609375 1 0.436480978125 1 0.1987092390625
1 0.521484375 0.514605978125 0.5106968734375 0.4636981984375 0.492550178125 0.4438031109375 0.4599609375 0.43817934843749995 0.451171875 0.450067934375 0.451171875 0.528192934375 0.427734375 0.606317934375 0.4521484375 0.6521739125 0.4658203125 0.6623641296875 0.490234375 0.6606657609375 0.5008345140625 0.6523588124999999 0.5296325359375 0.5864990546875 0.5296325359375 0.552883228125 0.521484375 0.514605978125