1 0 0.643682065625 0.0078125 0.643682065625 0.0419921875 0.618206521875 0.0927734375 0.56046195625 0.125 0.49082880468749995 0.130859375 0.450067934375 0.123046875 0.4059103265625 0.0791015625 0.33627717343749997 0.0263671875 0.33627717343749997 0 0.36514945625 0 0.643682065625
1 0.1669921875 0.7846467390625 0.1982421875 0.7540760875 0.201171875 0.7319972828125 0.16796875 0.630095109375 0.162109375 0.57235054375 0.1142578125 0.5298913046875 0.0439453125 0.618206521875 0.0068359375 0.6487771734375001 0.001953125 0.6946331515625 0.021484375 0.7931385875 0.0546875 0.8814538046875 0.1025390625 0.9341032609375001 0.125 0.9358016296875 0.138671875 0.9290081515624999 0.13671875 0.8644701093749999 0.14453125 0.8305027171875 0.1669921875 0.7846467390625
1 0.408203125 0.7829483703125 0.400390625 0.7523777171875 0.3857421875 0.7302989125 0.3544921875 0.709918478125 0.3291015625 0.7065217390625 0.2568359375 0.7201086953125 0.1748046875 0.7778532609375 0.1484375 0.8271059781250001 0.138671875 0.8644701093749999 0.140625 0.9358016296875 0.1611328125 0.995244565625 0.310546875 0.996942934375 0.3857421875 0.95108695625 0.4140625 0.9052309781250001 0.416015625 0.8508831515624999 0.408203125 0.7829483703125
1 0.388671875 0.57235054375 0.3056640625 0.4925271734375 0.2392578125 0.48233695625 0.2060546875 0.49932065156250005 0.1796875 0.5383831515625 0.171875 0.565557065625 0.169921875 0.6266983703125 0.185546875 0.67764945625 0.2021484375 0.7065217390625 0.2275390625 0.7302989125 0.236328125 0.72860054375 0.2861328125 0.709918478125 0.3642578125 0.703125 0.38671875 0.65047554375 0.388671875 0.57235054375
1 0.55859375 0.748980978125 0.541015625 0.6606657609375 0.517578125 0.6131114125 0.5048828125 0.5570652171875 0.4846603265625 0.531616021875 0.45349531406250004 0.5261276953125 0.4326171875 0.5502717390625 0.40234375 0.5961277171875 0.39453125 0.65047554375 0.396484375 0.7184103265624999 0.41015625 0.7795516296875 0.419921875 0.8814538046875 0.4619140625 0.9782608703125 0.4794921875 0.995244565625 0.51171875 0.9935461953125 0.5478515625 0.9544836953125 0.5625 0.9256114125 0.568359375 0.8271059781250001 0.55859375 0.748980978125
1 0.0458984375 0.9205163046875 0 0.9459918484375001 0.0009765625 0.9986413046875 0.13671875 1 0.140625 0.9935461953125 0.1162109375 0.95108695625 0.0732421875 0.9205163046875 0.0458984375 0.9205163046875
1 0.5634765625 0 0.544921875 0.0288722828125 0.529296875 0.08322010937499999 0.52734375 0.1443614125 0.533203125 0.1851222828125 0.55078125 0.23947010937500002 0.5693359375 0.268342390625 0.6005859375 0.28872282656250003 0.62109375 0.2904211953125 0.6611328125 0.27513587031250003 0.697265625 0.22927989062499998 0.712890625 0.1647418484375 0.708984375 0.1171875 0.6875 0.032269021875 0.6669921875 0 0.5634765625 0
1 0.693359375 0.501019021875 0.681640625 0.4296875 0.65625 0.3549592390625 0.6220703125 0.305706521875 0.5791015625 0.3023097828125 0.5458984375 0.32608695625 0.521484375 0.3821331515625 0.51171875 0.463654890625 0.513671875 0.5621603265624999 0.52734375 0.6233016296875 0.5478515625 0.6657608703125 0.5712890625 0.68953804375 0.59765625 0.6946331515625 0.6474609375 0.6657608703125 0.677734375 0.630095109375 0.693359375 0.565557065625 0.693359375 0.501019021875
1 0.7685546875 0.682744565625 0.7158203125 0.669157609375 0.6748046875 0.68953804375 0.6162109375 0.747282609375 0.576171875 0.8169157609375001 0.568359375 0.8542798906250001 0.568359375 0.91202445625 0.5810546875 0.9918478265624999 0.759765625 0.996942934375 0.802734375 0.9154211953125 0.822265625 0.8135190218749999 0.81640625 0.776154890625 0.7685546875 0.682744565625
1 0.859375 0.4194972828125 0.8515625 0.36514945625 0.828125 0.3006114125 0.8017578125 0.2649456515625 0.7666015625 0.25815217343749997 0.7275390625 0.292119565625 0.697265625 0.3549592390625 0.685546875 0.4194972828125 0.6953125 0.5112092390625 0.69140625 0.606317934375 0.7255859375 0.6623641296875 0.7890625 0.6742527171875 0.8115234375 0.658967390625 0.84375 0.5825407609375 0.859375 0.49422554375 0.859375 0.4194972828125
1 0.7158203125 0 0.7109375 0.015285326562500002 0.708984375 0.1171875 0.720703125 0.17153532656249998 0.7666015625 0.2309782609375 0.8115234375 0.25815217343749997 0.837890625 0.25985054375 0.8740234375 0.2309782609375 0.908203125 0.161345109375 0.912109375 0.0900135875 0.8984375 0.032269021875 0.8779296875 0 0.7158203125 0
1 0.990234375 0.436480978125 0.974609375 0.3685461953125 0.9482421875 0.319293478125 0.9169921875 0.2955163046875 0.8720703125 0.2955163046875 0.841796875 0.3209918484375 0.861328125 0.436480978125 0.859375 0.501019021875 0.84765625 0.5689538046875 0.8759765625 0.6080163046875 0.91796875 0.619904890625 0.9443359375 0.6080163046875 0.9765625 0.5587635875 0.990234375 0.5044157609375 0.990234375 0.436480978125
1 0.89453125 0.7421875 0.888671875 0.6606657609375 0.876953125 0.6266983703125 0.8466796875 0.5876358703125 0.8154296875 0.6555706515625 0.7998046875 0.6725543484375 0.771484375 0.6810461953125 0.814453125 0.7693614125 0.822265625 0.799932065625 0.818359375 0.8610733703125 0.78125 0.9697690218749999 0.80078125 0.9765625 0.8427734375 0.9442934781250001 0.859375 0.9154211953125 0.888671875 0.7931385875 0.89453125 0.7421875
1 1 0.6165081515625 0.9794921875 0.61141304375 0.9443359375 0.6351902171875 0.908203125 0.708220109375 0.892578125 0.786345109375 0.892578125 0.8746603265624999 0.904296875 0.9324048906250001 0.9326171875 0.9918478265624999 1 0.996942934375 1 0.6165081515625
1 1 0.14096467343750002 0.9951171875 0.1392663046875 0.9599609375 0.1732336953125 0.943359375 0.202105978125 0.935546875 0.23267662968749997 0.935546875 0.2768342390625 0.943359375 0.31080162968749997 0.9697265625 0.356657609375 1 0.3685461953125 1 0.14096467343750002
1 0.91796875 0.0390625 0.9462890625 0.08831521718749999 0.9775390625 0.1188858703125 0.9921875 0.1205842390625 1 0.1171875 0.9990234375 0 0.91015625 0.0016983703124999999 0.91796875 0.0390625
1 0.8251953125 0.9544836953125 0.791015625 0.996942934375 0.9140625 1 0.9296875 0.996942934375 0.8935546875 0.957880434375 0.8681640625 0.9476902171875 0.8251953125 0.9544836953125
1 0.4423828125 0.475543478125 0.4521484375 0.512907609375 0.4814453125 0.4789402171875 0.505859375 0.43308423906250004 0.525390625 0.3617527171875 0.54296875 0.3243885875 0.544921875 0.22927989062499998 0.53125 0.1851222828125 0.4990234375 0.13247282656249998 0.4775390625 0.1256793484375 0.4345703125 0.1732336953125 0.3662109375 0.2105978265625 0.33203125 0.2836277171875 0.314453125 0.385529890625 0.318359375 0.4704483703125 0.3447265625 0.526494565625 0.3984375 0.5451766296875 0.4365234375 0.5298913046875 0.439453125 0.4976222828125 0.43359375 0.487432065625 0.4423828125 0.475543478125
1 0.306640625 0.25985054375 0.294921875 0.2190896734375 0.2724609375 0.18002717343750002 0.2412109375 0.15625 0.1943359375 0.149456521875 0.1455078125 0.18002717343750002 0.1171875 0.2190896734375 0.091796875 0.29721467343749997 0.08984375 0.33797554375 0.123046875 0.4025135875 0.1337890625 0.46535326093749996 0.1689453125 0.48573369531250005 0.21484375 0.4840353265625 0.2568359375 0.475543478125 0.291015625 0.43308423906250004 0.3046875 0.3787364125 0.306640625 0.25985054375
1 0.2861328125 0 0.279296875 0.0118885875 0.2734375 0.0696331515625 0.283203125 0.1477581515625 0.3271484375 0.1936141296875 0.38671875 0.1987092390625 0.4404296875 0.1664402171875 0.470703125 0.13077445625 0.498046875 0.032269021875 0.4970703125 0 0.2861328125 0
1 0.18359375 0.0016983703124999999 0.0009765625 0 0 0.188519021875 0.060546875 0.1919157609375 0.1123046875 0.1664402171875 0.1494140625 0.1256793484375 0.173828125 0.07302989062500001 0.18359375 0.0016983703124999999