1 0.8663315125000001 0.8394463765625 0.9087601875000001 0.808130471875 0.9268081578125 0.7789387640625 0.9360387640625 0.7482023328125 0.9368059656250001 0.6802438109375 0.9221283921874999 0.6227466484375 0.9030133578124999 0.5908063640625 0.845847828125 0.5612288828125 0.7774988640625 0.5624219187499999 0.7096834328125 0.5941809515625 0.6648294078125 0.6544158703125 0.659919425 0.7088576796875 0.6672599406249999 0.7936609640625 0.684599990625 0.8358239984375 0.7298707109375 0.855417334375 0.7972729015625 0.8559394546875 0.8663315125000001 0.8394463765625
1 1 0.49563655781250004 0.9975111 0.3530475703125 0.8783868937499999 0.2990721578125 0.84341556875 0.3659290859375 0.8506375203125 0.443939928125 0.84010618125 0.512068884375 0.840758275 0.549427325 0.9128367765625001 0.594032153125 0.9320703734375 0.6327648796875 0.9408894640625001 0.6903643015625 0.9747379 0.6710885656250001 1 0.6155904109375 1 0.49563655781250004
1 0.8526427203125 0.22308325 0.858975453125 0.250150765625 0.9020579484375 0.312248003125 0.9895812265625 0.3463914734375 0.9973925375 0.3462551265625 0.9926500359375 0.07455738437500001 0.9212829093750001 0.070707215625 0.888381246875 0.0882677984375 0.85577771875 0.1788641953125 0.8526427203125 0.22308325
1 0.7221660437499999 0 0.680492309375 0.0409376671875 0.658953653125 0.0939711015625 0.6543400765625 0.1653940203125 0.6709111984375 0.2194608734375 0.6734568375000001 0.2533890046875 0.69482110625 0.3022763109375 0.7274873687500001 0.32718554375000003 0.7519273546874999 0.32845756875 0.8003923546875 0.3072280703125 0.833116171875 0.279478821875 0.8549512359375001 0.2434264953125 0.8521684703125001 0.1959134765625 0.8685582921874999 0.1276822609375 0.8680247609375 0.097116265625 0.8576678109375001 0.0633244796875 0.8146445968749999 0.0046234640625 0.732780815625 0 0.7221660437499999 0
1 0.594403871875 0.480686440625 0.6058837125000001 0.4668970328125 0.62553055 0.473348609375 0.6648817796875 0.43359327968750005 0.6814494468750001 0.375550728125 0.6806195078124999 0.328003625 0.6678947625 0.27047237343749997 0.6222666265625 0.17444700468750002 0.59244068125 0.144392309375 0.51036264375 0.14242773125 0.4729032328125 0.12269804843750001 0.4573991765625 0.1297631859375 0.4394104859375 0.1623511171875 0.42668919375 0.216929271875 0.4237913203125 0.274733215625 0.43651606718749997 0.332264465625 0.49178977812499997 0.42132695781249996 0.521675003125 0.454777875 0.5394875765625 0.46805598125000003 0.5569444625 0.46095675781249995 0.571916715625 0.47938032656249996 0.594403871875 0.480686440625
1 0.75223066875 0.5696574890625 0.8105783703125 0.55505 0.82395175625 0.537830284375 0.8417626015625 0.4950536890625 0.8486254125 0.4405777921875 0.8480918796875001 0.410011796875 0.8376163671875 0.36942756875 0.8225255515625 0.34421155468750003 0.7791483765625 0.3211879109375 0.7403289515625 0.3354545328125 0.6903853734375 0.38388789375 0.632750775 0.49530474687500003 0.6352964156249999 0.529232878125 0.64760619375 0.5629905765625 0.66470911875 0.591568725 0.6854805734375 0.6064938109375 0.75223066875 0.5696574890625
1 0.4794310828125 0.72050125625 0.5050532375000001 0.6775883125 0.5177152484375 0.619613934375 0.5187788578125 0.568636521875 0.5143396703125 0.5381386984375001 0.5043384078125001 0.5247242453125 0.50771053125 0.4940900765625 0.5013185171875 0.46362633906250006 0.474627571875 0.3893525875 0.44172418281250003 0.3508584671875 0.408466834375 0.3480417203125 0.3698252515625 0.372497009375 0.35189584375 0.40848116250000005 0.33763669375 0.48686695625 0.337521584375 0.59218391875 0.354507675 0.6700243265625 0.37770620625 0.7120851 0.40143654375000004 0.7286571687500001 0.445464084375 0.7329845500000001 0.4794310828125 0.72050125625
1 0.6280307265625 0.952318140625 0.6460194171875 0.9197302109375001 0.658859271875 0.8719444984375 0.6655442375 0.8072799375 0.6588558171875001 0.7598350921875 0.656662409375 0.6341748875000001 0.64784331875 0.5765754624999999 0.6223955515624999 0.517567665625 0.598487371875 0.49080693125 0.55730015 0.48133408749999995 0.5372400703125 0.5071636625 0.53203368125 0.5446243609375 0.5207316843750001 0.5686024359374999 0.5215616234375 0.6161495390625 0.5107338765625 0.6672973875 0.5155322046874999 0.830281946875 0.5496212203125 0.9367005015625001 0.5959572765625001 0.9613711281249999 0.6280307265625 0.952318140625
1 0.35652415 1 0.537018490625 0.9980711015624999 0.539147434375 0.952170978125 0.5322218890625 0.8911412453124999 0.5197935484375 0.850591103125 0.48085383281249994 0.8020105781250001 0.39824226406249996 0.7694800046875 0.3455752015625 0.7737965671875 0.312792103125 0.79814959375 0.2929691484375 0.8375640546875 0.2750414671875 0.9296029109375 0.2756342796875 0.9635651296875001 0.2858395609375 1 0.35652415 1
1 0.293560234375 0.8154715703125 0.34155098437500003 0.7670722984375 0.355456175 0.724363875 0.3565790640625 0.6767826828125 0.3399486625 0.61931960625 0.3326081484375 0.5345163203125 0.306095046875 0.470431234375 0.2612968484375 0.42195297031249995 0.2201096265625 0.4124801265625 0.195019275 0.4299043625 0.1678592609375 0.4966249453125 0.1608778875 0.544308396875 0.164312746875 0.6291798546875 0.1728947140625 0.6731943921875 0.199585659375 0.74746814375 0.2247370203125 0.7894948312500001 0.2614275015625 0.8211283343750001 0.293560234375 0.8154715703125
1 0.15637769375 0.45435964999999995 0.1871486828125 0.42664448750000006 0.22040430625 0.37340653281249997 0.244724 0.3118314125 0.2431826875 0.22352964531250002 0.22430305156250002 0.149119546875 0.1973174265625 0.11391938906250001 0.1582015953125 0.1112049015625 0.10032814375000002 0.152982165625 0.0691439125 0.212978478125 0.048789153125 0.277881646875 0.0500933421875 0.352598525 0.06648661875 0.39647671406249996 0.103414225 0.4416951046875 0.1319969890625 0.45648384531249997 0.15637769375 0.45435964999999995
1 0.356036896875 0.36594317187500003 0.38686716875 0.34162423125 0.412489325 0.2987112875 0.4216013671875 0.261182415625 0.4195858046875 0.1457108734375 0.3900545390625 0.0765825859375 0.35632294062500003 0.0465960640625 0.31915993593750003 0.043847490625 0.2959038484375 0.054445196875000004 0.2606954 0.1077172390625 0.25152407499999996 0.1418498890625 0.25425101250000004 0.2980760921875 0.2775088265625 0.3435330875 0.30816298125 0.3650801859375 0.356036896875 0.36594317187500003
1 0.5929509734375 0 0.4229544734375 0.0029673 0.43153644062499996 0.046981834374999996 0.4748560609375 0.12266396093750001 0.5269320375000001 0.14043988125 0.5786523265625 0.1378384734375 0.6152818 0.11002105 0.6503716859375 0.0499565640625 0.6533257406249999 0 0.5929509734375 0
1 0.14171393593749998 0.8453001109375 0.16106436875000002 0.8347705781249999 0.19988206718749998 0.764449253125 0.164431309375 0.6359722999999999 0.1605222 0.5239310671874999 0.1437156828125 0.5123340265625 0.10862406718749999 0.5163438109375 0.07590025 0.544093059375 0.056018014062499996 0.5801112984375 0.039746754687500004 0.655134959375 0.0409323796875 0.7230593953125 0.049514346875 0.76707393125 0.0788084875 0.8226173328125 0.1055569875 0.8442326031249999 0.14171393593749998 0.8453001109375
1 0.1817921578125 1 0.2039724734375 0.9987885562500001 0.1834956984375 0.944789875 0.1584036203125 0.906159409375 0.1167421484375 0.8695167906249999 0.087449734375 0.8700280906250001 0.046264240625 0.91660995 0.0297558546875 0.9780487234375 0.030139015624999998 1 0.1817921578125 1