0 0.6888695 0.64700068125 0.67946105 0.626452915625 0.6688111484375 0.5651164046875 0.641774878125 0.3234392703125 0.6105923734375 0.20738825468750002 0.60005930625 0.19531400000000002 0.5844366859375 0.19504130625 0.5654402140625 0.220189146875 0.5647881203125 0.2575475859375 0.6030112796875 0.4178858328125 0.620168303125 0.554075571875 0.6349017046875 0.605291590625 0.65289039375 0.637879521875 0.674371496875 0.6382544765625 0.6849045640625 0.6503287296875 0.6888695 0.64700068125
0 1 0.3102092171875 0.9815093140625001 0.2767118796875 0.8855278125 0.1799133328125 0.8641059906249999 0.17614215625000001 0.8314397281250001 0.2010513890625 0.827237665625 0.217964325 0.83197153125 0.22654009687499999 0.8607896937499999 0.254221171875 0.9971860328125001 0.4417524609375 1 0.383807184375 1 0.3102092171875
0 0.9993742593749999 0.48425636250000004 0.9362944203125 0.4050184 0.7900171078125 0.1680544171875 0.7685952859375 0.16428324218749998 0.7515516421874999 0.18946516875 0.7490652843750001 0.21999707656249998 0.7555741328125001 0.2387956015625 0.809067678125 0.307674465625 0.8450450578125001 0.372850328125 0.9196047359374999 0.4658776984375 0.945995821875 0.5206944609375 0.9948740640624999 0.5742051109374999 0.9993742593749999 0.48425636250000004
0 0.7227910343749999 0.214442575 0.6973449953124999 0.21739566875 0.682313459375 0.23921546093749999 0.6721343531249999 0.262818578125 0.671541540625 0.2967807953125 0.6818374828125 0.3224399359375 0.7507165234375 0.40517638125 0.8440931031250001 0.53929928125 0.9688927656249999 0.663778903125 0.9907278296875001 0.6998312296875 0.9965863125000001 0.6999334890625 0.9980090625000001 0.6184241671875 0.91569908125 0.46580952499999995 0.8430922296875 0.372816240625 0.7632668812500001 0.245724390625 0.7227910343749999 0.214442575
0 0.65698425625 0.29143081406250004 0.6394680890625 0.2877278109375 0.6344378171875 0.2961331484375 0.6607086125 0.4137970578125 0.69343243125 0.4415463078125 0.8501259749999999 0.6413222828125 0.9640978921875 0.71465405625 0.9880636265625 0.7405518046874999 0.9958749359375 0.7406881515625 0.99640846875 0.7101221546875001 0.9745734046875001 0.6740698296875001 0.842140275 0.5392651953125001 0.7602435359374999 0.4189317015625 0.65698425625 0.29143081406250004
0 0.5215767 0.662765484375 0.534596125 0.6443078296875 0.5636548671875 0.5462946109375 0.572473959375 0.48869518906250003 0.578928709375 0.342725825 0.5718287734375 0.30183481562500003 0.55567435 0.2760734171875 0.5164399546875 0.285580346875 0.5012898578125 0.3141925828125 0.4927671734375 0.3548108953125 0.484296859375 0.6162518 0.47820125156250004 0.629734428125 0.49707743281249994 0.6674337343750001 0.5215767 0.662765484375
0 0.42103399531249996 0.7153666109375 0.43612481093750005 0.690150596875 0.434705515625 0.659550515625 0.42139140937499997 0.638934578125 0.41446931875 0.587854903125 0.4168998515625 0.448609809375 0.3999799515625 0.2988351828125 0.3877904640625 0.269745734375 0.36258155 0.2591139421875 0.3396201421875 0.2875898296875 0.3362445640625 0.36906506562499997 0.355235853125 0.5120813359375 0.3685499578125 0.5326972734375001 0.364407178125 0.5462139875 0.372452159375 0.6448748531249999 0.40641742968749994 0.71341285 0.42103399531249996 0.7153666109375
0 0.3847584828125 0.7232265609375 0.3687243484375 0.6346180140625 0.3660636 0.5632291828125 0.3606200859375 0.53935336875 0.34718741875000003 0.5255298749999999 0.3532830265625 0.5120472484375 0.3330468296875 0.44035163749999995 0.3267768328125 0.35191352343750004 0.306835315625 0.31929150625 0.2834606671875 0.31548624375 0.26215567968750003 0.3609773265625 0.264994271875 0.4221774921875 0.2757627375 0.47672156250000003 0.305822353125 0.5451913859374999 0.3373012640625 0.6442612921875 0.36783512812499997 0.685561340625 0.380734265625 0.72995083125 0.3847584828125 0.7232265609375
0 0.265576721875 0.7245434921875 0.2742772515625 0.6737365125 0.27570345625 0.48011778437499997 0.264816428125 0.4323661578125 0.24664989531249998 0.4099668921875 0.2271216203125 0.409626025 0.21019653906250002 0.42801550781250003 0.1971753859375 0.5025278671875 0.1935626828125 0.5975879890625 0.20030692968750002 0.6588563296875 0.19485996249999998 0.747089921875 0.221310328125 0.7985104640625 0.265576721875 0.7245434921875
0 0.4329339859375 0.53721835625 0.41914735781249995 0.48771749062499997 0.41535853749999996 0.5369115765625 0.4210984578125 0.5438062796875001 0.4329339859375 0.53721835625
0 0.5711628625 0.7876308796875 0.5486181515624999 0.7362785125 0.5383239359374999 0.65456466875 0.5335307890625 0.6493851187499999 0.499917753125 0.6725791984375 0.5071938046875 0.7593362421875 0.5311595390625 0.785233990625 0.5526999234375001 0.7822127234375 0.5574337890625001 0.7907884953125001 0.5711628625 0.7876308796875
0 0.38587791718750003 0.882917159375 0.3861743234375 0.86593605 0.375405859375 0.8113919812500001 0.36961011250000003 0.6957840921875 0.3354077171875 0.6408309828125 0.31215335781250003 0.5741785734375 0.3294272171875 0.759630571875 0.35333194375 0.8449792437499999 0.3800194359375 0.8828148984374999 0.38587791718750003 0.882917159375
0 0.7399659921875 0.7288605234375 0.7674760671875 0.7444396281250001 0.7999829046875 0.7721850906250001 0.8307538937500001 0.799900253125 0.8341465453125 0.8044891468750001 0.8456139796875 0.7941200703125 0.8540312765625 0.75953948125 0.8607390734375 0.7234191640625001 0.853770875 0.6749809953125 0.8353088953125001 0.6384213390625 0.792729490625 0.59087146875 0.770822165625 0.5527417781249999 0.7472053390625 0.51307235625 0.7303474703124999 0.4840901578125 0.7133842109375 0.4611456859375 0.6912134140624999 0.4381103171875 0.6784843828125 0.4212793203125 0.671646384375 0.4151203984375 0.66559726875 0.413504915625 0.6534990359374999 0.4102739578125 0.65381366875 0.44198717812500005 0.6566793750000001 0.476764709375 0.6579936656250001 0.50094591875 0.6609120671875 0.5327045890625 0.6630415875 0.5599198109375 0.6676694875 0.5932182109374999 0.6732180062500001 0.623512896875 0.6797398390625 0.6477850046875 0.6934948765625 0.6555745578125001 0.71024735625 0.6905944859375001 0.7399659921875 0.7288605234375
0 0.20393955468749997 0.45074340625 0.20854264374999998 0.4357248328125 0.225349353125 0.41789949687499994 0.22200939687500001 0.41029173593749996 0.2186167453125 0.40570284218749997 0.212752059375 0.393521340625 0.2084651375 0.390426728125 0.2041255203125 0.3903509796875 0.1884502046875 0.39309715 0.1655153375 0.41383530312500005 0.157519596875 0.4242649796875 0.1484451546875 0.44675496406250004 0.14015959375 0.47378839062500006 0.1318213390625 0.5038406828124999 0.12437735624999999 0.532398690625 0.12211456406250001 0.562557028125 0.1178788015625 0.6062699578124999 0.112537990625 0.663552621875 0.1140088296875 0.72850364375 0.1150333 0.7692886031249999 0.11732090312500001 0.7874472328125 0.1292347046875 0.8012442156249999 0.1387818625 0.8014108625 0.145751596875 0.8000226296875 0.1489613515625 0.76535114375 0.153696178125 0.7427854140625 0.1625086828125 0.685563346875 0.16503494531250001 0.6403106890625 0.17179543749999998 0.6011715078125001 0.179371159375 0.5650663390624999 0.1871049625 0.519904578125 0.197389840625 0.47780713124999996 0.2055700125 0.4568114328125 0.20393955468749997 0.45074340625
0 0.5601508468749999 0.635128328125 0.5665936359375 0.6639287328125001 0.581032165625 0.6822994609374999 0.5937085015625 0.70214931875 0.6219284171874999 0.7268001703125 0.6355517171875 0.74213688125 0.651647053125 0.7650662046875001 0.661825009375 0.7788328875 0.6728708875 0.7926147203125 0.6882827296875 0.80496286875 0.7106379578124999 0.8174322140625 0.7408308453125 0.828528475 0.759793421875 0.8364089296874999 0.7778353828125 0.8472930953125 0.795035765625 0.8566526796874999 0.818285265625 0.86762774375 0.8486625828125 0.8681579812500001 0.8677305484375 0.8700007062499999 0.8806967046875 0.8732468140625 0.8878772156249999 0.8597831250000001 0.8576579828125 0.850196296875 0.8342767468750001 0.8467683890625001 0.793196065625 0.8128337046875 0.753877578125 0.7774198859375 0.73431055 0.7544299671875 0.7224230953124999 0.739123553125 0.7131394109375 0.7238625859375001 0.7038557265625001 0.7086016203125001 0.692073659375 0.6872574796875 0.6861299328125 0.6796042734375 0.6750840546875 0.665822440625 0.6683777921875 0.6521163546875 0.6590677609375 0.638364821875 0.6455235015625 0.6184998125 0.636187121875 0.6062577109375 0.620249871875 0.5742717984375 0.6144115328125 0.5605808624999999 0.6121766234375 0.5394033671875 0.605050340625 0.5000217890624999 0.59395176875 0.4892588203125 0.587113771875 0.4830998953125 0.581985271875 0.47848070312499996 0.5774348765624999 0.49048040937500004 0.5486586 0.597180434375 0.555391209375 0.6093770890625 0.5601508468749999 0.635128328125
0 0.4666614625 0.3209488625 0.4548003546875 0.30413301718749997 0.4470417390625 0.30097780625000004 0.43312861874999997 0.30224484375 0.42489575312500005 0.32625940937500003 0.41921396250000004 0.35333828437500003 0.4185025875 0.3940929453125 0.42278797343749996 0.447013959375 0.42568002812500005 0.480282059375 0.4315958734375 0.5392711015625 0.43698630937500005 0.5786223781250001 0.4437700765625 0.6376265703125 0.450474803125 0.7011590562500001 0.46165088125000003 0.757220134375 0.47813989062499995 0.807334378125 0.4973907515625 0.8484374828125001 0.5254262375 0.8836543546875 0.5530153515625 0.8947051687500001 0.586101828125 0.889243128125 0.555987984375 0.8736185703125001 0.5284252140625 0.8610583265624999 0.51493365 0.8381744515625 0.5075175484375001 0.8153966265625 0.502575015625 0.7503850078125 0.5033390843750001 0.7066114828125001 0.49968449687499994 0.66729050625 0.49495120625 0.640029834375 0.4902706109375 0.60975029375 0.4891934453125 0.5719841999999999 0.48651217031250005 0.52664064375 0.4872498921875 0.4843765484375 0.490696771875 0.4361201796875 0.49040848906249995 0.40289752500000003 0.4854644203125 0.387712309375 0.47920606250000003 0.34834588125 0.4666614625 0.3209488625