1 0.34375 0.7116168484375 0.337890625 0.657269021875 0.2919921875 0.5978260875 0.2236328125 0.567255434375 0.1552734375 0.567255434375 0.0986328125 0.5978260875 0.080078125 0.630095109375 0.06640625 0.6878396734375001 0.068359375 0.75577445625 0.078125 0.786345109375 0.0966796875 0.8152173906250001 0.1396484375 0.84578804375 0.208984375 0.8610733703125 0.2763671875 0.859375 0.3212890625 0.838994565625 0.337890625 0.7965353265624999 0.34375 0.7116168484375
1 0 0.619904890625 0.0283203125 0.6793478265624999 0.0625 0.698029890625 0.0703125 0.6402853265624999 0.0888671875 0.6012228265624999 0.16015625 0.5553668484375 0.16015625 0.5180027171875 0.1484375 0.450067934375 0.154296875 0.371942934375 0.1181640625 0.305706521875 0 0.3617527171875 0 0.619904890625
1 0 0.3549592390625 0.0078125 0.3549592390625 0.0947265625 0.319293478125 0.13671875 0.2564538046875 0.142578125 0.22927989062499998 0.138671875 0.1851222828125 0.1044921875 0.0951086953125 0.0712890625 0.078125 0 0.08322010937499999 0 0.3549592390625
1 0.33984375 0.1681385875 0.333984375 0.096807065625 0.3115234375 0.044157609375000004 0.2685546875 0.0033967390625 0.1767578125 0.0101902171875 0.134765625 0.0696331515625 0.125 0.10360054375000001 0.125 0.1341711953125 0.142578125 0.202105978125 0.140625 0.2496603265625 0.1630859375 0.2853260875 0.1962890625 0.3125 0.2451171875 0.332880434375 0.26953125 0.331182065625 0.3017578125 0.305706521875 0.322265625 0.2564538046875 0.32421875 0.22248641249999998 0.33984375 0.1681385875
1 0.5068359375 0.42119565156250005 0.560546875 0.331182065625 0.572265625 0.2734375 0.568359375 0.21569293437499998 0.5546875 0.161345109375 0.5361328125 0.1290760875 0.5205078125 0.12228260937499999 0.4833984375 0.14266304375 0.4013671875 0.1460597828125 0.3720703125 0.17663043437499998 0.328125 0.2734375 0.31640625 0.331182065625 0.31640625 0.3787364125 0.333984375 0.436480978125 0.3740234375 0.475543478125 0.3935546875 0.46875 0.4052734375 0.48233695625 0.427734375 0.4806385875 0.4423828125 0.461956521875 0.4599609375 0.46875 0.4775390625 0.45516304375 0.5068359375 0.42119565156250005
1 0.3671875 0.4976222828125 0.3076171875 0.3872282609375 0.2568359375 0.3396739125 0.2177734375 0.32608695625 0.1748046875 0.34986412968749997 0.16015625 0.37533967343749997 0.150390625 0.41610054375 0.150390625 0.44667119531250005 0.158203125 0.501019021875 0.1767578125 0.5434782609375 0.1904296875 0.56046195625 0.2490234375 0.5740489125 0.31640625 0.6097146734375001 0.3369140625 0.5944293484375 0.353515625 0.565557065625 0.365234375 0.5315896734375001 0.3671875 0.4976222828125
1 0.6640625 0.5893342390625 0.662109375 0.4840353265625 0.646484375 0.4059103265625 0.6279296875 0.370244565625 0.5888671875 0.346467390625 0.5556640625 0.34986412968749997 0.5234375 0.38892662968749997 0.498046875 0.463654890625 0.4921875 0.49422554375 0.49609375 0.5247961953125 0.486328125 0.5383831515625 0.482421875 0.5689538046875 0.484375 0.619904890625 0.498046875 0.67764945625 0.5244140625 0.7201086953125 0.55859375 0.7319972828125 0.6025390625 0.7269021734375001 0.6259765625 0.709918478125 0.6484375 0.6674592390625 0.6640625 0.5893342390625
1 0.48046875 0.6165081515625 0.48046875 0.5689538046875 0.46875 0.5451766296875 0.462890625 0.5078125 0.4423828125 0.48233695625 0.4013671875 0.4925271734375 0.3779296875 0.5197010875 0.353515625 0.579144021875 0.345703125 0.6368885875 0.345703125 0.762567934375 0.33984375 0.8101222828125 0.34765625 0.8746603265624999 0.361328125 0.9222146734375001 0.3798828125 0.9544836953125 0.412109375 0.96297554375 0.4580078125 0.9375 0.490234375 0.8305027171875 0.4921875 0.6674592390625 0.48046875 0.6165081515625
1 0.6923828125 0.79483695625 0.6591796875 0.7710597828125 0.6064453125 0.76766304375 0.5244140625 0.801630434375 0.486328125 0.8508831515624999 0.474609375 0.8916440218749999 0.46875 0.9527853265624999 0.4716796875 0.9986413046875 0.72265625 0.996942934375 0.732421875 0.9595788046875 0.732421875 0.9256114125 0.712890625 0.83389945625 0.6923828125 0.79483695625
1 0.837890625 0.6233016296875 0.83984375 0.5383831515625 0.83203125 0.49082880468749995 0.8037109375 0.424592390625 0.7783203125 0.40760869531250005 0.7373046875 0.4177989125 0.693359375 0.4670516296875 0.66796875 0.5315896734375001 0.662109375 0.6165081515625 0.646484375 0.6742527171875 0.6484375 0.721807065625 0.6630859375 0.7642663046875 0.7119140625 0.8118206515624999 0.744140625 0.8169157609375001 0.7802734375 0.7846467390625 0.8046875 0.7421875 0.830078125 0.6674592390625 0.837890625 0.6233016296875
1 0.947265625 0.2700407609375 0.92578125 0.2055027171875 0.8935546875 0.1460597828125 0.8349609375 0.10529891250000001 0.7958984375 0.10869565156250001 0.76953125 0.1443614125 0.751953125 0.2190896734375 0.751953125 0.307404890625 0.77734375 0.3685461953125 0.8115234375 0.42119565156250005 0.8427734375 0.448369565625 0.8671875 0.450067934375 0.8955078125 0.434782609375 0.931640625 0.38892662968749997 0.947265625 0.344769021875 0.947265625 0.2700407609375
1 0.732421875 0.10360054375000001 0.6962890625 0.050951087500000006 0.6728515625 0.0407608703125 0.6357421875 0.044157609375000004 0.6025390625 0.0747282609375 0.57421875 0.1443614125 0.57421875 0.25985054375 0.583984375 0.29721467343749997 0.6103515625 0.3396739125 0.6416015625 0.3634510875 0.689453125 0.3617527171875 0.7197265625 0.3396739125 0.7421875 0.293817934375 0.7421875 0.13756793437499998 0.732421875 0.10360054375000001
1 0.337890625 0.0016983703124999999 0.341796875 0.052649456250000004 0.3779296875 0.11209239062500001 0.4150390625 0.1392663046875 0.466796875 0.14096467343750002 0.5185546875 0.12228260937499999 0.560546875 0.045855978125 0.568359375 0.0016983703124999999 0.337890625 0.0016983703124999999
1 0.962890625 0.6470788046875 0.9453125 0.57235054375 0.9248046875 0.5366847828125 0.8916015625 0.5095108703125 0.8564453125 0.5061141296875 0.83984375 0.5180027171875 0.837890625 0.630095109375 0.8046875 0.7591711953125 0.8447265625 0.8288043484375001 0.8642578125 0.838994565625 0.900390625 0.8372961953125 0.9267578125 0.8152173906250001 0.955078125 0.7591711953125 0.962890625 0.7150135875 0.962890625 0.6470788046875
1 0.8896484375 0.8627717390624999 0.8486328125 0.9001358703125 0.82421875 0.9391983703125 0.8046875 0.9935461953125 0.978515625 1 0.978515625 0.9697690218749999 0.9609375 0.9086277171875 0.9189453125 0.8627717390624999 0.8896484375 0.8627717390624999