1 0.0660711125 0.49223612968749997 0.044353203125000004 0.540903228125 0.033024818750000004 0.6011127421875 0.034286978125 0.63891244375 0.0494674484375 0.683554471875 0.07523428125 0.7140962265625 0.138530575 0.7595127609375 0.23927042968749998 0.78043768125 0.27318520625 0.76064615625 0.3066454578125 0.6483981234375 0.3063424421875 0.5867604531249999 0.28880944531249997 0.54525181875 0.2217672453125 0.4822641046875 0.1676186015625 0.4585042453125 0.11057225156249999 0.45834433125 0.0660711125 0.49223612968749997
1 0 0.4851299 0.01603700625 0.5391375609375 0.036881670312499996 0.55367483125 0.050845312499999996 0.50405563125 0.070841775 0.4774217796875 0.11098620937499999 0.4549729109375 0.1525240265625 0.45322861718749996 0.1588192984375 0.4420237125 0.16832005781249998 0.31656707968750003 0.18505018281250002 0.2604430640625 0.1591974546875 0.1905349109375 0.0321658640625 0.20744875000000002 0 0.4694186875 0 0.4851299
1 0.23371118906250002 0.240751025 0.2021489375 0.25740915625 0.1766195078125 0.2970526359375 0.1669469578125 0.34377646875 0.16461471562500002 0.39482382656250004 0.179315615625 0.45138483906250004 0.3031417171875 0.5487227265625 0.336708146875 0.52375505625 0.3658319765625 0.4708639203125 0.36498377656250003 0.4296927984375 0.34322530156250003 0.38253196875 0.33614744375 0.3440181875 0.30822492343749996 0.2909671375 0.26819143125 0.24840691406249998 0.23371118906250002 0.240751025
1 0.20779232187500002 0 0.20045730156250002 0.0227774578125 0.203940759375 0.07453889375 0.1948336765625 0.14871014062500001 0.21389127968750002 0.19382822187499998 0.2361949390625 0.2205225015625 0.2882737890625 0.2611394625 0.30689715156249997 0.2617149984375 0.334930615625 0.24975695781249999 0.3568656453125 0.223361134375 0.3979489390625 0.12916033437500002 0.40733875625 0.06871279531249999 0.3977568640625 0.0025135734375 0.3962406 0 0.20779232187500002 0
1 0.0576373671875 0 0.033407739062500004 0.1973344890625 0.06207228125000001 0.2042763 0.1495046203125 0.18934478125 0.187079409375 0.1477580375 0.1981453421875 0.121738778125 0.20311284375 0.081281734375 0.1890576421875 0 0.0576373671875 0
1 0.605658309375 0.16835283125 0.5926991375 0.1376725359375 0.5857727875000001 0.1299775921875 0.541054528125 0.14159812031250002 0.4565855109375 0.12438213281249999 0.415613159375 0.15357384062499999 0.360611553125 0.2409323140625 0.33863119375 0.323789665625 0.3466884765625 0.38637944218750003 0.37543891406249996 0.4326876515625 0.42196451562500004 0.43840027812500004 0.43152612343749996 0.45668553593750005 0.44045665312500004 0.4560709421875 0.4820600828125 0.4457790859375 0.5144502515625 0.4223781125 0.5426805515625001 0.38477738125 0.5746567609375 0.36474783125 0.588423565625 0.3407713203125 0.6058503828124999 0.2949995921875 0.6124737171875 0.241056865625 0.605658309375 0.16835283125
1 0.5901652937499999 0.3666520390625 0.5641360109375 0.370300540625 0.54226659375 0.3881488015625 0.49902761250000005 0.459840303125 0.4661125453125 0.5516217875 0.4553496265625 0.6392787171875 0.46617339375 0.6953636750000001 0.48993604843750005 0.7342149671875 0.5620113625000001 0.748198075 0.5908727421875 0.7294971953125 0.6251155796875 0.66696785 0.64308758125 0.6007295734375 0.6538504984375 0.51307264375 0.652719565625 0.4581778140625 0.6418301875 0.41064041875 0.6214650953125 0.3841841640625 0.5901652937499999 0.3666520390625
1 0.39704588125 0.44902964531249995 0.3883324734375 0.47191550937500004 0.37711503125 0.4671159328125 0.338995059375 0.5291692265625 0.32032636718749996 0.585055215625 0.3016779578125 0.68885516875 0.285361790625 0.7416077640625 0.27971788124999997 0.8196264828125001 0.283615296875 0.8680165000000001 0.2942219421875 0.9018301890625 0.3095992515625 0.920829525 0.33597688125 0.9223571671874999 0.37564174375000003 0.9118272828125 0.4268974421875 0.8068976296875 0.45521840156250004 0.65637384375 0.45284559375000005 0.6115932749999999 0.46166994531250005 0.52369831875 0.45008387499999997 0.4658086359375 0.405496840625 0.4603340375 0.39704588125 0.44902964531249995
1 0.7793574796875 0.492549359375 0.7444632796875 0.488264890625 0.6914455703125 0.5193998625 0.6518009890625 0.577843709375 0.6274681046875 0.66383445625 0.6010451453125001 0.7187683421875 0.5985816796875 0.7869108265625 0.6091883250000001 0.8207245140625 0.646041375 0.8731609734375001 0.6793453546875 0.8823835593749999 0.7163749593750001 0.8612633640625 0.759482715625 0.8066669890625 0.7910246828124999 0.7420948953125001 0.807754809375 0.6859708796875 0.8154887921875 0.6390090203125001 0.8151857765624999 0.5773713500000001 0.8054726593750001 0.52826725625 0.7793574796875 0.492549359375
1 0.6595695484374999 0.121927453125 0.6261546250000001 0.1777139578125 0.6093135578125 0.2988470640625 0.6186127156250001 0.351322578125 0.6454245875 0.3973927625 0.6689701203125 0.41397278281250005 0.7065651921875 0.4203000015625 0.741242271875 0.40231320000000004 0.7718907109375001 0.353031509375 0.7931540953125 0.2119079078125 0.7869041546875 0.1666512859375 0.7693711578125 0.12514265156249998 0.7377886250000001 0.0938868203125 0.7044190328125 0.093211796875 0.6595695484374999 0.121927453125
1 0.42491706249999994 0 0.43308530625 0.051340584375 0.46142178593749994 0.101020215625 0.4972954109375 0.1293806796875 0.5523375828125 0.13785013125 0.5838342203125 0.129739565625 0.629642846875 0.077185940625 0.6434096515625 0.05320943125000001 0.651840328125 0.016599859375 0.5166453203125 0 0.42491706249999994 0
1 0.841683875 0.20931099375 0.8131052296875 0.2417355828125 0.7826739109374999 0.31328854375000004 0.77204221875 0.3838503453125 0.7767675515625 0.42549752031250004 0.8098293640625001 0.516824325 0.8367068484375 0.5543469453125 0.8622565609375 0.5626174265625 0.910917565625 0.5429253875 0.9343772046875 0.5201390078125 0.9584476375 0.46833851718749997 0.9678374562500001 0.4078909765625 0.9564482234374999 0.3243586015625 0.9301815359375001 0.25782187031250003 0.89014804375 0.21526164531249997 0.841683875 0.20931099375
1 0.829255596875 0.6150325109375 0.8167306671875 0.628894759375 0.8069268921875 0.6927137203125 0.790610725 0.745466315625 0.7417731640625 0.8387150109375 0.7514862812499999 0.8878191031249999 0.77095784375 0.9295657625 0.7828719765625001 0.944717628125 0.8181145234375 0.954178240625 0.8504390781250001 0.9393248312500001 0.886489259375 0.8941286406250001 0.9039160765625001 0.8483569125000001 0.9157896437499999 0.7676808515625 0.9089742359375 0.6949768140625 0.8914412390625 0.65346818125 0.8637358390625 0.6226884 0.829255596875 0.6150325109375
1 0.6354088046874999 1 0.6393727109375 0.9835652265625001 0.6355862375 0.8701661187499999 0.6107129328124999 0.8243339609375001 0.5690236078125 0.7952594203125 0.48442336406250003 0.795138559375 0.4388771875 0.8135019281250001 0.40241305 0.8620695406250001 0.379322040625 0.9379460265624999 0.37622749375 0.9871886609375 0.4865961953125 1 0.6354088046874999 1
1 0.2824139875 0.9739586859375 0.2893200546875 0.93373966875 0.28583659687499996 0.8819782328124999 0.24889765156250002 0.790175375 0.1644286328125 0.7729593875 0.1322555859375 0.81863163125 0.1184434515625 0.8990696687499999 0.12227525624999999 0.956007246875 0.2824139875 0.9739586859375
1 0 0.74596418125 0.008601275 0.8000265421874999 0.0334745796875 0.8458587015625 0.0849223515625 0.867575809375 0.1058982390625 0.865017953125 0.12036173593749999 0.85139373125 0.1516209703125 0.773097928125 0.07329571562500001 0.7138582 0.04752888125 0.6833164453125 0.0261843640625 0.632784196875 0.0012204015625 0.6998750921875 0 0.7098144671875 0 0.74596418125
1 0.7884287624999999 0.17026073125000002 0.7938507875 0.22226019375 0.7976623078125 0.2312838109375 0.8162856703125 0.231859346875 0.8440364 0.20617760000000002 0.89021365625 0.20671408281249998 0.9253500234375001 0.1288943328125 0.936047328125 0.0497849671875 0.800347659375 0.033123142187499996 0.7878227296875 0.0469853921875 0.774404271875 0.07613804375 0.7674982046875 0.1163570625 0.7884287624999999 0.17026073125000002
1 1 0.102429859375 0.955453278125 0.100079190625 0.9304690328125 0.1192561234375 0.8940907890625001 0.207190134375 0.9336447109374999 0.2616693421875 0.96934178125 0.363586459375 0.9900349359374999 0.347304896875 1 0.3323074078125 1 0.102429859375