1 0.78112193125 0.0061897390625 0.7601726328125 0.0313034921875 0.74354223125 0.0887665703125 0.7512908046875 0.20440854375 0.7622371140624999 0.2487639484375 0.7764387109374999 0.2744912625 0.8129496203125001 0.3091011265625 0.8414713781250001 0.35376331250000004 0.860762528125 0.3676890671875 0.8998783593749999 0.3649745796875 0.923667978125 0.34500628906249997 0.947044353125 0.2927568484375 0.9509534625 0.1807156171875 0.9382321703125 0.1261374609375 0.9146221234375 0.07986238125 0.8784076203125 0.02827140625 0.8504176671874999 0.0090979296875 0.78112193125 0.0061897390625
1 0.42955369374999997 0.00345035 0.411798675 0.0693869390625 0.41102801875 0.1135378203125 0.42392370156250003 0.2700367171875 0.45688118906249997 0.3963104859375 0.493627496875 0.47339016562499997 0.53830540625 0.4877590484375 0.5600236328125 0.474549115625 0.5854103921875 0.47499224218749997 0.6003233640625 0.45996489531250007 0.6105617515625 0.43296555468750003 0.6236421859375 0.3550569734375 0.6240606093750001 0.21917401406249998 0.6097421765625 0.14418444218749998 0.57601403125 0.0620615578125 0.5447112375 0.0088576890625 0.528201125 0.0034736203124999996 0.42955369374999997 0.00345035
1 0.167630771875 0.2366864265625 0.1282185328125 0.2563820234375 0.094368371875 0.2931609890625 0.0706955890625 0.3623915375 0.073237775 0.4405728125 0.08430264531250001 0.47813577343749997 0.12158248593750001 0.5246494578124999 0.1801080296875 0.52906828125 0.2552639765625 0.476024028125 0.28680735 0.4035336046875 0.2936143328125 0.349296315625 0.281070884375 0.28452949375 0.2611293671875 0.2519074765625 0.2389386171875 0.23623248281250003 0.167630771875 0.2366864265625
1 0.6352388609374999 0.41810864218750005 0.6010330109375001 0.47526493593749997 0.5882507109375 0.48013770625 0.5844601640625 0.58538649375 0.59730001875 0.63317220625 0.620969346875 0.6760510640625 0.6479532453125 0.6969056078125 0.6752928296875 0.697382821875 0.702988103125 0.67748270625 0.7241152453125 0.6421802875 0.7344721953125 0.608388503125 0.7376106484375 0.5404981546875 0.7343570875000001 0.5030715406249999 0.7138837671875 0.444960815625 0.6976700609375001 0.4225956390625 0.665715171875 0.406750209375 0.6352388609374999 0.41810864218750005
1 0.594813659375 0.663704115625 0.5980079390624999 0.7045269515625 0.587000621875 0.719622471875 0.5204266421875 0.7286521890625 0.5187092125 0.7710879187499999 0.5236191953125 0.8255297265625 0.5346247843749999 0.8664889078125 0.5830880578125 0.9437731093749999 0.61995465625 0.95800564375 0.6497806015625 0.9279509499999999 0.66694280625 0.8959765796875001 0.6754062109375 0.8587544875 0.6763547109375 0.8044149390625 0.6581899046874999 0.7259609703125001 0.604637078125 0.660478328125 0.594813659375 0.663704115625
1 0.1702846109375 0.5322940703125 0.13708654375 0.5317145953125 0.1080312546875 0.5176184078125 0.10069246875 0.5463669890625 0.0994475609375 0.617687646875 0.1325253390625 0.6811142671875 0.191050884375 0.685533090625 0.22644063124999997 0.6165070625 0.239343221875 0.548787146875 0.2361489421875 0.5079643109374999 0.1702846109375 0.5322940703125
1 0.3966871328125 0.7672593859375 0.36715586718750004 0.8363876749999999 0.364550946875 0.873712028125 0.3715916 0.9179992578125 0.40466937812500003 0.9814258796875001 0.42194841875 0.9987137687500001 0.47473404375 0.9962378890625001 0.50615885625 0.930539909375 0.5070480749999999 0.8795965812500001 0.498351 0.8182941546875 0.48432724687500006 0.7823781750000001 0.4545030296875 0.7563781671875 0.3966871328125 0.7672593859375
1 0.841760875 0.5610010140624999 0.8041236203125001 0.5909193625 0.7869021328125 0.6262899546875 0.7858943515625 0.6840257234375 0.8025805796875 0.73527583125 0.8360140453125 0.778325121875 0.8787391265625001 0.7926599171875 0.923832003125 0.783255246875 0.963068125 0.7176936140625 0.96431303125 0.64637295625 0.9391058453125 0.5796864609375 0.8799299328125001 0.5565713734375 0.841760875 0.5610010140624999
1 1 0.324583915625 0.9723718296874999 0.296596196875 0.9478725640624999 0.301264446875 0.9236086968749999 0.3484025109375 0.8888710421875 0.3800701 0.882241903125 0.4241187234375 0.8828905421875 0.49886968906250007 0.888274775 0.5261417234375 0.9044292 0.5519031234375 0.935378034375 0.5694296203125 0.96271761875 0.569906834375 0.9992895374999999 0.5450657765625 1 0.504363409375 1 0.324583915625
1 0.487650453125 0.48008035 0.4765245734375 0.5019683140625 0.46640129375 0.6342846171875001 0.4791225859375 0.6888627734375 0.514627440625 0.72515370625 0.58901273125 0.7162603359374999 0.5960551125 0.7044928640625 0.59647008125 0.6807193109375 0.576826696875 0.5750614828125 0.5692525125000001 0.5613402484375001 0.5734545734375 0.5444273125 0.555288040625 0.522028046875 0.5464706765625 0.5235727671875 0.5478917 0.4981181484375 0.5400803890625 0.4979818015625 0.5299605640625 0.5181886984374999 0.52451705 0.4943128859375 0.5042198453125 0.4820681984375 0.487650453125 0.48008035
1 0.3117739578125 0.59591439375 0.26307010468750003 0.644324484375 0.246024734375 0.7255611140625 0.243064125 0.7832627984375 0.26448249218750003 0.899143378125 0.3071465640625 0.9729291 0.3284498234375 0.98349271875 0.3657331171875 0.9178969968749999 0.3630130875 0.8499043890625 0.390000440625 0.7586495265625001 0.3615972453125 0.7071949 0.3477530640625 0.6050355515625 0.33230828749999997 0.5945741921875001 0.3117739578125 0.59591439375
1 0.25468498125 0.061548623437500005 0.24367766406250002 0.0766441453125 0.23124932343750002 0.1171942859375 0.2319572453125 0.1885490296875 0.2516616359375 0.234755934375 0.28320155625 0.274374915625 0.2987631671875 0.3340985359375 0.3338547828125 0.33810831874999997 0.35083914374999997 0.3163226140625 0.36527959375 0.2724103375 0.368536609375 0.19772754374999998 0.3631523765625 0.1704555109375 0.343566546875 0.11745616249999999 0.3224411328125 0.0967038765625 0.29717293749999996 0.0894683046875 0.2751600296875 0.0636046453125 0.25468498125 0.061548623437500005
1 0.739324625 0.61017183125 0.7109179765625 0.6708266093749999 0.6800266953125 0.7059585937499999 0.67316043125 0.7635921031249999 0.679963959375 0.8214642203125001 0.686591371875 0.8334703015624999 0.7138716765625001 0.8373437375 0.7572488500000001 0.8143200937499999 0.78109775 0.79095558125 0.8023434546875 0.74886071875 0.7839415234375 0.6839916374999999 0.7850085859375 0.6228596468750001 0.7579061265625 0.60879754375 0.739324625 0.61017183125
1 0.6916371890625 0.3205726375 0.6686757812499999 0.349048525 0.6621652046875 0.3863047046875 0.6745325375 0.40520548749999996 0.7073749171875 0.42616229375000003 0.7328192296875 0.47926390156250004 0.74553879375 0.5898967609375 0.790275984375 0.6008694218749999 0.8489218187500001 0.5424410984375 0.857148096875 0.5188038921875 0.8581558781249999 0.4610681234375 0.8509966625000001 0.42357333593749996 0.8217652578125 0.36361110937499996 0.7689220796875 0.313428509375 0.6916371890625 0.3205726375
1 0.7117059046875001 0.066128696875 0.685904178125 0.089459121875 0.6545403750000001 0.0957061765625 0.6393902781249999 0.1243184125 0.6366075125 0.17183143125 0.65092594375 0.24682100468749998 0.6744767109375001 0.2964923046875 0.69566140625 0.3138483671875 0.7346586765625001 0.3179263234375 0.7621761046875 0.308214871875 0.7792790296875001 0.2796367234375 0.7640713781249999 0.255590478125 0.7530065078125 0.2180275171875 0.7417672468750001 0.0785438171875 0.7263224703125 0.068082459375 0.7117059046875001 0.066128696875