1 0.173828125 0.6606657609375 0.150390625 0.6097146734375001 0.1142578125 0.5842391296875 0.0927734375 0.591032609375 0.0400390625 0.6351902171875 0.017578125 0.6878396734375001 0.013671875 0.7455842390625 0.0234375 0.8033288046875 0.0537109375 0.8661684781250001 0.0810546875 0.8933423906250001 0.1171875 0.8950407609375001 0.1455078125 0.87296195625 0.1640625 0.8372961953125 0.18359375 0.7116168484375 0.173828125 0.6606657609375
1 0.2900390625 0.540081521875 0.2216796875 0.489130434375 0.1904296875 0.4925271734375 0.162109375 0.5349864125 0.150390625 0.5757472828125 0.150390625 0.6097146734375001 0.173828125 0.657269021875 0.1884765625 0.723505434375 0.2197265625 0.6929347828125 0.2548828125 0.6861413046875 0.30859375 0.7252038046875 0.3203125 0.6674592390625 0.318359375 0.6165081515625 0.30859375 0.5689538046875 0.2900390625 0.540081521875
1 0 0.708220109375 0.01171875 0.72860054375 0.021484375 0.670855978125 0.0419921875 0.631793478125 0.0908203125 0.591032609375 0.115234375 0.5825407609375 0.1005859375 0.5570652171875 0.0673828125 0.5366847828125 0.0322265625 0.540081521875 0.0048828125 0.56046195625 0 0.5689538046875 0 0.708220109375
1 0.314453125 0.75577445625 0.2958984375 0.71671195625 0.2685546875 0.6929347828125 0.2314453125 0.68953804375 0.2060546875 0.703125 0.18359375 0.7387907609375 0.17578125 0.7659646734375001 0.171875 0.8203125 0.1796875 0.8610733703125 0.2041015625 0.9069293484375001 0.2333984375 0.9341032609375001 0.2509765625 0.9442934781250001 0.279296875 0.9425951093749999 0.2958984375 0.9341032609375001 0.322265625 0.88485054375 0.326171875 0.8237092390624999 0.314453125 0.75577445625
0 0.349609375 0.5961277171875 0.3369140625 0.5706521734375001 0.314453125 0.5553668484375 0.3125 0.541779890625 0.322265625 0.528192934375 0.3115234375 0.5061141296875 0.3017578125 0.502717390625 0.2900390625 0.5095108703125 0.283203125 0.5315896734375001 0.314453125 0.5825407609375 0.3203125 0.67764945625 0.3125 0.735394021875 0.326171875 0.7931385875 0.328125 0.8644701093749999 0.349609375 0.8746603265624999 0.36328125 0.8610733703125 0.373046875 0.80672554375 0.36328125 0.67764945625 0.349609375 0.5961277171875
0 0.392578125 0.5689538046875 0.3935546875 0.5434782609375 0.3681640625 0.5434782609375 0.35546875 0.592730978125 0.35546875 0.630095109375 0.369140625 0.748980978125 0.3837890625 0.79483695625 0.40234375 0.7965353265624999 0.416015625 0.7727581515625 0.419921875 0.748980978125 0.41015625 0.592730978125 0.392578125 0.5689538046875
0 0.474609375 0.5587635875 0.4599609375 0.5366847828125 0.4443359375 0.5366847828125 0.427734375 0.551970109375 0.43359375 0.592730978125 0.421875 0.6029211953125 0.42578125 0.7014266296875 0.40625 0.8372961953125 0.4404296875 0.8322010875 0.458984375 0.8440896734375001 0.482421875 0.762567934375 0.490234375 0.6810461953125 0.48828125 0.6165081515625 0.474609375 0.5587635875
0 0.54296875 0.565557065625 0.5244140625 0.526494565625 0.5009765625 0.5298913046875 0.486328125 0.5587635875 0.490234375 0.619904890625 0.51171875 0.698029890625 0.5302734375 0.7302989125 0.541015625 0.735394021875 0.55859375 0.7116168484375 0.55859375 0.6640625 0.548828125 0.643682065625 0.54296875 0.565557065625
0 0.5537109375 0.56046195625 0.546875 0.579144021875 0.55078125 0.630095109375 0.5607188062499999 0.667040921875 0.5595352671875 0.7150636609375 0.54178305625 0.7383889328125 0.5342876890625 0.8001324078125001 0.5480949734375 0.833748309375 0.567819690625 0.82894608125 0.5784710171875 0.7994463859375001 0.603515625 0.6029211953125 0.58984375 0.5689538046875 0.5791015625 0.553668478125 0.5537109375 0.56046195625
2 0.765625 0.4025135875 0.7392578125 0.3600543484375 0.7060546875 0.3396739125 0.6806640625 0.3396739125 0.6416015625 0.36684782656250003 0.62890625 0.385529890625 0.623046875 0.41270380468749995 0.625 0.43308423906250004 0.634765625 0.4398777171875 0.619140625 0.4704483703125 0.62109375 0.49082880468749995 0.63671875 0.5247961953125 0.62109375 0.5315896734375001 0.626953125 0.5689538046875 0.6884765625 0.5740489125 0.73828125 0.6266983703125 0.7578125 0.606317934375 0.775390625 0.5451766296875 0.77734375 0.44667119531250005 0.765625 0.4025135875
2 0.71484375 0.280230978125 0.6884765625 0.24796195625 0.677734375 0.253057065625 0.685546875 0.2734375 0.6806640625 0.2853260875 0.6142578125 0.227581521875 0.5830078125 0.241168478125 0.576171875 0.2564538046875 0.583984375 0.2700407609375 0.59765625 0.3413722828125 0.6123046875 0.35326087031250003 0.615234375 0.3345788046875 0.6240234375 0.332880434375 0.630859375 0.344769021875 0.62890625 0.37533967343749997 0.634765625 0.37533967343749997 0.6767578125 0.3396739125 0.7119140625 0.3396739125 0.72265625 0.317595109375 0.71484375 0.280230978125
2 0.860928365625 0.61421595625 0.882625503125 0.63685520625 0.8995887453125 0.634797140625 0.9102400718749999 0.5792280109375 0.93903809375 0.48935695937499996 0.945350009375 0.44407838593750004 0.902744703125 0.35626547343750004 0.855800075 0.349405065625 0.82069005 0.3789047234375 0.7942589328125 0.42692742343749995 0.774534303125 0.5030777750000001 0.78755261875 0.61009975 0.8250294609375001 0.6073556625000001 0.860928365625 0.61421595625
2 0.8226624703125 0.37410245625 0.8293688703125 0.35283525 0.8368642390625001 0.3061846328125 0.8581668921875 0.31235898125 0.8834144703125 0.350091125 0.9066896296875001 0.36724212500000003 0.927203315625 0.3850790703125 0.9137905140625 0.3041265296875 0.8810475671875 0.2636502578125 0.8412037359375001 0.26159211718750003 0.833313796875 0.2876615890625 0.806882765625 0.31647522499999997 0.788736071875 0.3034404703125 0.7709838609374999 0.3336261875 0.759543565625 0.38576516875 0.7729562796875 0.4234972390625 0.7950479875 0.42281125468749997 0.8226624703125 0.37410245625
2 0.7536261343749999 0.291091775 0.76743341875 0.32950994218749996 0.7772957765624999 0.31647522499999997 0.8045157749999999 0.28560348593749996 0.8128001984375001 0.2629641984375 0.8498825562500001 0.2416970296875 0.8341028515625 0.19230225 0.806882765625 0.1497678375 0.7658553953125 0.13741914375 0.758360028125 0.1580002875 0.729167521875 0.16280259218749998 0.7275895875 0.1977905375 0.6976080265625 0.2094532125 0.68214618125 0.22785600781249998 0.7031310625 0.2485574 0.7212776703125 0.2965801 0.7536261343749999 0.291091775
2 0.5926727859375001 0.23209246249999999 0.650268828125 0.22111584843749998 0.66881000625 0.197104515625 0.674727525 0.17377920625 0.681828409375 0.15182594062500002 0.7169382609375 0.14153538593749998 0.7196996484375 0.1271285703125 0.6912961109375 0.0797919109375 0.645534934375 0.052350356249999994 0.6179204515625 0.060582826562500004 0.5934617531249999 0.0797919109375 0.5650582156249999 0.1079195046875 0.5540124921875 0.1593723703125 0.5551958578125 0.1607444890625 0.5690031421875 0.243755171875 0.5926727859375001 0.23209246249999999