1 0.359375 0.7387907609375 0.341796875 0.6946331515625 0.3037109375 0.6419836953125 0.2802734375 0.631793478125 0.2431640625 0.6419836953125 0.224609375 0.6640625 0.203125 0.721807065625 0.1953125 0.7693614125 0.19921875 0.8135190218749999 0.212890625 0.8542798906250001 0.2353515625 0.8865489125 0.2744140625 0.9103260875 0.302734375 0.9086277171875 0.3251953125 0.8967391296875 0.357421875 0.840692934375 0.365234375 0.8101222828125 0.359375 0.7387907609375
1 0.525390625 0.7048233703125 0.517578125 0.6640625 0.4892578125 0.604619565625 0.4736328125 0.5876358703125 0.4462890625 0.5842391296875 0.3798828125 0.6351902171875 0.359375 0.684442934375 0.357421875 0.7319972828125 0.3671875 0.799932065625 0.3955078125 0.859375 0.4326171875 0.8933423906250001 0.46484375 0.8916440218749999 0.4912109375 0.8695652171875 0.51171875 0.8271059781250001 0.525390625 0.748980978125 0.525390625 0.7048233703125
1 0.4248046875 0.546875 0.3994140625 0.53328804375 0.3623046875 0.5366847828125 0.3271484375 0.567255434375 0.3125 0.5961277171875 0.302734375 0.6402853265624999 0.35546875 0.7150135875 0.36328125 0.6674592390625 0.3818359375 0.631793478125 0.447265625 0.579144021875 0.4248046875 0.546875
1 0.6435546875 0.7133152171875 0.65234375 0.6878396734375001 0.654296875 0.6334918484375 0.640625 0.565557065625 0.5966796875 0.512907609375 0.5537109375 0.48573369531250005 0.5283203125 0.489130434375 0.5087890625 0.5061141296875 0.490234375 0.5383831515625 0.48046875 0.5893342390625 0.513671875 0.65047554375 0.52734375 0.7252038046875 0.533203125 0.72860054375 0.5517578125 0.703125 0.5810546875 0.6861413046875 0.6103515625 0.6861413046875 0.6435546875 0.7133152171875
1 0.666015625 0.762567934375 0.6435546875 0.7133152171875 0.6259765625 0.696331521875 0.6044921875 0.6861413046875 0.5615234375 0.696331521875 0.5419921875 0.71671195625 0.5234375 0.762567934375 0.5234375 0.8508831515624999 0.5595703125 0.9137228265624999 0.5947265625 0.9408967390624999 0.623046875 0.9425951093749999 0.6494140625 0.9273097828125 0.669921875 0.88485054375 0.673828125 0.799932065625 0.666015625 0.762567934375
0 0.7109375 0.5689538046875 0.7099609375 0.540081521875 0.6826171875 0.540081521875 0.671875 0.6097146734375001 0.708984375 0.786345109375 0.73046875 0.7965353265624999 0.74609375 0.7727581515625 0.75 0.7319972828125 0.7265625 0.592730978125 0.7109375 0.5689538046875
0 0.8125 0.7455842390625 0.8125 0.670855978125 0.802734375 0.59952445625 0.7822265625 0.5434782609375 0.7548828125 0.53328804375 0.740234375 0.5485733703125 0.751953125 0.592730978125 0.736328125 0.59952445625 0.751953125 0.72860054375 0.74609375 0.7965353265624999 0.74609375 0.840692934375 0.751953125 0.8440896734375001 0.7705078125 0.8288043484375001 0.7958984375 0.838994565625 0.8046875 0.8135190218749999 0.8125 0.7455842390625
0 0.8134765625 0.5298913046875 0.798828125 0.5553668484375 0.80859375 0.6233016296875 0.8447265625 0.709918478125 0.8681640625 0.7336956515625 0.87890625 0.7319972828125 0.892578125 0.7150135875 0.8828125 0.643682065625 0.8447265625 0.53328804375 0.8134765625 0.5298913046875
0 0.66796875 0.592730978125 0.6552734375 0.567255434375 0.6416015625 0.56046195625 0.654296875 0.6266983703125 0.6484375 0.7184103265624999 0.673828125 0.7965353265624999 0.673828125 0.8712635875 0.689453125 0.8746603265624999 0.705078125 0.8542798906250001 0.7109375 0.8305027171875 0.703125 0.7523777171875 0.66796875 0.592730978125
0 0.9025077015624999 0.6612773234375 0.8938288812499999 0.6516727140625 0.8965903546874999 0.6290334640624999 0.9056636593749999 0.622173171875 0.919076459375 0.6352078125 0.914342565625 0.5926734015624999 0.90329666875 0.574150359375 0.8894894703125 0.5563134125 0.8737096796875001 0.5597435984375 0.8662143125 0.5864990546875 0.8827831578125 0.63246365 0.89453125 0.708220109375 0.8887004171875 0.726450984375 0.8671875 0.7387907609375 0.8671875 0.7931385875 0.8759765625 0.8186141296875 0.900390625 0.8271059781250001 0.908203125 0.8169157609375001 0.91796875 0.7591711953125 0.91796875 0.6674592390625 0.9025077015624999 0.6612773234375
2 0.9560546875 0.3634510875 0.94140625 0.385529890625 0.939453125 0.436480978125 0.931640625 0.4670516296875 0.931640625 0.5689538046875 0.9365234375 0.5876358703125 0.9453125 0.5893342390625 0.9716796875 0.5706521734375001 1 0.5689538046875 0.9990234375 0.3430706515625 0.9560546875 0.3634510875
2 0.9931640625 0.2853260875 0.9912109375 0.305706521875 0.9775390625 0.278532609375 0.9462890625 0.2649456515625 0.9150390625 0.2309782609375 0.9013671875 0.227581521875 0.8818359375 0.241168478125 0.875 0.2564538046875 0.888671875 0.2734375 0.892578125 0.3040081515625 0.91015625 0.344769021875 0.9228515625 0.356657609375 0.9345703125 0.332880434375 0.9453125 0.37533967343749997 0.9794921875 0.346467390625 0.9970703125 0.3430706515625 1 0.293817934375 0.9931640625 0.2853260875
2 0.8606913625000001 0.23181715 0.8666087953125 0.253770378125 0.8768656375000001 0.2496541328125 0.9021132171874999 0.2249567421875 0.9281497640625 0.22015447500000002 0.9577368390625001 0.22015447500000002 0.9640487562500001 0.211922025 0.9648377234375 0.18173630937500002 0.9699661015625001 0.1501785484375 0.9960027359374999 0.156352896875 0.9889018515625001 0.114504525 0.971149640625 0.0795165625 0.9447185234375001 0.0671678671875 0.9115810921874999 0.0541331296875 0.891461890625 0.063051640625 0.8705537218750001 0.0733422140625 0.8500400375 0.0918652578125 0.837810775 0.11724868749999999 0.829873453125 0.14633426875 0.8476731328125 0.18379445156250002 0.8717372609374999 0.20506162031250003 0.8606913625000001 0.23181715