1 0.248046875 0.7693614125 0.240234375 0.72860054375 0.2080078125 0.6623641296875 0.1787109375 0.6351902171875 0.1455078125 0.631793478125 0.1181640625 0.6487771734375001 0.099609375 0.6810461953125 0.080078125 0.75577445625 0.080078125 0.7965353265624999 0.09375 0.8474864125 0.1162109375 0.8831521734375001 0.1357421875 0.9001358703125 0.171875 0.9086277171875 0.1962890625 0.9035326093749999 0.228515625 0.8644701093749999 0.24609375 0.8203125 0.248046875 0.7693614125
1 0.333984375 0.57235054375 0.3115234375 0.5434782609375 0.2802734375 0.5298913046875 0.2412109375 0.540081521875 0.2197265625 0.56046195625 0.203125 0.5893342390625 0.189453125 0.6368885875 0.240234375 0.7184103265624999 0.24609375 0.6742527171875 0.2626953125 0.6351902171875 0.3349609375 0.580842390625 0.333984375 0.57235054375
1 0.41015625 0.698029890625 0.400390625 0.6538722828125 0.3720703125 0.5978260875 0.3330078125 0.580842390625 0.2666015625 0.631793478125 0.24609375 0.67764945625 0.2421875 0.735394021875 0.255859375 0.8101222828125 0.2861328125 0.8661684781250001 0.3134765625 0.8899456515624999 0.341796875 0.8916440218749999 0.3681640625 0.8763586953125 0.39453125 0.8305027171875 0.41015625 0.7455842390625 0.41015625 0.698029890625
1 0.5322265625 0.7133152171875 0.541015625 0.6810461953125 0.54296875 0.6402853265624999 0.529296875 0.5621603265624999 0.4873046875 0.512907609375 0.4462890625 0.48573369531250005 0.4169921875 0.48573369531250005 0.3935546875 0.5095108703125 0.375 0.5485733703125 0.369140625 0.5825407609375 0.400390625 0.65047554375 0.412109375 0.7184103265624999 0.41796875 0.721807065625 0.4482421875 0.68953804375 0.4697265625 0.682744565625 0.4990234375 0.6861413046875 0.5322265625 0.7133152171875
1 0.548828125 0.7591711953125 0.5283203125 0.7133152171875 0.5029296875 0.68953804375 0.4619140625 0.6861413046875 0.4365234375 0.6997282609375 0.416015625 0.7319972828125 0.404296875 0.7727581515625 0.404296875 0.83389945625 0.41015625 0.8576766296875 0.4482421875 0.917119565625 0.4833984375 0.9408967390624999 0.51171875 0.9391983703125 0.5322265625 0.92391304375 0.5546875 0.878057065625 0.55859375 0.8237092390624999 0.548828125 0.7591711953125
0 0.5498046875 0.567255434375 0.5341796875 0.56046195625 0.54296875 0.6233016296875 0.53515625 0.7184103265624999 0.552734375 0.7693614125 0.55859375 0.8135190218749999 0.556640625 0.8644701093749999 0.578125 0.8712635875 0.595703125 0.840692934375 0.595703125 0.7795516296875 0.5625 0.5961277171875 0.5498046875 0.567255434375
0 0.6025390625 0.540081521875 0.5771484375 0.540081521875 0.572265625 0.565557065625 0.56640625 0.6131114125 0.591796875 0.75577445625 0.6044921875 0.7914402171875 0.623046875 0.7931385875 0.638671875 0.7591711953125 0.623046875 0.606317934375 0.6105037375 0.5775806203125 0.6025390625 0.540081521875
0 0.701171875 0.7591711953125 0.701171875 0.6233016296875 0.689453125 0.5689538046875 0.6708984375 0.53328804375 0.6435546875 0.53328804375 0.63671875 0.5451766296875 0.646484375 0.5859375 0.6328125 0.59952445625 0.640625 0.6810461953125 0.640625 0.75577445625 0.6328125 0.8033288046875 0.63671875 0.840692934375 0.6552734375 0.8254076093749999 0.6826171875 0.838994565625 0.69140625 0.8203125 0.701171875 0.7591711953125
0 0.7373046875 0.526494565625 0.7060546875 0.5298913046875 0.6953125 0.5451766296875 0.693359375 0.5689538046875 0.70703125 0.6334918484375 0.7412109375 0.7133152171875 0.7568359375 0.7302989125 0.767578125 0.72860054375 0.78125 0.708220109375 0.78125 0.67764945625 0.74609375 0.541779890625 0.7373046875 0.526494565625
0 0.8128789390625 0.6352078125 0.8089340999999999 0.5878711734375 0.7982827734375 0.5652319234375 0.7773745171875001 0.5508250875 0.7604112749999999 0.5638598046875 0.7805305625 0.6626493671875 0.78125 0.7116168484375 0.759765625 0.735394021875 0.755859375 0.7897418484375 0.76171875 0.8135190218749999 0.7724609375 0.8254076093749999 0.7890625 0.8237092390624999 0.806640625 0.7693614125 0.80859375 0.6878396734375001 0.79473233125 0.635893834375 0.8128789390625 0.6352078125
2 0.970703125 0.395720109375 0.9443359375 0.356657609375 0.9052734375 0.33627717343749997 0.8837890625 0.3396739125 0.8466796875 0.36684782656250003 0.83203125 0.409307065625 0.830078125 0.57235054375 0.8408203125 0.580842390625 0.8603515625 0.567255434375 0.8955078125 0.567255434375 0.951171875 0.6165081515625 0.962890625 0.606317934375 0.98046875 0.551970109375 0.984375 0.4568614125 0.970703125 0.395720109375
2 0.9140625 0.28702445625 0.8974609375 0.2615489125 0.8857421875 0.2649456515625 0.8837890625 0.2819293484375 0.8466796875 0.2615489125 0.8115234375 0.2241847828125 0.7802734375 0.241168478125 0.775390625 0.253057065625 0.787109375 0.266644021875 0.791015625 0.3006114125 0.8046875 0.33797554375 0.8193359375 0.35326087031250003 0.82421875 0.331182065625 0.8310546875 0.3294836953125 0.83984375 0.3481657609375 0.8359375 0.371942934375 0.841796875 0.371942934375 0.8876953125 0.33627717343749997 0.9169921875 0.33627717343749997 0.921875 0.3209918484375 0.9140625 0.28702445625
2 0.7706681171875001 0.24553788906250001 0.7919707703125 0.2256428015625 0.8270807078125 0.21466615 0.8546952765625001 0.21878239375000003 0.8649520328125 0.197515190625 0.866135571875 0.1426321203125 0.8854657171874999 0.14949248906249998 0.9036124125 0.1440042015625 0.8854657171874999 0.0870629921875 0.870869465625 0.0733422140625 0.840888078125 0.05619125312499999 0.8116954875 0.053447109375 0.77185156875 0.0712841109375 0.7529159062499999 0.09803960625 0.7414756984374999 0.13988795625 0.743935953125 0.1747433609375 0.77185156875 0.2057476765625 0.7647506843749999 0.2331891921875 0.7706681171875001 0.24553788906250001
2 0.8949335921875001 0.20917789999999997 0.8834933843749999 0.23113108906250002 0.8969060125 0.255142459375 0.9170252124999999 0.277781709375 0.9268875718749999 0.31757195625 0.9367500171875 0.3429553703125 0.9588415515625 0.35804822812500003 0.9702818453125 0.3120836296875 0.9982908984375 0.28944441875 0.9996177718749999 0.15127498125 0.980144203125 0.137829853125 0.947795740625 0.136457771875 0.92175910625 0.1666434515625 0.8949335921875001 0.20917789999999997
2 0.9726488359375001 0.3189440375 0.9612085406249999 0.36216447343749997 0.9738322875 0.40401282656250004 0.9876395718750001 0.43900076875 1 0.41773360000000004 0.9998688343750001 0.297676834375 0.9726488359375001 0.3189440375