1 0.265625 0.6470788046875 0.2431640625 0.604619565625 0.2255859375 0.5876358703125 0.2001953125 0.5842391296875 0.1318359375 0.63858695625 0.11328125 0.684442934375 0.109375 0.7319972828125 0.119140625 0.799932065625 0.1533203125 0.8695652171875 0.1806640625 0.8933423906250001 0.208984375 0.8950407609375001 0.2353515625 0.879755434375 0.26171875 0.83389945625 0.279296875 0.7150135875 0.265625 0.6470788046875
1 0 0.9018342390624999 0.04296875 0.91202445625 0.0712890625 0.9001358703125 0.1015625 0.8542798906250001 0.11328125 0.8169157609375001 0.11328125 0.762567934375 0.103515625 0.721807065625 0.0673828125 0.6555706515625 0.0361328125 0.6351902171875 0.0126953125 0.6351902171875 0 0.643682065625 0 0.9018342390624999
1 0.41796875 0.776154890625 0.40234375 0.72860054375 0.3837890625 0.703125 0.3525390625 0.6861413046875 0.3154296875 0.6929347828125 0.2939453125 0.7133152171875 0.27734375 0.7455842390625 0.26953125 0.8033288046875 0.2734375 0.8474864125 0.3115234375 0.917119565625 0.3427734375 0.9408967390624999 0.375 0.9425951093749999 0.3935546875 0.9341032609375001 0.419921875 0.8814538046875 0.423828125 0.8135190218749999 0.41796875 0.776154890625
1 0.4140625 0.657269021875 0.404296875 0.57235054375 0.3779296875 0.53328804375 0.3193359375 0.489130434375 0.2939453125 0.48573369531250005 0.2763671875 0.49932065156250005 0.25 0.5451766296875 0.2421875 0.59952445625 0.267578125 0.65047554375 0.28125 0.721807065625 0.287109375 0.721807065625 0.3310546875 0.6861413046875 0.3662109375 0.68953804375 0.4013671875 0.7201086953125 0.4140625 0.657269021875
1 0.1748046875 0.540081521875 0.1513671875 0.53328804375 0.1201171875 0.540081521875 0.0869140625 0.5706521734375001 0.068359375 0.6131114125 0.0625 0.6470788046875 0.109375 0.7252038046875 0.115234375 0.6742527171875 0.1337890625 0.6351902171875 0.20703125 0.579144021875 0.1748046875 0.540081521875
0 0.6162109375 0.526494565625 0.5849609375 0.5298913046875 0.572265625 0.565557065625 0.578125 0.6131114125 0.60546875 0.7014266296875 0.6259765625 0.7302989125 0.63671875 0.7319972828125 0.650390625 0.7150135875 0.65234375 0.6640625 0.62890625 0.5553668484375 0.6162109375 0.526494565625
0 0.48046875 0.5621603265624999 0.4814453125 0.540081521875 0.4560546875 0.540081521875 0.443359375 0.619904890625 0.46484375 0.7659646734375001 0.4775390625 0.79483695625 0.494140625 0.7965353265624999 0.5078125 0.776154890625 0.513671875 0.7421875 0.5 0.6029211953125 0.48046875 0.5621603265624999
0 0.435546875 0.5825407609375 0.4052734375 0.5570652171875 0.40234375 0.541779890625 0.41015625 0.5315896734375001 0.408203125 0.5180027171875 0.3876953125 0.49932065156250005 0.373046875 0.5247961953125 0.40234375 0.565557065625 0.41015625 0.592730978125 0.4140625 0.6674592390625 0.404296875 0.72860054375 0.419921875 0.7795516296875 0.423828125 0.8610733703125 0.4345703125 0.8763586953125 0.4453125 0.8746603265624999 0.458984375 0.8610733703125 0.466796875 0.83389945625 0.455078125 0.6810461953125 0.435546875 0.5825407609375
0 0.5439453125 0.53328804375 0.5224609375 0.5366847828125 0.513671875 0.551970109375 0.521484375 0.592730978125 0.51171875 0.6029211953125 0.515625 0.72860054375 0.501953125 0.8372961953125 0.5302734375 0.8288043484375001 0.5546875 0.840692934375 0.57421875 0.762567934375 0.580078125 0.6368885875 0.55859375 0.5451766296875 0.5439453125 0.53328804375
0 0.6708984375 0.553668478125 0.6455078125 0.5502717390625 0.63671875 0.5689538046875 0.63671875 0.606317934375 0.65234375 0.657269021875 0.65234375 0.7116168484375 0.6328125 0.735394021875 0.62890625 0.8033288046875 0.6435546875 0.8288043484375001 0.658203125 0.8271059781250001 0.669921875 0.8101222828125 0.685546875 0.7421875 0.69140625 0.5961277171875 0.6708984375 0.553668478125
2 0.8515625 0.3991168484375 0.8271484375 0.3600543484375 0.7939453125 0.3396739125 0.7607421875 0.3430706515625 0.7255859375 0.370244565625 0.7109375 0.409307065625 0.712890625 0.44327445625 0.70703125 0.463654890625 0.7109375 0.5757472828125 0.7373046875 0.567255434375 0.7822265625 0.5740489125 0.83203125 0.6233016296875 0.853515625 0.5859375 0.861328125 0.5553668484375 0.865234375 0.463654890625 0.8515625 0.3991168484375
2 1 0.37533967343749997 0.9716796875 0.35326087031250003 0.9462890625 0.3091032609375 0.9365234375 0.3091032609375 0.92578125 0.3243885875 0.919921875 0.36514945625 0.8828125 0.422894021875 0.869140625 0.46025815156250005 0.865234375 0.5621603265624999 0.8818359375 0.61141304375 0.9365234375 0.61141304375 0.986328125 0.6334918484375 1 0.6097146734375001 1 0.37533967343749997
2 0.9736328125 0.35326087031250003 0.9970703125 0.370244565625 1 0.31419837031250003 0.9794921875 0.27513587031250003 0.9541015625 0.25815217343749997 0.9248046875 0.2615489125 0.8974609375 0.278532609375 0.8896484375 0.29891304375 0.8720703125 0.305706521875 0.85546875 0.32778532656250003 0.8935546875 0.3804347828125 0.8583984375 0.35326087031250003 0.84765625 0.358355978125 0.845703125 0.3787364125 0.861328125 0.43308423906250004 0.87109375 0.4398777171875 0.919921875 0.3617527171875 0.9326171875 0.3125 0.9501953125 0.3125 0.9736328125 0.35326087031250003
2 0.9013671875 0.2955163046875 0.927734375 0.253057065625 0.91796875 0.1987092390625 0.8916015625 0.15625 0.8505859375 0.1290760875 0.7861328125 0.15625 0.7568359375 0.149456521875 0.7607421875 0.1970108703125 0.7822265625 0.1868206515625 0.794921875 0.1919157609375 0.765625 0.23267662968749997 0.796875 0.2734375 0.810546875 0.31419837031250003 0.8046875 0.3345788046875 0.8310546875 0.3600543484375 0.845703125 0.3617527171875 0.85546875 0.344769021875 0.8505859375 0.3294836953125 0.8701171875 0.305706521875 0.9013671875 0.2955163046875
2 0.796875 0.2768342390625 0.76171875 0.23607337031250003 0.7822265625 0.190217390625 0.7587890625 0.20040760937500002 0.7392578125 0.2241847828125 0.7041015625 0.2105978265625 0.7001953125 0.2241847828125 0.662109375 0.24626358750000002 0.66015625 0.2564538046875 0.669921875 0.266644021875 0.685546875 0.3413722828125 0.6982421875 0.35326087031250003 0.7080078125 0.3294836953125 0.7119140625 0.332880434375 0.71875 0.344769021875 0.720703125 0.37533967343749997 0.7568359375 0.3430706515625 0.7998046875 0.3396739125 0.806640625 0.3243885875 0.796875 0.2768342390625
2 0.7548828125 0.149456521875 0.7841796875 0.15625 0.796875 0.1477581515625 0.7890625 0.10699728281250001 0.7626953125 0.06793478281250001 0.7275390625 0.0543478265625 0.6982421875 0.0543478265625 0.6591796875 0.078125 0.638671875 0.1137907609375 0.62890625 0.1681385875 0.62890625 0.18172554375 0.6484375 0.20889945625 0.6484375 0.24626358750000002 0.658203125 0.2496603265625 0.7060546875 0.2105978265625 0.7412109375 0.22078804375 0.755859375 0.202105978125 0.7548828125 0.149456521875