2 0 0.6541340640625 0.0016718140625 0.658257009375 0.00360819375 0.6660035625 0.008533556250000001 0.6694653328125 0.0170495046875 0.671725809375 0.02283961875 0.6752632390625 0.0239865421875 0.69203329375 0.0273329984375 0.71354206875 0.030134128125 0.721364278125 0.039326975 0.7358074046875 0.05562569375 0.7387487875 0.07145438750000001 0.7371027609375 0.081831415625 0.7380106343749999 0.0930731953125 0.7389941624999999 0.105048153125 0.7415572625 0.1186773171875 0.7351725171875 0.1359533421875 0.7169834046875 0.1381528734375 0.7217221234375 0.13433639375 0.6956259390625 0.11980443593750001 0.6625305609375001 0.10760358437499999 0.6326699828125 0.093673228125 0.60265809375 0.0776939390625 0.5861058015625 0.061602093749999996 0.5907596609375 0.054289346875 0.5946661640625 0.0390059765625 0.6099987546875 0.02265098125 0.6176604484375 0 0.6243443015625 0 0.6541340640625
2 0.066811196875 0.7503353921875 0.11773805 0.795707484375 0.1431543171875 0.8039928328125001 0.1589830109375 0.8023468062499999 0.16676578125 0.8030277109374999 0.16967946875 0.78964376875 0.1530232796875 0.760908828125 0.14787202187499998 0.73014958125 0.138077575 0.7126229656249999 0.1253884609375 0.728182525 0.10578132968750001 0.7431368359375 0.0765866234375 0.748159775 0.066811196875 0.7503353921875
2 0 0.8144757015625 0.00009447499999999999 0.8157235734375 0.0061667625 0.8359553999999999 0.010904271875 0.851524165625 0.01611180625 0.8716803343749999 0.0247030515625 0.8830399703125 0.0360201296875 0.8931226578125001 0.047130334375 0.895610103125 0.0614363984375 0.90140800625 0.0774719640625 0.907357221875 0.09390225937499999 0.9087946875 0.11059570468749999 0.9072243171875 0.125221196875 0.8994113109375 0.1475541625 0.8831800515625 0.16201003593750002 0.83746649375 0.16909688750000001 0.8062625125 0.1578551078125 0.805278984375 0.1500723359375 0.80459808125 0.1329841625 0.8106802015625 0.08589202500000001 0.7413967484375 0.07711292656249999 0.742144103125 0.058219951562500004 0.7389757546875 0.048444525 0.7411513734375 0.0383496671875 0.7569378999999999 0.01315929375 0.775950028125 0.0028575640625 0.7841413140625 0 0.8008659671875 0 0.8144757015625
2 0 0.779030603125 0.004774921875 0.772185634375 0.0230472765625 0.7525682578125 0.040661753125 0.74047046875 0.052298260937499993 0.7369422453125 0.055287243750000006 0.7326574625 0.04509806875 0.719642596875 0.040567434375 0.711669075 0.030979859375000002 0.7017377 0.0120678640625 0.678867115625 0 0.6454449390625 0 0.779030603125
2 0 0.6117493953124999 0.0200332421875 0.61894685625 0.0629651078125 0.5988349078125 0.07948209843750001 0.5781168171875 0.0854458015625 0.5547705734374999 0.10384340781250001 0.3893041640625 0.0922325625 0.376354346875 0.07742853281249999 0.3886980203125 0.0457053578125 0.3927420296875 0.009392596875 0.370811646875 0 0.4781695234375 0 0.6117493953124999
1 0.8459121 0.31101876875 0.8569513687500001 0.274477725 0.8583888 0.21322862968749998 0.85132474375 0.181923178125 0.8304081046875 0.140881496875 0.8049446781249999 0.11819545000000001 0.7652059984374999 0.113013909375 0.7417943734375 0.12289965781250001 0.705101740625 0.1725400375 0.6946545609375 0.20231345312500001 0.693682596875 0.2806518421875 0.7106445375 0.3332815328125 0.731857221875 0.37093940000000003 0.7615080796875 0.39058208437499997 0.7951769468750001 0.3867083 0.8242562296875 0.3568601234375 0.8459121 0.31101876875
1 0.6793868296875 0.3544148359375 0.6935559734375001 0.3045087625 0.6855181875 0.19469469687500002 0.6527579718750001 0.132158553125 0.6142034749999999 0.11344175625 0.5785256015625 0.129073775 0.5549873515625 0.16281644374999998 0.5272411546875 0.2558609609375 0.5247461671875 0.306788390625 0.5309220875 0.3482452828125 0.557845225 0.4102707484375 0.57252263125 0.4217839984375 0.5958709453125001 0.4238267109375 0.6539028859375 0.387987278125 0.6793868296875 0.3544148359375
1 0.5400139 0.1546870078125 0.531828975 0.12498835 0.5026007875 0.07810493125 0.47519166718749994 0.055248659374999995 0.4490728375 0.051258700000000004 0.42790295 0.057930860937499995 0.3976394859375 0.101314290625 0.38558545624999996 0.171863696875 0.38922359218749997 0.219917990625 0.40506466406249997 0.2741544734375 0.4338273859375 0.3039485984375 0.488898875 0.3019473015625 0.5014611671875 0.2928172171875 0.5326127671875 0.239282346875 0.5400139 0.1546870078125
1 0.4958380703125 0.513956678125 0.5229083484375 0.4958667359375 0.5442048609375 0.4653376546875 0.558077959375 0.4188153953125 0.5306260421875 0.3516290953125 0.51992385 0.27226935 0.4992194296875 0.2960308046875 0.4685538109375 0.31039648125 0.43936841875 0.3078430890625 0.4067143125 0.2777085125 0.395442309375 0.30570491093749996 0.38935198125000003 0.35290807343749997 0.3951052328125 0.4216057 0.416317915625 0.45926356718749994 0.46140769062500003 0.50412498125 0.4958380703125 0.513956678125
1 0.7128229640625 0.34199640468750003 0.6941480640625 0.2977411359375 0.68416635 0.34460384843749997 0.6645194859375 0.37868696874999996 0.5905626453124999 0.428476865625 0.61012568125 0.46258069375 0.6322898140625 0.47815866093750004 0.6634208984375001 0.4808822765625 0.706944853125 0.454002703125 0.7262956734375 0.423303396875 0.7398727265625 0.38016495 0.7128229640625 0.34199640468750003
0 0.40111173125 0.442589484375 0.3915526875 0.4622114625 0.402275396875 0.4853127203125 0.4214362796875 0.49039879375 0.4312280546875 0.4793214640625 0.40111173125 0.442589484375
0 0.39032218125 0.11772267968750001 0.37699837812500003 0.11314728437499999 0.352635303125 0.145112934375 0.3489561359375 0.2095756171875 0.3675266921875 0.378276321875 0.37294109999999997 0.40602773281250004 0.3914465796875 0.42980989531249997 0.3951052328125 0.4216057 0.3884638453125 0.36305951406250003 0.40394379531249996 0.2757612671875 0.38545883124999997 0.1957206171875 0.39032218125 0.11772267968750001
0 0.32738409375 0.18723002187499999 0.31228401875 0.20295750781250002 0.300948703125 0.242882365625 0.311271021875 0.39381287187499997 0.324764246875 0.418861375 0.323516753125 0.44432509062500003 0.350756453125 0.4467082546875 0.3675266921875 0.378276321875 0.34925218125 0.206191803125 0.3382334265625 0.186474359375 0.32738409375 0.18723002187499999
0 0.2856809703125 0.39498374687500004 0.3004850015625 0.3826400765625 0.2988763859375 0.266569059375 0.3155405171875 0.165735559375 0.31207180156250003 0.1381543734375 0.292255515625 0.151764384375 0.265903953125 0.1392297796875 0.242112453125 0.220686290625 0.2330616734375 0.3017275890625 0.23416202656250001 0.3563792828125 0.24905165 0.4326956671875 0.26066249375 0.44564548281249994 0.2820651140625 0.44751796875 0.2938025828125 0.4366108671875 0.2856809703125 0.39498374687500004
0 0.182790221875 0.23765940937500002 0.1738865828125 0.2385852984375 0.15878650625 0.25431278281249997 0.155826053125 0.28815091875 0.1828980953125 0.42690798125 0.190321509375 0.44290115781250006 0.22593607031250001 0.43919759999999997 0.23631993593749998 0.42135264218749996 0.23809620781250002 0.4010497625 0.2207954265625 0.307473859375 0.20406621875000003 0.263388815625 0.182790221875 0.23765940937500002
0 0.1730002109375 0.40558374218750004 0.17507252812500002 0.3818970484375 0.157645121875 0.312178065625 0.1556566328125 0.2676778125 0.166928634375 0.23968141406250001 0.18391109218749999 0.23605261562500002 0.1902974640625 0.1854656375 0.18600392500000001 0.1561074328125 0.17356825625 0.1413805953125 0.16077323125 0.1419660328125 0.15210232343750002 0.1514365703125 0.13793317968750002 0.20134264218750003 0.1284597296875 0.309624675 0.1162567953125 0.3034424859375 0.11454383593749999 0.3118169046875 0.1244417203125 0.3331411421875 0.12313091406250001 0.3705333171875 0.1354399578125 0.409117075 0.160966696875 0.41987466093750003 0.1730002109375 0.40558374218750004